date,open,high,low,volume,price_change,p_change,ma5,ma10,ma20,v_ma5,v_ma10,v_ma20,close
2017-07-25,18.54,18.69,18.09,231163.44,-0.28,-1.52,18.18,18.18,18.18,231163.44,231163.44,231163.44,18.18
2017-07-26,18.2,18.46,18.1,197547.08,0.27,1.49,18.315,18.315,18.315,214355.26,214355.26,214355.26,18.45
2017-07-27,18.45,18.77,18.21,269223.19,0.2,1.08,18.427,18.427,18.427,232644.57,232644.57,232644.57,18.65
2017-07-28,18.64,18.7,18.39,175295.44,-0.17,-0.91,18.44,18.44,18.44,218307.29,218307.29,218307.29,18.48
2017-07-31,18.58,18.65,17.91,244320.0,-0.29,-1.57,18.39,18.39,18.39,223509.83,223509.83,223509.83,18.19
2017-08-01,18.26,18.38,17.99,205018.88,-0.17,-0.94,18.358,18.328,18.328,218280.92,220428.01,220428.01,18.02
2017-08-02,18.03,18.25,17.52,259668.98,-0.4,-2.22,18.192,18.227,18.227,230705.3,226033.86,226033.86,17.62
2017-08-03,17.62,17.88,17.59,107649.33,0.04,0.23,17.994,18.156,18.156,198390.53,211235.79,211235.79,17.66
2017-08-04,17.82,19.42,17.78,858440.5,1.45,8.21,18.12,18.262,18.262,335019.54,283147.43,283147.43,19.11
2017-08-07,19.0,19.0,18.61,402441.12,-0.29,-1.52,18.246,18.318,18.318,366643.76,295076.8,295076.8,18.82
2017-08-08,18.68,19.2,18.43,412212.88,0.16,0.85,18.438,18.398,18.378,408082.56,313181.74,305725.53,18.98
2017-08-09,18.8,18.88,18.7,173671.62,-0.18,-0.95,18.674,18.433,18.413,390883.09,310794.19,294721.04,18.8
2017-08-10,18.86,19.23,18.71,271606.75,-0.05,-0.27,18.892,18.443,18.439,423674.57,311032.55,292943.02,18.75
2017-08-11,18.7,19.28,18.52,417489.59,0.0,0.0,18.82,18.47,18.461,335484.39,335251.97,301839.2,18.75
2017-08-14,18.75,19.05,18.44,266893.62,0.27,1.44,18.86,18.553,18.499,308374.89,337509.33,299509.49,19.02
2017-08-15,18.99,19.28,18.87,287301.03,0.13,0.68,18.894,18.666,18.539,283392.52,345737.54,298746.47,19.15
2017-08-16,19.15,19.96,18.92,450622.16,0.61,3.19,19.086,18.88,18.611,338782.63,364832.86,307680.33,19.76
2017-08-17,19.66,20.3,19.48,458453.09,-0.11,-0.56,19.266,19.079,18.669,376151.9,399913.24,316056.59,19.65
2017-08-18,19.54,19.65,19.11,284985.47,-0.47,-2.39,19.352,19.086,18.696,349651.07,342567.73,314421.27,19.18
2017-08-21,19.21,19.38,18.93,206370.58,-0.07,-0.36,19.37,19.115,18.717,337546.47,322960.68,309018.74,19.11
2017-08-22,19.19,19.31,19.01,153155.23,-0.05,-0.26,19.352,19.123,18.761,310717.31,297054.91,305118.33,19.06
2017-08-23,19.15,19.32,19.04,132628.02,0.04,0.21,19.22,19.153,18.793,247118.48,292950.55,301872.37,19.1
2017-08-24,19.1,19.28,18.82,170217.08,-0.23,-1.2,19.064,19.165,18.804,189471.28,282811.59,296922.07,18.87
2017-08-25,18.82,19.15,18.81,128653.4,0.24,1.27,19.05,19.201,18.836,158204.86,253927.97,294589.97,19.11
2017-08-28,19.13,19.55,19.04,305034.38,0.37,1.94,19.124,19.247,18.9,177937.62,257742.04,297625.69,19.48
2017-08-29,19.31,19.37,19.02,206487.77,-0.42,-2.16,19.124,19.238,18.952,188604.13,249660.72,297699.13,19.06
2017-08-30,19.06,19.19,18.86,186141.28,0.1,0.53,19.136,19.178,19.029,199306.78,223212.63,294022.75,19.16
2017-08-31,19.06,19.28,18.88,131083.06,-0.2,-1.04,19.154,19.109,19.094,191479.98,190475.63,295194.43,18.96
2017-09-01,18.93,18.99,18.68,212932.94,-0.11,-0.58,19.102,19.076,19.081,208335.89,183270.37,262919.05,18.85
2017-09-04,18.98,19.26,18.92,287444.59,0.37,1.96,19.05,19.087,19.101,204817.93,191377.78,257169.23,19.22
2017-09-05,19.18,19.21,18.92,135988.86,-0.29,-1.51,19.024,19.074,19.099,190718.15,189661.14,243358.03,18.93
2017-09-06,18.9,19.23,18.83,193663.59,0.13,0.69,19.004,19.07,19.112,192222.61,195764.7,244357.62,19.06
2017-09-07,19.08,19.11,18.74,181060.69,-0.31,-1.63,18.962,19.058,19.112,202218.13,196849.06,239830.32,18.75
2017-09-08,18.73,18.92,18.5,160875.84,-0.15,-0.8,18.912,19.007,19.104,191806.71,200071.3,226999.63,18.6
2017-09-11,18.65,18.93,18.53,122827.44,0.12,0.65,18.812,18.931,19.089,158883.28,181850.61,219796.33,18.72
2017-09-12,18.69,18.75,18.51,131611.27,-0.18,-0.96,18.734,18.879,19.059,158007.77,174362.96,212011.84,18.54
2017-09-13,18.57,18.7,18.5,84271.02,0.02,0.11,18.634,18.819,18.999,136129.25,164175.93,193694.28,18.56
2017-09-14,18.48,18.63,18.48,96095.17,-0.04,-0.22,18.588,18.775,18.942,119136.15,160677.14,175576.38,18.52
2017-09-15,18.58,18.84,18.53,144843.34,0.18,0.97,18.608,18.76,18.918,115929.65,153868.18,168569.28,18.7
2017-09-18,18.66,18.8,18.6,97419.44,-0.05,-0.27,18.594,18.703,18.895,110848.05,134865.67,163121.72,18.65
2017-09-19,18.65,18.72,18.52,94272.81,-0.09,-0.48,18.598,18.666,18.87,103380.36,130694.06,160177.6,18.56
2017-09-20,18.83,19.15,18.78,283715.91,0.4,2.15,18.678,18.656,18.863,143269.33,139699.29,167731.99,18.96
2017-09-21,18.86,18.95,18.65,148934.77,-0.29,-1.53,18.708,18.648,18.853,153837.25,136486.7,166667.88,18.67
2017-09-22,18.7,18.72,18.4,111024.74,-0.1,-0.54,18.682,18.645,18.826,147073.53,131501.59,165786.45,18.57
2017-09-25,18.64,18.79,18.49,97091.18,-0.08,-0.43,18.65,18.622,18.777,147007.88,128927.97,155389.29,18.49
2017-09-26,18.48,18.7,18.41,89719.77,0.11,0.59,18.658,18.628,18.754,146097.27,124738.82,149550.89,18.6
2017-09-27,18.61,18.88,18.57,139391.88,0.19,1.02,18.624,18.651,18.735,117232.47,130250.9,147213.42,18.79
2017-09-28,18.79,19.24,18.7,336082.56,0.35,1.86,18.718,18.713,18.744,154662.03,154249.64,157463.39,19.14
2017-09-29,19.13,19.43,19.08,239921.23,0.09,0.47,18.85,18.766,18.763,180441.32,163757.43,158812.81,19.23
2017-10-09,19.39,19.44,19.02,222390.7,-0.11,-0.57,18.976,18.813,18.758,205501.23,176254.56,155560.11,19.12
2017-10-10,19.16,19.2,18.98,150522.12,0.02,0.1,19.084,18.871,18.769,217661.7,181879.49,156286.77,19.14
2017-10-11,19.11,19.11,18.92,125567.72,-0.13,-0.68,19.128,18.876,18.766,214896.87,166064.67,152881.98,19.01
2017-10-12,19.02,20.37,18.96,666452.81,0.89,4.68,19.28,18.999,18.824,280970.92,217816.47,177151.59,19.9
2017-10-13,19.85,19.85,19.49,290890.28,-0.16,-0.8,19.382,19.116,18.881,291164.73,235803.03,183652.31,19.74
2017-10-16,19.74,20.9,19.6,660656.38,0.4,2.03,19.586,19.281,18.952,378817.86,292159.55,210543.76,20.14
2017-10-17,20.15,20.65,20.02,275124.28,0.17,0.84,19.82,19.452,19.04,403738.29,310700.0,217719.41,20.31
2017-10-18,20.31,20.53,19.82,279709.53,-0.38,-1.87,20.004,19.566,19.109,434566.66,324731.76,227491.33,19.93
2017-10-19,19.9,19.91,19.26,223833.92,-0.65,-3.26,19.88,19.58,19.147,346042.88,313506.9,233878.27,19.28
2017-10-20,19.28,19.6,19.22,142140.05,0.28,1.45,19.844,19.613,19.19,316292.83,303728.78,233743.1,19.56
2017-10-23,19.6,19.61,19.22,162328.36,-0.23,-1.18,19.682,19.634,19.224,216627.23,297722.55,236988.55,19.33
2017-10-24,19.36,19.41,18.88,198665.95,-0.36,-1.86,19.414,19.617,19.244,201335.56,302536.93,242208.21,18.97
2017-10-25,19.02,19.17,18.95,140685.3,0.13,0.69,19.248,19.626,19.251,173530.72,304048.69,235056.68,19.1
2017-10-26,19.1,19.41,18.9,181256.64,0.25,1.31,19.262,19.571,19.285,165015.26,255529.07,236672.77,19.35
2017-10-27,19.32,19.48,19.06,129700.74,-0.23,-1.19,19.174,19.509,19.313,162527.4,239410.12,237606.57,19.12
2017-10-30,19.07,19.07,18.18,264077.69,-0.92,-4.81,18.948,19.315,19.298,182877.26,199752.25,245955.9,18.2
2017-10-31,18.2,18.39,18.1,135774.83,0.18,0.99,18.83,19.122,19.287,170299.04,185817.3,248258.65,18.38
2017-11-01,18.37,18.45,18.22,120639.12,-0.07,-0.38,18.672,18.96,19.263,166289.8,169910.26,247321.01,18.31
2017-11-02,18.31,18.31,17.88,148654.06,-0.39,-2.13,18.386,18.824,19.202,159769.29,162392.27,237949.59,17.92
2017-11-03,17.92,18.11,17.73,111472.7,-0.08,-0.45,18.13,18.652,19.133,156123.68,159325.54,231527.16,17.84
2017-11-06,17.95,18.37,17.88,141981.86,0.46,2.58,18.15,18.549,19.092,131704.51,157290.89,227506.72,18.3
2017-11-07,18.3,18.48,18.13,128169.27,0.06,0.33,18.146,18.488,19.053,130183.4,150241.22,226389.07,18.36
2017-11-08,18.39,18.93,18.38,215606.8,0.33,1.8,18.222,18.447,19.037,149176.94,157733.37,230891.03,18.69
2017-11-09,18.77,18.88,18.56,151495.95,0.13,0.7,18.402,18.394,18.983,149745.32,154757.3,205143.19,18.82
2017-11-10,18.89,18.91,18.56,129993.88,-0.25,-1.33,18.548,18.339,18.924,153449.55,154786.62,197098.37,18.57
2017-11-13,18.61,18.62,18.22,136348.59,-0.23,-1.24,18.556,18.353,18.834,152322.9,142013.71,170882.98,18.34
2017-11-14,18.34,18.77,18.26,182301.58,0.24,1.31,18.6,18.373,18.748,163149.36,146666.38,166241.84,18.58
2017-11-15,18.5,18.53,18.15,116934.21,-0.43,-2.31,18.492,18.357,18.659,143414.84,146295.89,158103.08,18.15
2017-11-16,18.15,18.26,17.9,129484.45,-0.22,-1.21,18.314,18.358,18.591,139012.54,144378.93,153385.6,17.93
2017-11-17,17.98,18.03,16.98,209440.92,-0.78,-4.35,18.03,18.289,18.471,154901.95,154175.75,156750.65,17.15
2017-11-20,17.17,17.2,16.5,167435.27,-0.1,-0.58,17.772,18.164,18.357,161119.29,156721.09,157005.99,17.05
2017-11-21,17.03,17.19,16.89,113235.82,-0.03,-0.18,17.46,18.03,18.259,147306.13,155227.75,152734.48,17.02
2017-11-22,17.0,17.88,16.98,224987.41,0.57,3.35,17.348,17.92,18.184,168916.77,156165.81,156949.59,17.59
2017-11-23,17.45,17.75,16.99,127280.37,-0.53,-3.01,17.174,17.744,18.069,168475.96,153744.25,154250.78,17.06
2017-11-24,17.02,17.31,16.98,75517.76,0.06,0.35,17.168,17.599,17.969,141691.33,148296.64,151541.63,17.12
2017-11-27,17.09,17.49,16.94,98560.04,-0.09,-0.53,17.164,17.468,17.911,127916.28,144517.78,143265.74,17.03
2017-11-28,17.07,17.26,16.99,63997.21,0.14,0.82,17.194,17.327,17.85,118068.56,132687.35,139676.86,17.17
2017-11-29,17.23,17.45,17.16,112717.61,0.26,1.51,17.162,17.255,17.806,95614.6,132265.69,139280.79,17.43
2017-11-30,17.43,17.68,17.23,84292.85,-0.09,-0.52,17.218,17.196,17.777,87017.09,127746.53,136062.73,17.34
2017-12-01,17.34,17.44,17.19,60582.6,0.05,0.29,17.272,17.22,17.755,84030.06,112860.69,133518.22,17.39
2017-12-04,17.41,17.41,16.72,137220.36,-0.6,-3.45,17.224,17.194,17.679,91762.13,109839.2,133280.15,16.79
2017-12-05,16.85,17.2,16.65,109945.37,-0.09,-0.54,17.13,17.162,17.596,100951.76,109510.16,132368.95,16.7
2017-12-06,16.69,17.08,16.52,102545.3,0.34,2.04,17.052,17.107,17.514,98917.3,97265.95,126715.88,17.04
2017-12-07,17.12,17.9,17.01,300602.16,0.56,3.29,17.104,17.161,17.453,142179.16,114598.13,134171.19,17.6
2017-12-08,17.45,17.54,17.29,140600.36,-0.11,-0.62,17.124,17.198,17.399,158182.71,121106.39,134701.51,17.49
2017-12-11,17.47,17.64,17.34,108711.73,0.07,0.4,17.278,17.251,17.36,152480.98,122121.56,133319.67,17.56
2017-12-12,17.5,17.62,17.25,78115.66,-0.3,-1.71,17.39,17.26,17.294,146115.04,123533.4,128110.37,17.26
2017-12-13,17.24,17.61,17.24,104237.03,0.31,1.8,17.496,17.274,17.265,146453.39,122685.34,127475.51,17.57
2017-12-14,17.48,17.66,17.4,69491.78,-0.05,-0.28,17.48,17.292,17.244,100231.31,121205.24,124475.88,17.52
2017-12-15,17.56,18.05,17.45,191159.94,0.33,1.88,17.552,17.338,17.279,110343.23,134262.97,123561.83,17.85
2017-12-18,17.99,18.25,17.8,148335.86,0.16,0.9,17.642,17.46,17.327,118268.05,135374.52,122606.86,18.01
2017-12-19,18.07,18.21,18.0,137492.03,0.18,1.0,17.828,17.609,17.386,130143.33,138129.19,123819.67,18.19
2017-12-20,18.1,18.19,17.85,117826.42,-0.3,-1.65,17.892,17.694,17.401,132861.21,139657.3,118461.62,17.89
2017-12-21,17.85,18.58,17.61,188644.28,0.34,1.9,18.034,17.757,17.459,156691.71,128461.51,121529.82,18.23
2017-12-22,18.22,18.34,17.96,109305.86,-0.1,-0.55,18.09,17.821,17.51,140320.89,125332.06,123219.22,18.13
2017-12-25,17.85,17.85,16.73,327344.53,-1.2,-6.62,17.874,17.758,17.505,176122.62,147195.34,134658.45,16.93
2017-12-26,16.89,17.08,16.8,98891.79,0.14,0.83,17.65,17.739,17.5,168402.58,149272.95,136403.18,17.07
2017-12-27,17.06,17.23,16.92,98767.97,0.02,0.12,17.49,17.691,17.483,164590.89,148726.05,135705.69,17.09
2017-12-28,17.05,17.08,16.8,132925.78,-0.19,-1.11,17.224,17.629,17.461,153447.19,155069.45,138137.34,16.9
2017-12-29,16.89,16.98,16.8,87307.67,-0.01,-0.06,16.976,17.533,17.436,149047.55,144684.22,139473.59,16.89
2018-01-02,16.89,17.14,16.83,101754.06,0.2,1.18,17.008,17.441,17.451,103929.45,140026.04,137700.28,17.09
2018-01-03,17.05,17.29,17.05,112468.38,0.15,0.88,17.042,17.346,17.478,106644.77,137523.67,137826.43,17.24
2018-01-04,17.2,17.36,17.14,105177.93,-0.01,-0.06,17.07,17.28,17.487,107926.76,136258.83,137958.06,17.23
2018-01-05,17.16,17.26,16.92,152888.88,-0.1,-0.58,17.116,17.17,17.464,111919.38,132683.29,130572.4,17.13
2018-01-08,17.11,17.11,16.93,95047.94,-0.14,-0.82,17.136,17.056,17.439,113467.44,131257.49,128294.78,16.99
2018-01-09,17.0,17.15,16.95,82635.7,0.09,0.53,17.134,17.071,17.415,109643.77,106786.61,126990.97,17.08
2018-01-10,17.12,17.12,16.79,143587.91,-0.16,-0.94,17.07,17.056,17.398,115867.67,111256.22,130264.59,16.92
2018-01-11,16.9,17.13,16.82,113128.23,0.15,0.89,17.038,17.054,17.373,117457.73,112692.25,130709.15,17.07
2018-01-12,17.07,17.12,16.85,102257.84,-0.21,-1.23,16.984,17.05,17.34,107331.52,109625.45,132347.45,16.86
2018-01-15,16.88,16.92,16.15,221349.27,-0.61,-3.62,16.836,16.986,17.26,132591.79,123029.61,133856.92,16.25
2018-01-16,16.23,16.35,15.31,326854.72,-0.58,-3.57,16.554,16.844,17.143,181435.59,145539.68,142782.86,15.67
2018-01-17,15.68,15.7,15.21,187888.28,-0.11,-0.7,16.282,16.676,17.011,190295.67,153081.67,145302.67,15.56
2018-01-18,15.56,15.65,15.45,89136.67,0.06,0.39,15.992,16.515,16.898,185497.36,151477.54,143868.18,15.62
2018-01-19,15.63,16.05,15.63,172006.31,0.07,0.45,15.758,16.371,16.771,199447.05,153389.29,143036.29,15.69
2018-01-22,15.71,15.91,15.53,112521.14,0.07,0.45,15.66,16.248,16.652,177681.42,155136.61,143197.05,15.76
2018-01-23,15.71,16.05,15.71,144648.25,0.18,1.14,15.714,16.134,16.603,141240.13,161337.86,134062.24,15.94
2018-01-24,15.94,16.21,15.86,143802.95,0.19,1.19,15.828,16.055,16.556,132423.06,161359.37,136307.79,16.13
2018-01-25,16.1,16.96,16.05,312606.72,0.47,2.91,16.024,16.008,16.531,177117.07,181307.22,146999.73,16.6
2018-01-26,16.54,16.64,16.31,131373.5,-0.18,-1.08,16.17,15.964,16.507,168990.51,184218.78,146922.12,16.42
2018-01-29,16.42,16.5,16.02,114566.78,-0.19,-1.16,16.264,15.962,16.474,169399.64,173540.53,148285.07,16.23
2018-01-30,16.1,16.34,16.06,68199.87,-0.05,-0.31,16.312,16.013,16.429,154109.96,147675.05,146607.36,16.18
2018-01-31,16.16,16.21,15.7,115055.83,-0.48,-2.97,16.226,16.027,16.352,148360.54,140391.8,146736.74,15.7
2018-02-01,15.7,15.82,15.24,120940.29,-0.25,-1.59,15.996,16.01,16.263,110027.25,143572.16,147524.85,15.45
2018-02-02,15.35,15.77,15.12,97492.0,0.22,1.42,15.846,16.008,16.19,103250.95,136120.73,144755.01,15.67
2018-02-05,15.47,15.64,15.2,64093.63,-0.26,-1.66,15.682,15.973,16.111,93156.32,131277.98,143207.29,15.41
2018-02-06,15.1,15.19,13.87,230903.2,-1.54,-9.99,15.22,15.766,15.95,125696.99,139903.48,150620.67,13.87
2018-02-07,14.12,14.28,12.72,347546.88,-0.73,-5.26,14.708,15.467,15.761,172195.2,160277.87,160818.62,13.14
2018-02-08,12.95,13.56,12.92,170897.31,0.28,2.13,14.302,15.149,15.579,182186.6,146106.93,163707.07,13.42
2018-02-09,13.0,13.27,12.35,182819.36,-0.6,-4.47,13.732,14.789,15.377,199252.08,151251.52,167735.15,12.82
2018-02-12,12.96,13.15,12.91,93275.77,0.21,1.64,13.256,14.469,15.216,205088.5,149122.41,161331.47,13.03
2018-02-13,13.13,13.63,13.12,144292.44,0.25,1.92,13.138,14.179,15.096,187766.35,156731.67,152203.36,13.28
2018-02-14,13.25,13.35,13.12,66334.57,-0.03,-0.23,13.16,13.934,14.981,131523.89,151859.55,146125.67,13.25
2018-02-22,13.53,13.54,13.33,80082.78,0.17,1.28,13.16,13.731,14.871,113360.98,147773.79,145672.98,13.42
2018-02-23,13.4,13.87,13.3,104199.04,0.12,0.89,13.304,13.518,14.763,97636.92,148444.5,142282.62,13.54
2018-02-26,13.59,14.23,13.55,167754.75,0.52,3.84,13.51,13.383,14.678,112532.72,158810.61,145044.3,14.06
2018-02-27,14.11,15.18,13.99,353579.31,0.72,5.12,13.81,13.474,14.62,154390.09,171078.22,155490.85,14.78
2018-02-28,14.58,15.37,14.43,314221.81,0.01,0.07,14.118,13.639,14.553,203967.54,167745.71,164011.79,14.79
2018-03-01,14.69,15.25,14.51,194257.86,0.28,1.89,14.448,13.804,14.477,226802.55,170081.77,158094.35,15.07
2018-03-02,14.97,15.41,14.87,182395.84,0.14,0.93,14.782,14.043,14.416,242441.91,170039.42,160645.47,15.21
2018-03-05,15.56,15.68,15.16,206319.52,0.06,0.39,15.024,14.267,14.368,250154.87,181343.79,165233.1,15.27
2018-03-06,15.25,16.05,15.03,290035.19,0.43,2.82,15.208,14.509,14.344,237446.04,195918.07,176324.87,15.7
2018-03-07,15.7,15.78,15.41,125197.28,-0.23,-1.47,15.344,14.731,14.333,199641.14,201804.34,176831.94,15.47
2018-03-08,15.35,15.62,15.28,91213.12,-0.04,-0.26,15.416,14.932,14.332,179032.19,202917.37,175345.58,15.43
2018-03-09,15.43,15.95,15.32,196621.09,0.2,1.3,15.5,15.141,14.33,181877.24,212159.58,180302.04,15.63
2018-03-12,15.72,15.94,15.64,209897.19,0.04,0.26,15.58,15.302,14.343,182592.77,216373.82,187592.22,15.67
2018-03-13,15.75,15.93,15.65,148110.98,0.0,0.0,15.574,15.391,14.433,154207.93,195826.99,183452.6,15.67
2018-03-14,15.58,15.63,14.91,248929.84,-0.73,-4.66,15.468,15.406,14.523,178954.44,189297.79,178521.75,14.94
2018-03-15,14.92,15.33,14.78,174233.5,0.13,0.87,15.396,15.406,14.605,195558.52,187295.36,178688.56,15.07
2018-03-16,15.18,15.18,14.9,85380.84,-0.15,-0.99,15.254,15.377,14.71,173310.47,177593.86,173816.64,14.92
2018-03-19,15.01,15.34,15.01,156997.72,0.19,1.27,15.142,15.361,14.814,162730.58,172661.68,177002.73,15.11
2018-03-20,15.06,15.51,14.85,149498.98,0.1,0.66,15.05,15.312,14.911,163008.18,158608.05,177263.06,15.21
2018-03-21,15.17,15.93,15.13,366869.59,0.42,2.76,15.188,15.328,15.03,186596.13,182775.29,192289.81,15.63
2018-03-22,15.65,16.0,15.41,320563.03,0.22,1.41,15.344,15.37,15.151,215862.03,205710.28,204313.82,15.85
2018-03-23,15.49,16.66,15.3,691279.94,0.42,2.65,15.614,15.434,15.288,337041.85,255176.16,233667.87,16.27
2018-03-26,16.67,17.17,16.3,750734.56,0.9,5.53,16.026,15.584,15.443,455789.22,309259.9,262816.86,17.17
2018-03-27,16.9,17.49,16.64,704739.38,0.07,0.41,16.432,15.741,15.566,566837.3,364922.74,280374.86,17.24
2018-03-28,17.0,17.63,16.8,487274.88,-0.42,-2.44,16.67,15.929,15.668,590918.36,388757.24,289027.52,16.82
2018-03-29,16.83,16.98,16.33,322322.81,-0.24,-1.43,16.816,16.08,15.743,591270.31,403566.17,295430.76,16.58
2018-03-30,16.6,17.26,16.53,444573.44,0.6,3.62,16.998,16.306,15.842,541929.01,439485.43,308539.64,17.18
2018-04-02,17.39,18.21,17.19,654937.56,1.0,5.82,17.2,16.613,15.987,522769.61,489279.42,330970.55,18.18
2018-04-03,17.91,18.55,17.83,487436.97,0.37,2.04,17.462,16.947,16.13,479309.13,523073.22,340840.64,18.55
2018-04-04,18.53,19.5,18.35,596178.0,-0.08,-0.43,17.792,17.231,16.28,501089.76,546004.06,364389.67,18.47
2018-04-09,18.53,19.14,18.5,361828.28,0.39,2.11,18.248,17.532,16.451,508990.85,550130.58,377920.43,18.86
2018-04-10,18.74,18.75,17.8,361494.47,-0.58,-3.08,18.468,17.733,16.584,492375.06,517152.04,386164.1,18.28
2018-04-11,18.23,18.34,17.76,255460.8,0.04,0.22,18.496,17.848,16.716,412479.7,467624.66,388442.28,18.32
2018-04-12,18.05,18.56,17.93,217246.98,-0.39,-2.13,18.372,17.917,16.829,358441.71,418875.42,391899.08,17.93
2018-04-13,18.2,18.94,18.1,366941.41,0.52,2.9,18.368,18.08,17.005,312594.39,406842.07,397799.66,18.45
2018-04-16,18.61,18.87,17.99,290755.81,0.01,0.05,18.288,18.268,17.174,298379.89,403685.37,403625.77,18.46
2018-04-17,18.47,19.17,18.25,392707.62,0.19,1.03,18.362,18.415,17.361,304622.52,398498.79,418992.11,18.65
2018-04-18,18.78,19.31,18.19,465535.75,0.66,3.54,18.56,18.528,17.571,346637.51,379558.61,434419.01,19.31
2018-04-19,19.26,20.29,19.19,608991.75,0.16,0.83,18.868,18.62,17.784,424986.47,391714.09,457393.65,19.47
2018-04-20,19.39,20.0,19.11,332459.19,-0.23,-1.18,19.026,18.697,17.964,418090.02,365342.21,455673.13,19.24
2018-04-23,19.1,19.26,17.42,388630.59,-1.42,-7.38,18.898,18.593,18.063,437664.98,368022.44,459076.51,17.82
2018-04-24,17.84,18.63,17.63,255609.8,0.73,4.1,18.878,18.62,18.177,410245.42,357433.97,437293.0,18.55
2018-04-25,18.42,19.03,18.37,208179.81,0.18,0.97,18.762,18.661,18.255,358774.23,352705.87,410165.27,18.73
2018-04-26,18.7,19.36,18.7,235281.48,0.12,0.64,18.638,18.753,18.335,284032.17,354509.32,386692.37,18.85
2018-04-27,19.04,19.15,18.02,221662.28,-0.38,-2.02,18.484,18.755,18.418,261872.79,339981.41,373411.74,18.47
2018-05-02,18.51,19.28,18.45,227137.64,0.53,2.87,18.72,18.809,18.539,229574.2,333619.59,368652.48,19.0
2018-05-03,19.1,19.1,17.97,272552.88,-0.42,-2.21,18.726,18.802,18.609,232962.82,321604.12,360051.45,18.58
2018-05-04,18.4,18.66,18.25,213047.06,-0.28,-1.51,18.64,18.701,18.615,233936.27,296355.25,337956.93,18.3
2018-05-07,18.32,18.51,18.07,211174.8,0.08,0.44,18.546,18.592,18.606,229114.93,256573.55,324143.82,18.38
2018-05-08,18.49,19.05,18.43,257414.22,0.23,1.25,18.574,18.529,18.613,236265.32,249069.06,307205.63,18.61
2018-05-09,18.41,18.57,18.29,122401.16,-0.16,-0.86,18.464,18.592,18.593,215318.02,222446.11,295234.28,18.45
2018-05-10,18.51,18.56,17.7,305114.88,-0.55,-2.98,18.328,18.527,18.574,221830.42,227396.62,292415.3,17.9
2018-05-11,17.8,17.97,17.68,120959.74,-0.17,-0.95,18.214,18.427,18.544,203412.96,218674.61,285690.24,17.73
2018-05-14,17.78,17.86,16.79,358956.16,-0.79,-4.46,17.926,18.236,18.495,232969.23,231042.08,292775.7,16.94
2018-05-15,17.06,17.33,16.99,173459.23,0.35,2.07,17.662,18.118,18.437,216178.23,226221.78,283101.59,17.29
2018-05-16,17.45,17.89,17.34,261773.8,0.21,1.22,17.472,17.968,18.389,244052.76,229685.39,281652.49,17.5
2018-05-17,17.5,17.63,17.15,128262.21,-0.23,-1.31,17.346,17.837,18.32,208682.23,215256.33,268430.22,17.27
2018-05-18,17.35,17.36,16.88,160617.53,-0.06,-0.35,17.242,17.728,18.215,216613.79,210013.37,253184.31,17.21
2018-05-21,17.26,17.56,17.13,155245.45,0.18,1.05,17.332,17.629,18.111,175871.64,204420.44,230497.0,17.39
2018-05-22,17.35,17.4,16.96,187779.05,-0.39,-2.24,17.274,17.468,17.999,178735.61,197456.92,223262.99,17.0
2018-05-23,17.04,17.43,17.01,159794.62,0.12,0.71,17.198,17.335,17.964,158339.77,201196.27,211821.19,17.12
2018-05-24,17.12,17.19,16.63,213344.7,-0.42,-2.45,17.084,17.215,17.871,175356.27,192019.25,209707.94,16.7
2018-05-25,16.75,17.1,16.51,187587.0,0.11,0.66,17.004,17.123,17.775,180750.16,198681.98,208678.29,16.81
2018-05-28,16.72,16.74,16.05,217887.92,-0.59,-3.51,16.77,17.051,17.644,193278.66,184575.15,207808.62,16.22
2018-05-29,16.18,16.48,16.15,137931.7,-0.02,-0.12,16.61,16.942,17.53,183309.19,181022.4,203622.09,16.2
2018-05-30,16.13,16.41,15.8,150220.56,0.0,0.0,16.426,16.812,17.39,181394.38,169867.07,199776.23,16.2
2018-05-31,16.15,16.15,15.61,233870.72,-0.34,-2.1,16.258,16.671,17.254,185499.58,180427.93,197842.13,15.86
2018-06-01,15.72,15.95,15.22,284387.75,-0.56,-3.53,15.956,16.48,17.104,204859.73,192804.95,201409.16,15.3
2018-06-04,15.41,15.58,15.27,135634.45,0.01,0.07,15.774,16.272,16.951,188409.04,190843.85,197632.14,15.31
2018-06-05,15.43,15.92,15.36,194402.28,0.6,3.92,15.716,16.163,16.816,199703.15,191506.17,194481.55,15.91
2018-06-06,15.92,16.23,15.85,187813.52,0.22,1.38,15.702,16.064,16.7,207221.74,194308.06,197752.16,16.13
2018-06-07,16.13,16.17,15.83,120355.26,-0.19,-1.18,15.718,15.988,16.602,184518.65,185009.12,188514.18,15.94
2018-06-08,15.91,15.91,15.44,176280.8,-0.33,-2.07,15.78,15.868,16.496,162897.26,183878.5,191280.24,15.61
2018-06-11,15.5,15.8,15.39,99414.69,0.15,0.96,15.87,15.822,16.437,155653.31,172031.17,178303.16,15.76
2018-06-12,15.62,16.0,15.45,117569.21,0.05,0.32,15.85,15.783,16.363,140286.7,169994.92,175508.66,15.81
2018-06-13,15.81,15.82,15.31,104737.73,-0.48,-3.04,15.69,15.696,16.254,123671.54,165446.64,167656.86,15.33
2018-06-14,15.32,15.4,15.06,111293.1,-0.22,-1.44,15.524,15.621,16.146,121859.11,153188.88,166808.4,15.11
2018-06-15,15.08,15.19,14.54,182974.8,-0.5,-3.31,15.324,15.552,16.016,123197.91,143047.58,167926.27,14.61
2018-06-19,14.53,15.05,13.55,222585.52,-0.58,-3.99,14.962,15.416,15.844,147832.07,151742.69,171293.27,13.95
2018-06-20,13.89,14.58,13.73,199205.2,0.52,3.73,14.694,15.272,15.718,164159.27,152222.98,171864.58,14.47
2018-06-21,14.44,14.65,14.0,179568.34,-0.4,-2.76,14.442,15.066,15.565,179125.39,151398.47,172853.26,14.07
2018-06-22,13.92,14.57,13.83,170334.45,0.43,3.06,14.32,14.922,15.455,190933.66,156396.38,170702.75,14.5
2018-06-25,14.7,14.76,14.48,124483.87,-0.01,-0.07,14.296,14.81,15.339,179235.48,151216.69,167547.59,14.49
2018-06-26,14.19,15.3,14.11,237067.41,0.61,4.21,14.526,14.744,15.283,182131.85,164981.96,168506.57,15.1
2018-06-27,15.16,15.44,14.93,192461.84,0.07,0.46,14.666,14.68,15.232,180783.18,172471.23,171233.08,15.17
2018-06-28,15.1,15.44,14.95,146637.16,-0.19,-1.25,14.848,14.645,15.171,174196.95,176661.17,171053.91,14.98
2018-06-29,15.0,15.64,14.92,208332.0,0.66,4.41,15.076,14.698,15.16,181796.46,186365.06,169776.97,15.64
2018-07-02,15.58,15.85,15.31,167070.38,-0.14,-0.9,15.278,14.787,15.17,190313.76,184774.62,163911.1,15.5
2018-07-03,15.54,16.06,15.33,302563.69,0.53,3.42,15.464,14.995,15.206,203413.01,192772.43,172257.56,16.03
2018-07-04,15.97,16.19,15.75,234025.12,-0.14,-0.87,15.608,15.137,15.205,211725.67,196254.43,174238.7,15.89
2018-07-05,15.81,15.99,15.63,127592.86,-0.22,-1.39,15.746,15.297,15.182,207916.81,191056.88,171227.67,15.67
2018-07-06,15.55,16.18,15.5,224252.95,0.14,0.89,15.78,15.428,15.175,211101.0,196448.73,176422.56,15.81
2018-07-09,15.73,16.4,15.73,203446.81,0.54,3.42,15.95,15.614,15.212,218376.29,204345.02,177780.86,16.35
2018-07-10,16.3,16.45,16.16,142592.06,0.05,0.31,16.024,15.744,15.244,186381.96,194897.49,179939.73,16.4
2018-07-11,16.2,16.21,15.46,246838.34,-0.65,-3.96,15.996,15.802,15.241,188944.6,200335.14,186403.18,15.75
2018-07-12,15.73,16.15,15.65,171100.69,0.3,1.91,16.072,15.909,15.277,197646.17,202781.49,189721.33,16.05
2018-07-13,16.18,16.32,15.65,212252.8,-0.1,-0.62,16.1,15.94,15.319,195246.14,203173.57,194769.31,15.95
2018-07-16,15.9,16.25,15.76,174354.58,0.2,1.25,16.06,16.005,15.396,189427.69,203901.99,194338.3,16.15
2018-07-17,16.1,16.21,15.79,120382.61,-0.07,-0.43,15.996,16.01,15.503,184985.8,185683.88,189228.16,16.08
2018-07-18,16.04,16.19,15.69,140710.06,-0.39,-2.42,15.984,15.99,15.564,163760.15,176352.38,186303.4,15.69
2018-07-19,15.72,15.83,14.98,229636.56,-0.62,-3.95,15.788,15.93,15.614,175467.32,186556.75,188806.81,15.07
2018-07-20,15.07,15.65,15.07,218157.12,0.56,3.72,15.724,15.912,15.67,176648.19,185947.16,191197.95,15.63
2018-07-23,15.65,16.86,15.65,417129.56,1.15,7.36,15.85,15.955,15.785,225203.18,207315.44,205830.23,16.78
2018-07-24,16.96,17.08,16.61,264895.56,0.05,0.3,16.0,15.998,15.871,254105.77,219545.79,207221.64,16.83
2018-07-25,16.91,17.37,16.91,234289.44,0.25,1.49,16.278,16.131,15.967,272821.65,218290.9,209313.02,17.08
2018-07-26,17.31,17.45,16.7,197068.62,-0.32,-1.87,16.616,16.202,16.056,266308.06,220887.69,211834.59,16.76
2018-07-27,16.77,17.13,16.61,152027.77,0.14,0.83,16.87,16.297,16.119,253082.19,214865.19,209019.38,16.9
2018-07-30,16.99,17.01,16.39,181400.34,-0.33,-1.95,16.828,16.339,16.172,205936.35,215569.76,209735.88,16.57
2018-07-31,16.54,17.07,16.39,171289.05,0.13,0.79,16.802,16.401,16.206,187215.04,220660.41,203172.15,16.7
2018-08-01,16.8,16.84,15.9,204750.36,-0.77,-4.61,16.572,16.425,16.208,181307.23,227064.44,201708.41,15.93
2018-08-02,15.9,16.07,15.05,294282.97,-0.81,-5.08,16.244,16.43,16.18,200750.1,233529.08,210042.91,15.12
2018-08-03,15.13,15.37,15.01,134756.88,-0.05,-0.33,15.878,16.374,16.143,197295.92,225189.06,205568.11,15.07
2018-08-06,15.07,15.14,14.23,225376.8,-0.59,-3.92,15.46,16.144,16.05,206091.21,206013.78,206664.61,14.48
2018-08-07,14.55,14.85,14.26,185750.12,0.35,2.42,15.086,15.944,15.971,208983.43,198099.24,208822.51,14.83
2018-08-08,14.76,14.76,14.15,166653.62,-0.59,-3.98,14.748,15.66,15.896,201364.08,191335.65,204813.28,14.24
2018-08-09,14.13,14.99,14.06,196486.59,0.55,3.86,14.682,15.463,15.833,181804.8,191277.45,206082.57,14.79
2018-08-10,14.72,15.0,14.69,142829.95,0.14,0.95,14.654,15.266,15.782,183419.42,190357.67,202611.43,14.93
2018-08-13,14.77,15.23,14.53,195676.44,0.09,0.6,14.762,15.111,15.725,177479.34,191785.28,203677.52,15.02
2018-08-14,14.9,14.93,14.71,101875.01,-0.23,-1.53,14.754,14.92,15.661,160704.32,184843.87,202752.14,14.79
2018-08-15,14.79,15.07,14.58,142023.47,-0.14,-0.95,14.836,14.792,15.609,155778.29,178571.19,202817.81,14.65
2018-08-16,14.4,14.83,14.33,113326.49,-0.12,-0.82,14.784,14.733,15.582,139146.27,160475.54,197002.31,14.53
2018-08-17,14.65,14.8,14.12,117018.08,-0.28,-1.93,14.648,14.651,15.513,133983.9,158701.66,191945.36,14.25
2018-08-20,14.21,14.58,14.13,95051.76,0.28,1.97,14.55,14.656,15.4,113858.96,145669.15,175841.47,14.53
2018-08-21,14.56,14.92,14.43,150192.2,0.17,1.17,14.532,14.643,15.294,123522.4,142113.36,170106.3,14.7
2018-08-22,14.66,14.85,14.55,96654.16,-0.04,-0.27,14.534,14.685,15.173,114448.54,135113.42,163224.53,14.66
2018-08-23,14.66,14.9,14.53,127597.81,0.1,0.68,14.58,14.682,15.073,117302.8,128224.54,159750.99,14.76
2018-08-24,14.71,14.83,14.53,81158.79,-0.2,-1.35,14.642,14.645,14.956,110130.94,122057.42,156207.54,14.56
2018-08-27,14.7,15.28,14.65,238814.41,0.64,4.4,14.776,14.663,14.887,138883.47,126371.22,159078.25,15.2
2018-08-28,15.24,15.74,15.09,237875.52,0.33,2.17,14.942,14.737,14.829,156420.14,139971.27,162407.57,15.53
2018-08-29,15.44,15.72,15.42,106044.08,0.06,0.39,15.128,14.831,14.812,158298.12,136373.33,157472.26,15.59
2018-08-30,15.6,15.75,15.28,124800.72,-0.21,-1.35,15.252,14.916,14.825,157738.7,137520.75,148998.15,15.38
2018-08-31,15.35,15.49,15.11,115541.24,-0.08,-0.52,15.4,15.021,14.836,164615.19,137373.07,148037.36,15.3
2018-09-03,15.3,15.92,15.1,208614.98,0.55,3.6,15.53,15.153,14.905,158575.31,148729.39,147199.27,15.85
2018-09-04,15.85,16.93,15.72,388502.62,0.8,5.05,15.754,15.348,14.996,188700.73,172560.43,157336.9,16.65
2018-09-05,16.55,16.98,16.45,236364.8,-0.06,-0.36,15.954,15.541,15.113,214764.87,186531.5,160822.46,16.59
2018-09-06,16.56,17.06,16.51,202014.64,0.06,0.36,16.208,15.73,15.206,230207.66,193973.18,161098.86,16.65
2018-09-07,16.71,16.89,16.0,271729.12,-0.3,-1.8,16.418,15.909,15.277,261445.23,213030.21,167543.82,16.35
2018-09-10,16.32,16.62,15.81,222137.92,-0.44,-2.69,16.43,15.98,15.322,264149.82,211362.56,168866.89,15.91
2018-09-11,16.04,16.52,15.93,231165.91,0.58,3.65,16.398,16.076,15.407,232682.48,210691.6,175331.44,16.49
2018-09-12,16.52,17.07,16.2,295517.91,-0.2,-1.21,16.338,16.146,15.489,244513.1,229638.99,183006.16,16.29
2018-09-13,16.45,16.88,16.23,250866.44,0.58,3.56,16.382,16.295,15.606,254283.46,242245.56,189883.16,16.87
2018-09-14,16.86,16.91,15.83,304957.44,-0.97,-5.75,16.292,16.355,15.688,260929.12,261187.18,199280.12,15.9
2018-09-17,15.79,16.26,15.52,203086.05,-0.12,-0.76,16.266,16.348,15.751,257118.75,260634.29,204681.84,15.78
2018-09-18,15.65,16.09,15.65,186298.52,0.28,1.77,16.18,16.289,15.819,248145.27,240413.88,206487.15,16.06
2018-09-19,15.96,16.38,15.71,194252.08,0.07,0.44,16.148,16.243,15.892,227892.11,236202.6,211367.05,16.13
2018-09-20,16.15,16.25,15.68,164273.12,-0.36,-2.23,15.928,16.155,15.943,210573.44,232428.45,213200.82,15.77
2018-09-21,15.84,15.84,15.38,239555.91,-0.03,-0.19,15.896,16.094,16.002,197493.14,229211.13,221120.67,15.74
2018-09-25,15.7,16.29,15.65,262591.59,0.31,1.97,15.95,16.108,16.044,209394.24,233256.5,222309.53,16.05
2018-09-26,16.03,16.15,15.8,199635.84,0.08,0.5,15.964,16.072,16.074,212061.71,230103.49,220397.55,16.13
2018-09-27,16.06,16.2,15.77,174976.41,-0.31,-1.92,15.902,16.025,16.086,208206.57,218049.34,223844.16,15.82
2018-09-28,15.84,15.94,15.68,115381.13,0.06,0.38,15.924,15.926,16.111,198428.18,204500.81,223373.18,15.88
2018-10-08,15.69,16.1,15.6,217761.23,-0.19,-1.2,15.914,15.905,16.13,194069.24,195781.19,228484.18,15.69
2018-10-09,15.69,15.76,14.8,250236.95,-0.57,-3.63,15.728,15.839,16.094,191598.31,200496.28,230565.28,15.12
2018-10-10,15.1,15.27,14.91,100980.81,0.08,0.53,15.542,15.753,16.021,171867.31,191964.51,216189.19,15.2
2018-10-11,14.81,14.97,14.11,219810.22,-0.92,-6.05,15.234,15.568,15.906,180834.07,194520.32,215361.46,14.28
2018-10-12,14.34,15.04,14.11,231080.88,0.7,4.9,15.054,15.489,15.822,203974.02,201201.1,216814.77,14.98
2018-10-15,14.95,15.29,14.95,148779.8,0.1,0.67,14.932,15.423,15.759,190177.73,192123.49,210667.31,15.08
2018-10-16,15.18,15.45,14.56,166520.45,-0.19,-1.26,14.886,15.307,15.708,173434.43,182516.37,207886.43,14.89
2018-10-17,15.08,15.15,14.35,149831.38,-0.1,-0.67,14.804,15.173,15.623,183204.55,177535.93,203819.71,14.79
2018-10-18,14.64,14.82,14.28,140033.19,-0.48,-3.25,14.81,15.022,15.524,167249.14,174041.6,196045.47,14.31
2018-10-19,14.2,14.42,13.29,304399.25,-0.02,-0.14,14.672,14.863,15.395,181912.81,192943.42,198722.11,14.29
2018-10-22,14.4,15.31,14.33,270915.69,0.77,5.39,14.668,14.8,15.353,206339.99,198258.86,197020.03,15.06
2018-10-23,15.08,15.35,14.91,230581.45,-0.04,-0.27,14.694,14.79,15.315,219152.19,196293.31,198394.8,15.02
2018-10-24,14.98,15.23,14.81,116111.12,-0.02,-0.13,14.736,14.77,15.262,212408.14,197806.34,194885.43,15.0
2018-10-25,14.62,14.91,14.47,157594.45,-0.19,-1.27,14.836,14.823,15.196,215920.39,191584.77,193052.54,14.81
2018-10-26,15.0,15.15,14.6,110932.9,-0.05,-0.34,14.93,14.801,15.145,177227.12,179569.97,190385.53,14.76
2018-10-29,14.76,14.84,14.45,83765.48,-0.18,-1.22,14.834,14.751,15.087,139797.08,173068.54,182596.01,14.58
2018-10-30,14.52,14.74,14.17,124489.74,0.0,0.0,14.746,14.72,15.014,118578.74,168865.47,175690.92,14.58
2018-10-31,14.6,14.92,14.51,102129.18,0.22,1.51,14.706,14.721,14.947,115782.35,164095.25,170815.59,14.8
2018-11-01,14.81,15.39,14.81,219346.2,0.38,2.57,14.78,14.808,14.915,128132.7,172026.55,173034.08,15.18
2018-11-02,15.35,15.48,15.06,209246.05,0.22,1.45,14.908,14.919,14.891,147795.33,162511.23,177727.32,15.4
2018-11-05,15.38,15.55,15.12,173953.95,0.0,0.0,15.072,14.953,14.877,165833.02,152815.05,175536.96,15.4
2018-11-06,15.43,15.43,15.14,108452.88,-0.16,-1.04,15.204,14.975,14.883,162625.65,140602.2,168447.75,15.24
2018-11-07,15.24,15.4,15.1,147103.19,-0.07,-0.46,15.278,14.992,14.881,171620.45,143701.4,170753.87,15.17
2018-11-08,15.34,15.39,14.83,144391.77,-0.31,-2.04,15.214,14.997,14.91,156629.57,142381.13,166982.95,14.86
2018-11-09,14.78,14.92,14.62,76954.35,-0.03,-0.2,15.1,15.004,14.903,130171.23,138983.28,159276.62,14.83
2018-11-12,14.84,15.09,14.7,97560.13,0.26,1.75,15.038,15.055,14.903,114892.46,140362.74,156715.64,15.09
2018-11-13,14.92,15.3,14.87,160927.58,0.12,0.8,15.032,15.118,14.919,125387.4,144006.53,156436.0,15.21
2018-11-14,15.14,15.27,15.02,104340.35,-0.1,-0.66,15.02,15.149,14.935,116834.84,144227.65,154161.45,15.11
2018-11-15,15.2,15.65,15.19,270563.28,0.54,3.57,15.178,15.196,15.002,142069.14,149349.35,160687.95,15.65
2018-11-16,15.59,15.72,15.44,180307.19,-0.15,-0.96,15.312,15.206,15.063,162739.71,146455.47,154483.35,15.5
2018-11-19,15.54,15.61,15.34,132688.91,0.08,0.52,15.41,15.224,15.089,169765.46,142328.96,147572.01,15.58
2018-11-20,15.45,16.06,15.38,300715.91,0.02,0.13,15.488,15.26,15.118,197723.13,161555.27,151078.73,15.6
2018-11-21,15.4,15.5,15.3,115089.61,-0.11,-0.7,15.564,15.292,15.142,199872.98,158353.91,151027.66,15.49
2018-11-22,15.52,15.8,15.45,133309.88,0.07,0.45,15.546,15.362,15.18,172422.3,157245.72,149813.43,15.56
2018-11-23,15.54,15.64,14.88,177185.48,-0.68,-4.37,15.422,15.367,15.186,171797.96,167268.83,153126.06,14.88
2018-11-26,14.88,15.13,14.8,81424.63,0.05,0.34,15.292,15.351,15.203,161545.1,165655.28,153009.01,14.93
2018-11-27,15.03,15.11,14.87,63538.63,0.02,0.13,15.162,15.325,15.222,114109.65,155916.39,149961.46,14.95
2018-11-28,14.85,15.12,14.81,88264.19,0.16,1.07,15.086,15.325,15.237,108744.56,154308.77,149268.21,15.11
2018-11-29,15.21,15.33,14.87,94775.82,-0.24,-1.59,14.948,15.247,15.222,101037.75,136730.03,143039.69,14.87
2018-11-30,14.83,14.99,14.6,98626.33,0.12,0.81,14.97,15.196,15.201,85325.92,128561.94,137508.7,14.99
2018-12-03,15.21,15.39,15.1,178518.59,0.28,1.87,15.038,15.165,15.195,104744.71,133144.91,137736.94,15.27
2018-12-04,15.24,15.24,14.96,155392.59,-0.16,-1.05,15.07,15.116,15.188,123115.5,118612.58,140083.92,15.11
2018-12-05,14.89,15.0,14.77,121590.98,-0.29,-1.92,15.012,15.049,15.171,129780.86,119262.71,138808.31,14.82
2018-12-06,14.81,15.1,14.75,114924.13,-0.03,-0.2,14.996,14.972,15.167,133810.52,117424.14,137334.93,14.79
2018-12-07,14.73,14.84,14.55,98584.07,-0.08,-0.54,14.94,14.955,15.161,133802.07,109564.0,138416.41,14.71
2018-12-10,14.64,14.68,14.23,146029.62,-0.44,-2.99,14.74,14.889,15.12,127304.28,116024.5,140839.89,14.27
2018-12-11,14.36,14.43,14.27,55751.15,0.09,0.63,14.59,14.83,15.078,107375.99,115245.75,135581.07,14.36
2018-12-12,14.38,14.5,14.33,61809.39,0.06,0.42,14.51,14.761,15.043,95419.67,112600.27,133454.52,14.42
2018-12-13,14.44,14.62,14.37,90177.16,0.17,1.18,14.47,14.733,14.99,90470.28,112140.4,124435.21,14.59
2018-12-14,14.57,14.59,14.2,99216.66,-0.39,-2.67,14.368,14.654,14.925,90596.8,112199.43,120380.69,14.2
2018-12-17,14.19,14.45,14.12,98126.91,0.23,1.62,14.4,14.57,14.868,81016.25,104160.27,118652.59,14.43
2018-12-18,14.31,14.52,14.23,66037.16,-0.07,-0.48,14.4,14.495,14.806,83073.46,95224.72,106918.65,14.36
2018-12-19,14.47,14.53,14.17,72284.68,-0.13,-0.91,14.362,14.436,14.743,85168.51,90294.09,104778.4,14.23
2018-12-20,14.12,14.33,13.75,140997.58,-0.27,-1.9,14.236,14.353,14.663,95332.6,92901.44,105162.79,13.96
2018-12-21,13.88,13.93,13.52,124902.77,-0.28,-2.01,14.132,14.25,14.603,100469.82,95533.31,102548.65,13.68
2018-12-24,13.6,13.77,13.57,84676.13,0.07,0.51,13.996,14.198,14.544,97779.66,89397.96,102711.23,13.75
2018-12-25,13.6,13.64,13.3,109687.31,-0.17,-1.24,13.84,14.12,14.475,106509.69,94791.58,105018.66,13.58
2018-12-26,13.55,13.68,13.31,79737.19,-0.21,-1.55,13.668,14.015,14.388,108000.2,96584.36,104592.31,13.37
2018-12-27,13.54,13.61,13.18,106470.47,-0.19,-1.42,13.512,13.874,14.304,101094.77,98213.69,105177.04,13.18
2018-12-28,13.21,13.42,13.18,77032.55,0.06,0.46,13.424,13.778,14.216,91520.73,95995.28,104097.35,13.24
2019-01-02,13.32,13.4,13.15,83704.84,0.01,0.08,13.324,13.66,14.115,91326.47,94553.07,99356.67,13.25
2019-01-03,13.28,14.05,13.25,250537.06,0.46,3.47,13.35,13.595,14.045,119496.42,113003.06,104113.89,13.71
2019-01-04,13.6,13.95,13.54,167843.41,0.19,1.39,13.456,13.562,13.999,137117.67,122558.93,106426.51,13.9
2019-01-07,14.09,14.44,13.93,238654.7,0.4,2.88,13.68,13.596,13.975,163554.51,132324.64,112613.04,14.3
2019-01-08,14.31,14.31,14.04,117519.98,-0.16,-1.12,13.86,13.642,13.946,171652.0,131586.36,113559.84,14.14
2019-01-09,14.19,14.28,13.99,118162.27,-0.12,-0.85,14.014,13.669,13.934,178543.48,134934.98,112166.47,14.02
2019-01-10,14.03,14.19,13.89,102084.0,0.01,0.07,14.078,13.714,13.917,148852.87,134174.65,114483.11,14.03
2019-01-11,14.05,14.22,14.01,97761.07,0.12,0.85,14.128,13.792,13.904,134836.4,135977.04,116280.7,14.15
2019-01-14,14.1,14.18,13.96,64349.0,-0.14,-0.99,14.07,13.875,13.875,99975.26,131764.89,114989.29,14.01
2019-01-15,14.05,14.22,13.97,83198.75,0.2,1.43,14.084,13.972,13.875,93111.02,132381.51,114188.39,14.21
2019-01-16,14.16,14.23,14.04,66059.94,-0.1,-0.7,14.102,14.058,13.859,82690.55,130617.02,112585.04,14.11
2019-01-17,14.14,14.16,13.89,67244.33,-0.19,-1.35,14.08,14.079,13.837,75722.62,112287.75,112645.4,13.92
2019-01-18,13.89,14.07,13.89,70523.88,0.11,0.79,14.056,14.092,13.827,70275.18,102555.79,112557.36,14.03
2019-01-21,14.06,14.23,14.0,89084.8,0.14,1.0,14.088,14.079,13.838,75222.34,87598.8,109961.72,14.17
2019-01-22,14.16,14.16,13.88,69240.39,-0.18,-1.27,14.044,14.064,13.853,72430.67,82770.84,107178.6,13.99
2019-01-23,13.93,14.02,13.88,38496.06,-0.01,-0.07,14.018,14.06,13.865,66917.89,74804.22,104869.6,13.98
2019-01-24,13.98,14.17,13.86,81121.95,0.12,0.86,14.054,14.067,13.891,69693.42,72708.02,103441.33,14.1
2019-01-25,14.11,14.28,14.02,110673.04,-0.02,-0.14,14.064,14.06,13.926,77723.25,73999.21,104988.12,14.08
2019-01-28,14.15,14.38,14.07,132677.92,0.07,0.5,14.06,14.074,13.975,86441.87,80832.11,106298.5,14.15
2019-01-29,14.11,14.15,13.7,87874.01,-0.27,-1.91,14.038,14.041,14.007,90168.6,81299.63,106840.57,13.88
2019-01-30,13.88,14.05,13.7,59829.04,0.0,0.0,14.018,14.018,14.038,94435.19,80676.54,105646.78,13.88
2019-01-31,13.89,14.01,13.76,75333.27,0.01,0.07,13.976,14.015,14.047,93277.46,81485.44,96886.59,13.89
2019-02-01,13.98,14.15,13.86,118757.72,0.26,1.87,13.99,14.027,14.06,94894.39,86308.82,94432.31,14.15
2019-02-11,14.23,14.37,14.18,136539.2,0.22,1.55,14.034,14.047,14.063,95666.65,91054.26,89326.53,14.37
2019-02-12,14.36,14.59,14.3,171924.16,0.13,0.91,14.158,14.098,14.081,112476.68,101322.64,92046.74,14.5
2019-02-13,14.47,14.99,14.4,294078.69,0.4,2.76,14.362,14.19,14.125,159326.61,126880.9,100842.56,14.9
2019-02-14,14.91,15.08,14.73,173443.55,-0.01,-0.07,14.562,14.269,14.168,178948.66,136113.06,104410.54,14.89
2019-02-15,14.8,14.98,14.68,129469.55,-0.19,-1.28,14.672,14.331,14.196,181091.03,137992.71,105995.96,14.7
2019-02-18,14.76,15.23,14.76,223458.16,0.5,3.4,14.838,14.436,14.255,198474.82,147070.74,113951.42,15.2
2019-02-19,15.2,15.34,14.91,230175.38,0.02,0.13,14.982,14.57,14.306,210125.07,161300.87,121300.25,15.22
2019-02-20,15.17,15.45,14.99,222137.31,-0.03,-0.2,15.04,14.701,14.36,195736.79,177531.7,129104.12,15.19
2019-02-21,15.6,15.91,15.04,372436.19,-0.08,-0.53,15.084,14.823,14.419,235535.32,207241.99,144363.71,15.11
2019-02-22,15.0,15.37,14.98,210168.41,0.23,1.52,15.212,14.942,14.485,251675.09,216383.06,151345.94,15.34
2019-02-25,15.56,16.37,15.34,528148.5,0.93,6.06,15.426,15.132,14.59,312613.16,255543.99,173299.13,16.27
2019-02-26,16.27,16.35,15.96,382104.59,-0.17,-1.04,15.602,15.292,14.695,342999.0,276562.03,188942.34,16.1
2019-02-27,16.08,16.75,16.01,436103.16,0.08,0.5,15.8,15.42,14.805,385792.17,290764.48,208822.69,16.18
2019-02-28,16.6,16.74,16.01,282344.97,0.04,0.25,16.022,15.553,14.911,367773.93,301654.62,218883.84,16.22
2019-03-01,16.25,16.36,16.04,206304.23,0.02,0.12,16.202,15.707,15.019,367001.09,309338.09,223665.4,16.24
2019-03-04,16.37,16.73,16.2,386172.88,0.32,1.97,16.26,15.843,15.14,338605.97,325609.56,236340.15,16.56
2019-03-05,16.5,16.8,16.37,316881.97,0.18,1.09,16.388,15.995,15.283,325561.44,334280.22,247790.55,16.74
2019-03-06,16.75,16.86,16.41,327886.41,-0.08,-0.48,16.484,16.142,15.422,303918.09,344855.13,261193.42,16.66
2019-03-07,16.58,16.84,16.42,301183.44,-0.08,-0.48,16.556,16.289,15.556,307685.79,337729.86,272485.92,16.58
2019-03-08,16.31,16.55,15.8,342432.72,-0.74,-4.46,16.476,16.339,15.641,334911.48,350956.29,283669.67,15.84
2019-03-11,16.12,16.7,15.93,428645.69,0.86,5.43,16.504,16.382,15.757,343406.05,341006.01,298275.0,16.7
2019-03-12,17.17,17.5,16.75,618751.44,0.36,2.16,16.568,16.478,15.885,403779.94,364670.69,320616.36,17.06
2019-03-13,17.66,18.26,17.0,781103.44,0.04,0.23,16.656,16.57,15.995,494423.35,399170.72,344967.6,17.1
2019-03-14,17.1,17.38,16.23,482413.59,-0.44,-2.57,16.672,16.614,16.084,530669.38,419177.58,360416.1,16.66
2019-03-15,17.0,17.08,16.54,331407.91,0.1,0.6,16.856,16.666,16.187,528464.41,431687.95,370513.02,16.76
2019-03-18,16.77,17.0,16.43,348070.88,0.21,1.25,16.91,16.707,16.275,512349.45,427877.75,376743.66,16.97
2019-03-19,16.93,17.56,16.86,472645.41,0.53,3.12,16.998,16.783,16.389,483128.25,443454.09,388867.16,17.5
2019-03-20,17.49,17.49,16.86,317452.0,-0.35,-2.0,17.008,16.832,16.487,390397.96,442410.65,393632.89,17.15
2019-03-21,17.15,17.27,16.96,274575.09,-0.04,-0.23,17.098,16.885,16.587,348830.26,439749.82,388739.84,17.11
2019-03-22,17.2,17.37,16.96,287915.12,0.08,0.47,17.184,17.02,16.68,340131.7,434298.06,392627.17,17.19
2019-03-25,17.2,18.85,17.2,850518.88,0.81,4.71,17.39,17.15,16.766,440621.3,476485.38,408745.69,18.0
2019-03-26,18.0,18.0,16.98,528881.5,-1.01,-5.61,17.288,17.143,16.811,451868.52,467498.38,416084.54,16.99
2019-03-27,17.0,17.09,16.42,297530.44,-0.33,-1.94,17.19,17.099,16.835,447884.21,419141.08,409155.9,16.66
2019-03-28,16.72,17.0,16.48,229017.88,-0.16,-0.96,17.068,17.083,16.849,438772.76,393801.51,406489.55,16.5
2019-03-29,16.67,17.09,16.59,315103.59,0.55,3.33,17.04,17.112,16.889,444210.46,392171.08,411929.51,17.05
2019-04-01,17.23,17.67,17.15,366770.62,0.45,2.64,16.94,17.165,16.936,347460.81,394041.05,410959.4,17.5
2019-04-02,17.6,17.94,17.36,413607.88,-0.01,-0.06,17.04,17.164,16.974,324406.08,388137.3,415795.7,17.49
2019-04-03,17.41,17.67,17.25,306881.88,0.1,0.57,17.226,17.208,17.02,326276.37,387080.29,414745.47,17.59
2019-04-04,17.82,17.97,17.51,357076.59,0.08,0.46,17.46,17.264,17.075,351888.11,395330.44,417540.13,17.67
2019-04-08,17.84,17.94,17.14,306896.72,-0.25,-1.42,17.534,17.287,17.154,350246.74,397228.6,415763.33,17.42
2019-04-09,17.38,17.5,17.18,178076.64,0.0,0.0,17.518,17.229,17.19,312507.94,329984.37,403234.88,17.42
2019-04-10,17.4,17.4,17.0,210586.58,-0.23,-1.32,17.458,17.249,17.196,271903.68,298154.88,382826.63,17.19
2019-04-11,17.14,17.36,17.0,196593.23,-0.17,-0.99,17.344,17.285,17.192,249845.95,288061.16,353601.12,17.02
2019-04-12,17.03,17.16,16.79,153603.23,-0.09,-0.53,17.196,17.328,17.206,209151.28,280519.7,337160.6,16.93
2019-04-15,17.16,17.36,16.9,190035.73,0.0,0.0,17.098,17.316,17.214,185779.08,268012.91,330091.99,16.93
2019-04-16,16.9,17.2,16.6,174902.02,0.27,1.59,17.054,17.286,17.226,185144.16,248826.05,321433.55,17.2
2019-04-17,17.15,17.57,17.11,242442.28,0.24,1.4,17.104,17.281,17.223,191515.3,231709.49,309923.4,17.44
2019-04-18,17.45,17.63,17.27,239922.69,-0.13,-0.74,17.162,17.253,17.231,200181.19,225013.57,306046.93,17.31
2019-04-19,17.42,17.5,17.0,188023.56,-0.07,-0.4,17.224,17.21,17.237,207065.26,208108.27,301719.35,17.24
2019-04-22,17.24,17.37,17.06,150492.73,-0.13,-0.75,17.26,17.179,17.233,199156.66,192467.87,294848.23,17.11
2019-04-23,17.11,17.2,16.7,208291.08,-0.41,-2.4,17.16,17.107,17.168,205834.47,195489.31,262736.84,16.7
2019-04-24,16.77,16.9,16.57,123008.34,0.16,0.96,17.044,17.074,17.162,181947.68,186731.49,242443.19,16.86
2019-04-25,16.87,16.94,16.21,169818.38,-0.62,-3.68,16.83,16.996,17.141,167926.82,184054.0,236057.58,16.24
2019-04-26,16.3,16.42,16.1,147574.7,-0.08,-0.49,16.614,16.919,17.124,159837.05,183451.15,231985.42,16.16
2019-04-29,16.19,16.43,15.82,155583.28,-0.33,-2.04,16.358,16.809,17.063,160855.16,180005.91,224009.41,15.83
2019-04-30,15.87,16.14,15.85,134892.75,0.09,0.57,16.202,16.681,16.984,146175.49,176004.98,212415.51,15.92
2019-05-06,15.63,15.7,14.5,237250.55,-1.09,-6.85,15.796,16.42,16.851,169023.93,175485.81,203597.65,14.83
2019-05-07,14.99,15.02,14.69,134218.06,0.1,0.67,15.534,16.182,16.718,161903.87,164915.34,194964.46,14.93
2019-05-08,14.67,15.15,14.61,124931.72,0.07,0.47,15.302,15.958,16.584,157375.27,158606.16,183357.21,15.0
2019-05-09,14.94,15.35,14.85,177922.41,0.09,0.6,15.154,15.756,16.468,161843.1,161349.13,176908.5,15.09
2019-05-10,15.17,15.86,15.11,247896.98,0.68,4.51,15.124,15.663,16.385,184443.94,165309.72,180399.52,15.77
2019-05-13,15.55,15.77,15.36,152489.91,-0.27,-1.71,15.258,15.527,16.301,167491.82,168257.87,177494.68,15.5
2019-05-14,15.22,15.76,15.22,153112.09,-0.03,-0.19,15.366,15.45,16.223,171270.62,166587.25,175320.62,15.47
2019-05-15,15.52,15.62,15.36,123782.81,0.06,0.39,15.472,15.387,16.153,171040.84,164208.06,173829.6,15.53
2019-05-16,15.51,16.48,15.43,287863.03,0.56,3.61,15.672,15.413,16.111,193028.96,177436.03,178720.97,16.09
2019-05-17,16.0,16.28,15.73,232145.48,-0.27,-1.68,15.682,15.403,16.042,189878.66,187161.3,181583.14,15.82
2019-05-20,15.69,16.27,15.65,200379.3,0.45,2.85,15.836,15.547,15.984,199456.54,183474.18,179479.99,16.27
2019-05-21,16.2,16.38,15.97,183850.69,-0.01,-0.06,15.994,15.68,15.931,205604.26,188437.44,176676.39,16.26
2019-05-22,16.23,16.23,16.02,120415.02,-0.17,-1.05,16.106,15.789,15.874,204930.7,187985.77,173295.97,16.09
2019-05-23,16.0,16.28,15.85,118066.67,-0.19,-1.18,16.068,15.87,15.813,170971.43,182000.2,171674.66,15.9
2019-05-24,15.8,15.91,15.33,135501.88,-0.52,-3.27,15.98,15.831,15.747,151642.71,170760.69,168035.2,15.38
2019-05-27,15.47,15.78,15.39,112728.24,0.37,2.41,15.876,15.856,15.692,134112.5,166784.52,167521.2,15.75
2019-05-28,15.7,15.87,15.54,139456.66,0.1,0.64,15.794,15.894,15.672,125233.69,165418.98,166003.11,15.85
2019-05-29,15.75,15.86,15.6,107300.18,-0.15,-0.95,15.716,15.911,15.649,122610.73,163770.72,163989.39,15.7
2019-05-30,15.53,15.61,15.35,96838.15,-0.26,-1.66,15.624,15.846,15.63,118365.02,144668.23,161052.13,15.44
2019-05-31,15.5,15.75,15.43,102912.7,0.26,1.68,15.688,15.834,15.619,111847.19,131744.95,159453.13,15.7
2019-06-03,15.8,15.83,15.33,128060.24,-0.3,-1.91,15.618,15.747,15.647,114913.59,124513.04,153993.61,15.4
2019-06-04,15.3,15.36,14.97,98066.08,-0.28,-1.82,15.472,15.633,15.657,106635.47,115934.58,152186.01,15.12
2019-06-05,15.26,15.27,14.99,80286.91,-0.05,-0.33,15.346,15.531,15.66,101232.82,111921.77,149953.77,15.07
2019-06-06,15.03,15.07,14.8,83210.29,-0.13,-0.86,15.246,15.435,15.653,98507.24,108436.13,145218.17,14.94
2019-06-10,14.95,15.21,14.95,85543.89,0.09,0.6,15.112,15.4,15.616,95033.48,103440.33,137100.51,15.03
2019-06-11,15.05,15.51,14.96,147621.69,0.43,2.86,15.124,15.371,15.614,98945.77,106929.68,136857.1,15.46
2019-06-12,15.4,15.53,15.33,104961.3,-0.09,-0.58,15.174,15.323,15.609,100324.82,103480.14,134449.56,15.37
2019-06-13,15.4,15.44,15.2,82627.29,-0.05,-0.33,15.224,15.285,15.598,100792.89,101012.85,132391.78,15.32
2019-06-14,15.36,15.65,15.17,132121.56,-0.1,-0.65,15.28,15.263,15.555,110575.15,104541.2,124604.71,15.22
2019-06-17,15.21,15.26,15.0,76033.44,-0.07,-0.46,15.304,15.208,15.521,108673.06,101853.27,116799.11,15.15
2019-06-18,15.21,15.23,15.04,70460.37,-0.06,-0.4,15.23,15.177,15.462,93240.79,96093.28,110303.16,15.09
2019-06-19,15.4,15.45,15.2,121563.91,0.18,1.19,15.21,15.192,15.413,96561.31,98443.07,107188.82,15.27
2019-06-20,15.2,15.5,15.08,160623.48,0.33,2.17,15.246,15.235,15.383,112160.55,106476.72,109199.25,15.5
2019-06-21,15.44,15.82,15.44,230194.7,0.24,1.55,15.35,15.315,15.375,131775.18,121175.16,114805.65,15.74
2019-06-24,15.68,15.82,15.54,137048.3,0.06,0.38,15.48,15.392,15.396,143978.15,126325.6,114882.97,15.8
2019-06-25,15.73,15.92,15.6,153606.08,0.0,0.0,15.622,15.426,15.399,160607.29,126924.04,116926.86,15.8
2019-06-26,15.79,15.93,15.66,134408.05,0.12,0.76,15.752,15.481,15.402,163176.12,129868.72,116674.43,15.92
2019-06-27,15.92,16.05,15.78,184422.05,-0.07,-0.44,15.822,15.534,15.41,167935.84,140048.19,120530.52,15.85
2019-06-28,15.75,15.83,15.58,110544.34,-0.1,-0.63,15.824,15.587,15.425,144005.76,137890.47,121215.83,15.75
2019-07-01,15.95,16.02,15.83,192167.94,0.25,1.59,15.864,15.672,15.44,155029.69,149503.92,125678.6,16.0
2019-07-02,16.1,16.19,15.9,134115.8,-0.07,-0.44,15.89,15.756,15.467,151131.64,155869.47,125981.37,15.93
2019-07-03,15.87,16.38,15.76,201797.52,0.14,0.88,15.92,15.836,15.514,164609.53,163892.83,131167.95,16.07
2019-07-04,16.07,16.78,16.0,403872.47,0.27,1.68,16.018,15.92,15.578,208499.61,188217.73,147347.22,16.34
2019-07-05,16.25,16.37,16.12,141100.98,-0.14,-0.86,16.108,15.966,15.641,214610.94,179308.35,150241.76,16.2
2019-07-08,16.14,16.17,15.59,148469.59,-0.55,-3.4,16.038,15.951,15.672,205871.27,180450.48,153388.04,15.65
2019-07-09,15.66,15.8,15.61,82053.04,0.04,0.26,15.99,15.94,15.683,195458.72,173295.18,150109.61,15.69
2019-07-10,15.75,16.04,15.55,130175.77,0.04,0.26,15.922,15.921,15.701,181134.37,172871.95,151370.33,15.73
2019-07-11,15.68,15.89,15.55,103945.5,-0.09,-0.57,15.782,15.9,15.717,121148.98,164824.3,152436.24,15.64
2019-07-12,15.63,15.93,15.6,98601.52,0.15,0.96,15.7,15.904,15.746,112649.08,163630.01,150760.24,15.79
2019-07-15,15.81,16.27,15.75,166235.62,0.47,2.98,15.822,15.93,15.801,116202.29,161036.78,155270.35,16.26
2019-07-16,16.27,16.37,16.14,98240.94,-0.04,-0.25,15.928,15.959,15.858,119439.87,157449.3,156659.38,16.22
2019-07-17,16.22,16.39,16.15,120136.92,0.01,0.06,16.028,15.975,15.906,117432.1,149283.24,156588.03,16.23
2019-07-18,16.16,16.2,15.91,121953.5,-0.32,-1.97,16.082,15.932,15.926,121033.7,121091.34,154654.53,15.91
2019-07-19,15.95,16.12,15.85,90203.18,0.13,0.82,16.132,15.916,15.941,119354.03,116001.56,147654.96,16.04
2019-07-22,16.03,16.05,15.58,135201.52,-0.42,-2.62,16.004,15.913,15.932,113147.21,114674.75,147562.62,15.62
2019-07-23,15.58,15.88,15.58,69630.07,0.25,1.6,15.934,15.931,15.936,107425.04,113432.45,143363.82,15.87
2019-07-24,15.94,16.43,15.9,217930.28,0.41,2.58,15.944,15.986,15.954,126983.71,122207.91,147539.93,16.28
2019-07-25,16.25,16.4,16.21,123609.12,0.03,0.18,16.024,16.053,15.977,127314.83,124174.27,144499.28,16.31
2019-07-26,16.33,16.69,16.29,210527.16,0.19,1.17,16.116,16.124,16.014,151379.63,135366.83,149498.42,16.5
2019-07-29,16.6,16.69,16.46,136206.69,0.05,0.3,16.302,16.153,16.042,151580.66,132363.94,146700.36,16.55
2019-07-30,16.6,16.61,16.41,133325.23,-0.07,-0.42,16.424,16.179,16.069,164319.7,135872.37,146660.83,16.48
2019-07-31,16.42,16.58,16.35,121336.32,-0.02,-0.12,16.46,16.202,16.089,145000.9,135992.31,142637.77,16.46
2019-08-01,16.44,16.65,16.19,168838.73,-0.16,-0.97,16.458,16.241,16.087,154046.83,140680.83,130886.08,16.3
2019-08-02,15.96,16.05,15.81,207405.41,-0.37,-2.27,16.344,16.23,16.073,153422.48,152401.05,134201.31,15.93
2019-08-05,15.87,16.34,15.83,198997.8,-0.03,-0.19,16.214,16.258,16.086,165980.7,158780.68,136727.72,15.9
2019-08-06,15.64,15.82,15.46,205200.0,-0.33,-2.08,16.032,16.228,16.08,180355.65,172337.67,142885.06,15.57
2019-08-07,15.65,15.68,15.15,199587.3,-0.38,-2.44,15.778,16.119,16.053,196005.85,170503.38,146355.64,15.19
2019-08-08,15.27,15.5,15.2,159035.16,0.1,0.66,15.576,16.017,16.035,194045.13,174045.98,149110.12,15.29
2019-08-09,15.36,15.39,14.82,209447.36,-0.4,-2.62,15.368,15.856,15.99,194453.52,173938.0,154652.42,14.89
2019-08-12,14.87,15.03,14.82,132214.38,0.12,0.81,15.19,15.702,15.928,181096.84,173538.77,152951.35,15.01
2019-08-13,14.91,15.06,14.8,109411.68,-0.03,-0.2,15.072,15.552,15.866,161939.18,171147.41,153509.89,14.98
2019-08-14,15.13,15.16,14.94,133138.02,0.03,0.2,15.036,15.407,15.805,148649.32,172327.58,154159.95,15.01
2019-08-15,14.68,14.91,14.6,126611.09,-0.14,-0.93,14.952,15.264,15.753,142164.51,168104.82,154392.83,14.87
2019-08-16,14.86,15.06,14.78,98950.43,0.06,0.4,14.96,15.164,15.697,120065.12,157259.32,154830.19,14.93
2019-08-19,15.02,15.38,14.96,173519.7,0.45,3.01,15.034,15.112,15.685,128326.18,154711.51,156746.1,15.38
2019-08-20,15.35,15.52,15.27,150613.48,-0.07,-0.46,15.1,15.086,15.657,136566.54,149252.86,160795.27,15.31
2019-08-21,15.25,15.39,15.2,107065.53,0.01,0.07,15.162,15.099,15.609,131352.05,140000.68,155252.03,15.32
2019-08-22,15.34,15.69,15.27,218673.3,0.26,1.7,15.304,15.128,15.573,149764.49,145964.5,160005.24,15.58
2019-08-23,15.52,15.65,15.37,118777.54,-0.11,-0.71,15.412,15.186,15.521,153729.91,136897.52,155417.76,15.47
2019-08-26,15.18,15.44,15.11,126915.19,-0.1,-0.65,15.41,15.222,15.462,144409.01,136367.6,154953.18,15.37
2019-08-27,15.5,15.69,15.34,216463.59,0.23,1.5,15.468,15.284,15.418,157579.03,147072.79,159110.1,15.6
2019-08-28,15.62,15.92,15.47,239117.16,0.1,0.64,15.544,15.353,15.38,183989.36,157670.7,164999.14,15.7
2019-08-29,15.74,16.03,15.62,251773.41,0.17,1.08,15.602,15.453,15.359,190609.38,170186.93,169145.88,15.87
2019-08-30,15.89,16.15,15.79,327415.06,0.2,1.26,15.722,15.567,15.366,232336.88,193033.4,175146.36,16.07
2019-09-02,16.41,17.48,16.3,795175.75,1.34,8.34,16.13,15.77,15.441,365988.99,255199.0,204955.26,17.41
2019-09-03,17.4,18.12,17.15,708820.06,0.31,1.78,16.554,16.011,15.549,464460.29,311019.66,230136.26,17.72
2019-09-04,17.5,17.91,17.41,411509.0,-0.15,-0.85,16.928,16.236,15.668,498938.66,341464.01,240732.34,17.57
2019-09-05,17.6,17.91,17.45,448052.97,0.1,0.57,17.288,16.445,15.787,538194.57,364401.97,255183.24,17.67
2019-09-06,17.79,18.11,17.5,345216.09,0.03,0.17,17.614,16.668,15.927,541754.77,387045.83,261971.67,17.7
2019-09-09,17.9,17.9,17.65,321129.81,0.15,0.85,17.702,16.916,16.069,446945.59,406467.29,271417.44,17.85
2019-09-10,17.8,18.29,17.4,418205.53,-0.33,-1.85,17.662,17.108,16.196,388822.68,426641.48,286857.14,17.52
2019-09-11,17.68,17.86,17.4,279200.19,0.04,0.23,17.66,17.294,16.324,362360.92,430649.79,294160.24,17.56
2019-09-12,17.55,17.62,17.26,243224.69,-0.15,-0.85,17.608,17.448,16.451,321395.26,429794.92,299990.92,17.41
2019-09-16,17.56,17.77,17.32,208607.31,0.06,0.34,17.562,17.588,16.578,294073.51,417914.14,305473.77,17.47
2019-09-17,17.43,17.43,16.8,322625.88,-0.63,-3.61,17.36,17.531,16.651,294372.72,370659.15,312929.08,16.84
2019-09-18,16.99,17.0,16.74,176492.22,0.0,0.0,17.224,17.443,16.727,246030.06,317426.37,314223.01,16.84
2019-09-19,16.9,17.04,16.78,193380.69,0.15,0.89,17.11,17.385,16.811,228866.16,295613.54,318538.77,16.99
2019-09-20,17.0,17.01,16.45,289713.84,-0.26,-1.53,16.974,17.291,16.868,238163.99,279779.63,322090.8,16.73
2019-09-23,16.67,16.86,16.35,231643.42,-0.16,-0.96,16.794,17.178,16.923,242771.21,268422.36,327734.09,16.57
2019-09-24,16.6,16.71,16.49,175949.91,-0.05,-0.3,16.73,17.045,16.981,213436.02,253904.37,330185.83,16.52
2019-09-25,16.51,16.62,16.2,187682.16,-0.28,-1.7,16.61,16.917,17.013,215674.0,230852.03,328746.76,16.24
2019-09-26,16.37,16.39,15.7,250124.52,-0.53,-3.26,16.354,16.732,17.013,227022.77,227944.46,329297.13,15.71
2019-09-27,15.72,15.84,15.68,151307.69,0.01,0.06,16.152,16.563,17.006,199341.54,218752.76,324273.84,15.72
2019-09-30,15.79,15.87,15.55,129786.55,-0.17,-1.08,15.948,16.371,16.98,178970.17,210870.69,314392.41,15.55
2019-10-08,15.56,15.68,15.3,134680.22,-0.23,-1.48,15.708,16.219,16.875,170716.23,192076.12,281367.64,15.32
2019-10-09,15.31,15.46,15.2,102737.4,0.12,0.78,15.548,16.079,16.761,153727.28,184700.64,251063.5,15.44
2019-10-10,15.43,15.53,15.35,129349.75,0.05,0.32,15.504,15.929,16.657,129572.32,178297.55,236955.54,15.49
2019-10-11,15.52,15.54,15.25,145360.52,-0.12,-0.78,15.434,15.793,16.542,128382.89,163862.21,221820.92,15.37
2019-10-14,15.52,15.67,15.42,202519.81,0.23,1.5,15.444,15.696,16.437,142929.54,160949.85,214686.11,15.6
2019-10-15,15.58,15.59,15.27,145316.66,-0.29,-1.86,15.442,15.575,16.31,145056.83,157886.53,205895.45,15.31
2019-10-16,15.35,15.47,15.22,99757.76,-0.08,-0.52,15.4,15.474,16.196,144460.9,149094.09,189973.06,15.23
2019-10-17,15.23,15.31,15.14,82689.67,-0.03,-0.2,15.342,15.423,16.078,135128.88,132350.6,180147.53,15.2
2019-10-18,15.27,15.27,14.94,121531.06,-0.25,-1.65,15.258,15.346,15.955,130362.99,129372.94,174062.85,14.95
2019-10-21,14.94,15.18,14.78,98806.06,0.22,1.47,15.172,15.308,15.84,109620.24,126274.89,168572.79,15.17
2019-10-22,15.18,15.22,15.01,86889.65,0.0,0.0,15.144,15.293,15.756,97934.84,121495.83,156785.98,15.17
2019-10-23,15.3,15.32,15.0,94423.65,-0.08,-0.53,15.116,15.258,15.669,96868.02,120664.46,152682.55,15.09
2019-10-24,15.0,15.13,14.94,88056.73,0.01,0.07,15.096,15.219,15.574,97941.43,116535.16,147416.35,15.1
2019-10-25,15.06,15.3,14.98,143007.33,0.18,1.19,15.162,15.21,15.502,102236.68,116299.84,140081.03,15.28
2019-10-28,15.31,15.45,15.16,159660.94,0.17,1.11,15.218,15.195,15.446,114407.66,112013.95,136481.9,15.45
2019-10-29,15.44,15.44,15.1,159383.08,-0.34,-2.2,15.206,15.175,15.375,128906.35,113420.59,135653.56,15.11
2019-10-30,15.11,15.11,14.86,104871.56,-0.21,-1.39,15.168,15.142,15.308,130995.93,113931.97,131513.03,14.9
2019-10-31,14.93,15.12,14.83,100743.84,0.11,0.74,15.15,15.123,15.273,133533.35,115737.39,124044.0,15.01
2019-11-01,14.97,15.1,14.92,77547.7,0.06,0.4,15.108,15.135,15.241,120441.42,111339.05,120356.0,15.07
2019-11-04,15.13,15.25,15.05,99803.24,0.1,0.66,15.052,15.135,15.222,108469.88,111438.77,118856.83,15.17
2019-11-05,15.15,15.18,14.95,113451.38,-0.08,-0.53,15.048,15.127,15.21,99283.54,114094.95,117795.39,15.09
2019-11-06,16.6,16.6,16.15,522499.16,1.51,10.01,15.388,15.278,15.268,182809.06,156902.5,138783.48,16.6
2019-11-07,16.8,16.82,16.06,702570.25,-0.45,-2.71,15.616,15.383,15.301,303174.35,218353.85,167444.5,16.15
2019-11-08,16.18,16.48,15.9,344859.62,-0.24,-1.49,15.784,15.446,15.328,356636.73,238539.08,177419.46,15.91
2019-11-11,15.8,15.8,15.45,237413.28,-0.3,-1.89,15.872,15.462,15.329,384158.74,246314.31,179164.13,15.61
2019-11-12,15.64,15.76,15.33,189022.72,0.12,0.77,16.0,15.524,15.35,399273.01,249278.28,181349.43,15.73
2019-11-13,15.64,15.68,15.47,115338.57,-0.23,-1.46,15.78,15.584,15.363,317840.89,250324.98,182128.47,15.5
2019-11-14,15.51,15.61,15.34,137489.55,0.02,0.13,15.654,15.635,15.379,204824.75,253999.55,184868.47,15.52
2019-11-15,15.54,15.65,15.22,184135.08,-0.3,-1.93,15.516,15.65,15.393,172679.84,264658.29,187998.67,15.22
2019-11-18,15.13,15.3,15.01,100724.65,0.04,0.26,15.446,15.659,15.397,145342.11,264750.43,188094.6,15.26
2019-11-19,15.25,15.58,15.19,130853.85,0.31,2.03,15.414,15.707,15.417,133708.34,266490.67,190292.81,15.57
2019-11-20,15.59,15.72,15.34,130710.05,-0.2,-1.28,15.388,15.584,15.431,136782.64,227311.76,192107.13,15.37
2019-11-21,15.31,15.84,15.25,186768.56,0.29,1.89,15.416,15.535,15.459,146638.44,175731.59,197042.72,15.66
2019-11-22,15.6,15.76,15.39,172777.64,-0.03,-0.19,15.498,15.507,15.477,144366.95,158523.4,198531.24,15.63
2019-11-25,15.65,15.65,15.44,85195.68,0.0,0.0,15.572,15.509,15.486,141261.16,143301.64,194807.97,15.63
2019-11-26,15.64,16.16,15.56,253571.41,0.34,2.17,15.652,15.533,15.529,165804.67,149756.5,199517.39,15.97
2019-11-27,15.86,15.95,15.75,96563.98,-0.08,-0.5,15.756,15.572,15.578,158975.45,147879.05,199102.01,15.89
2019-11-28,15.84,15.89,15.62,90397.5,-0.13,-0.82,15.776,15.596,15.616,139701.24,143169.84,198584.69,15.76
2019-11-29,15.73,15.96,15.59,126958.83,0.14,0.89,15.83,15.664,15.657,130537.48,137452.22,201055.25,15.9
2019-12-02,15.92,16.08,15.82,95869.1,-0.03,-0.19,15.878,15.725,15.692,132672.16,136966.66,200858.54,15.87
2019-12-03,15.8,16.15,15.74,158251.19,0.23,1.45,15.904,15.778,15.743,113608.12,139706.39,203098.53,16.1
2019-12-04,16.0,16.24,15.95,160417.09,0.1,0.62,15.966,15.861,15.723,126378.74,142677.1,184994.43,16.2
2019-12-05,16.2,16.36,16.13,183184.36,0.1,0.62,16.074,15.925,15.73,144936.11,142318.68,159025.14,16.3
2019-12-06,16.25,16.32,16.1,114810.73,-0.05,-0.31,16.144,15.987,15.747,142506.49,136521.99,147522.69,16.25
2019-12-09,16.24,16.26,16.07,110851.2,-0.14,-0.86,16.192,16.035,15.772,145502.91,139087.54,141194.59,16.11
2019-12-10,16.12,16.15,15.85,146816.27,-0.13,-0.81,16.168,16.036,15.785,143215.93,128412.03,139084.26,15.98
2019-12-11,15.96,16.16,15.92,135830.27,0.07,0.44,16.138,16.052,15.812,138298.57,132338.65,140108.85,16.05
2019-12-12,15.99,16.03,15.87,107399.15,-0.14,-0.87,16.06,16.067,15.832,123141.52,134038.82,138604.33,15.91
2019-12-13,15.9,16.05,15.88,138191.62,0.13,0.82,16.018,16.081,15.873,127817.7,135162.1,136307.16,16.04
2019-12-16,16.15,16.63,16.12,348540.72,0.49,3.06,16.102,16.147,15.936,175355.61,160429.26,148697.96,16.53
2019-12-17,16.53,16.65,16.43,241244.02,0.01,0.06,16.214,16.191,15.985,194241.16,168728.54,154217.47,16.54
2019-12-18,16.65,16.78,16.44,202663.91,-0.1,-0.6,16.292,16.215,16.038,207607.88,172953.23,157815.16,16.44
2019-12-19,16.43,16.57,16.4,129111.01,0.01,0.06,16.4,16.23,16.078,211950.26,167545.89,154932.28,16.45
2019-12-20,16.42,16.47,16.15,169474.84,-0.25,-1.52,16.432,16.225,16.106,218206.9,173012.3,154767.14,16.2
2019-12-23,16.19,16.29,15.94,131816.2,-0.23,-1.42,16.32,16.211,16.123,174862.0,175108.8,157098.17,15.97
2019-12-24,15.97,16.24,15.97,106844.13,0.21,1.31,16.248,16.231,16.134,147982.02,171111.59,149761.81,16.18
2019-12-25,16.15,16.28,16.06,114171.55,0.06,0.37,16.208,16.25,16.151,130283.55,168945.72,150642.18,16.24
2019-12-26,16.23,16.29,16.15,86129.94,0.03,0.18,16.172,16.286,16.177,121687.33,166818.79,150428.81,16.27
2019-12-27,16.27,16.43,16.09,158381.81,-0.15,-0.92,16.156,16.294,16.188,119468.73,168837.81,151999.96,16.12
2019-12-30,16.11,16.37,15.9,136333.16,0.22,1.36,16.23,16.275,16.211,120372.12,147617.06,154023.16,16.34
2019-12-31,16.33,16.42,16.25,116997.57,0.04,0.24,16.27,16.259,16.225,122402.81,135192.41,151960.48,16.38
2020-01-02,16.45,16.77,16.41,254694.56,0.16,0.98,16.33,16.269,16.242,150507.41,140395.48,156674.35,16.54
2020-01-03,16.62,17.19,16.57,435724.25,0.48,2.9,16.48,16.326,16.278,220426.27,171056.8,169301.35,17.02
2020-01-06,17.3,17.52,16.93,354680.19,0.06,0.35,16.672,16.414,16.32,259685.95,189577.34,181294.82,17.08
2020-01-07,16.98,17.2,16.96,216694.2,-0.02,-0.12,16.816,16.523,16.367,275758.15,198065.14,186586.97,17.06
2020-01-08,17.19,17.53,16.97,360065.19,0.16,0.94,16.984,16.627,16.429,324371.68,223387.24,197249.41,17.22
2020-01-09,16.9,16.98,16.75,239312.56,-0.25,-1.45,17.07,16.7,16.475,321295.28,235901.34,202423.53,16.97
2020-01-10,16.96,17.05,16.78,144673.58,-0.14,-0.82,17.032,16.756,16.521,263085.14,241755.71,204287.25,16.83
2020-01-13,16.78,16.93,16.6,156908.34,0.08,0.47,16.998,16.835,16.565,223530.77,241608.36,205223.09,16.91
2020-01-14,16.95,17.22,16.87,242272.23,-0.01,-0.06,16.966,16.891,16.583,228646.38,252202.27,199909.66,16.9
2020-01-15,16.88,16.94,16.5,195316.44,-0.33,-1.95,16.836,16.91,16.585,195696.63,260034.15,197613.28,16.57
2020-01-16,16.64,17.04,16.61,227632.44,0.05,0.3,16.766,16.918,16.594,193360.61,257327.94,198861.71,16.62
2020-01-17,16.62,16.77,16.54,142604.8,0.02,0.12,16.728,16.88,16.603,192946.85,228016.0,199536.4,16.64
2020-01-20,16.66,17.09,16.66,221037.3,0.31,1.86,16.736,16.867,16.641,205772.64,214651.71,202114.52,16.95
2020-01-21,16.9,17.08,16.82,173624.41,-0.07,-0.41,16.732,16.849,16.686,192043.08,210344.73,204204.93,16.88
2020-01-22,16.79,17.04,16.52,174847.34,0.06,0.35,16.806,16.821,16.724,187949.26,191822.94,207605.09,16.94
2020-01-23,16.8,17.46,16.55,344652.69,-0.3,-1.77,16.81,16.788,16.744,211353.31,202356.96,219129.15,16.64
