date,open,high,low,volume,price_change,p_change,ma5,ma10,ma20,v_ma5,v_ma10,v_ma20,close
2017-07-25,56.38,56.44,55.31,167958.69,-0.55,-0.98,55.36,55.36,55.36,167958.69,167958.69,167958.69,55.36
2017-07-26,55.4,56.01,53.5,235266.52,-1.35,-2.44,54.685,54.685,54.685,201612.61,201612.61,201612.61,54.01
2017-07-27,54.0,54.3,53.05,208622.44,-0.26,-0.48,54.373,54.373,54.373,203949.22,203949.22,203949.22,53.75
2017-07-28,53.73,55.79,53.42,336786.16,1.98,3.68,54.713,54.713,54.713,237158.45,237158.45,237158.45,55.73
2017-07-31,55.94,57.38,55.6,423000.0,0.03,0.05,54.922,54.922,54.922,274326.76,274326.76,274326.76,55.76
2017-08-01,55.88,56.58,55.01,229209.05,0.82,1.47,55.166,55.198,55.198,286576.83,266807.14,266807.14,56.58
2017-08-02,56.1,56.68,55.38,184803.3,-0.87,-1.54,55.506,55.271,55.271,276484.19,255092.31,255092.31,55.71
2017-08-03,55.4,55.86,54.12,263133.09,-1.21,-2.17,55.656,55.175,55.175,287386.32,256097.41,256097.41,54.5
2017-08-04,54.5,55.05,53.95,194898.02,-0.41,-0.75,55.328,55.054,55.054,259008.69,249297.47,249297.47,54.09
2017-08-07,53.9,56.15,53.42,270721.31,1.91,3.53,55.376,55.149,55.149,228552.95,251439.86,251439.86,56.0
2017-08-08,55.79,56.38,55.4,166233.95,-0.19,-0.34,55.222,55.194,55.209,215957.93,251267.38,243693.87,55.81
2017-08-09,55.61,57.8,55.02,414404.25,0.83,1.49,55.408,55.457,55.328,261878.12,269181.16,257919.73,56.64
2017-08-10,56.78,58.88,56.64,416247.28,0.96,1.7,56.028,55.842,55.503,292500.96,289943.64,270098.77,57.6
2017-08-11,57.0,57.58,55.95,285916.97,-1.6,-2.78,56.41,55.869,55.539,310704.75,284856.72,271228.65,56.0
2017-08-14,56.15,57.8,56.15,305781.75,1.38,2.46,56.686,56.031,55.661,317716.84,273134.9,273532.19,57.38
2017-08-15,57.38,57.97,56.92,170830.84,0.12,0.21,57.024,56.123,55.776,318636.22,267297.08,267113.35,57.5
2017-08-16,57.5,57.5,56.38,172478.08,-0.65,-1.13,57.066,56.237,55.839,270250.98,266064.55,261546.57,56.85
2017-08-17,56.78,56.78,55.48,234420.84,-1.04,-1.83,56.708,56.368,55.838,233885.7,263193.33,260039.59,55.81
2017-08-18,55.45,56.21,55.27,129384.47,0.0,0.0,56.67,56.54,55.836,202579.2,256641.97,253163.0,55.81
2017-08-21,55.81,56.1,55.08,178542.0,-0.3,-0.54,56.296,56.491,55.82,177131.25,247424.04,249431.95,55.51
2017-08-22,55.01,55.11,52.8,396438.84,-1.43,-2.58,55.612,56.318,55.756,222252.85,270444.53,260855.96,54.08
2017-08-23,53.72,55.0,53.6,210138.69,0.71,1.31,55.2,56.133,55.795,229784.97,250017.98,259599.57,54.79
2017-08-24,54.74,55.0,53.9,153140.69,-0.73,-1.33,54.85,55.779,55.811,213528.94,223707.32,256825.48,54.06
2017-08-25,54.08,54.48,53.53,231029.36,0.04,0.07,54.508,55.589,55.729,233857.92,218218.56,251537.64,54.1
2017-08-28,54.97,56.5,54.97,438887.28,1.33,2.46,54.492,55.394,55.713,285926.97,231529.11,252332.0,55.43
2017-08-29,55.37,55.85,54.88,231257.5,-0.24,-0.43,54.714,55.163,55.643,252890.7,237571.78,252434.43,55.19
2017-08-30,55.31,56.47,55.1,260563.59,1.06,1.92,55.006,55.103,55.67,262975.68,246380.33,256222.44,56.25
2017-08-31,56.25,56.54,55.05,190220.88,-0.76,-1.35,55.292,55.071,55.72,270391.72,241960.33,252576.83,55.49
2017-09-01,55.35,55.93,55.06,177448.94,0.01,0.02,55.572,55.04,55.79,259675.64,246766.78,251704.38,55.5
2017-09-04,55.45,55.45,54.08,298621.44,-1.29,-2.32,55.328,54.91,55.701,231622.47,258774.72,253099.38,54.21
2017-09-05,54.23,54.77,54.03,151024.84,0.06,0.11,55.144,54.929,55.624,215575.94,234233.32,252338.93,54.27
2017-09-06,54.2,54.49,53.7,188344.95,-0.44,-0.81,54.66,54.833,55.483,201132.21,232053.95,241035.96,53.83
2017-09-07,53.9,54.04,52.8,225734.41,-0.68,-1.26,54.192,54.742,55.261,208234.92,239313.32,231510.32,53.15
2017-09-08,52.96,52.96,51.62,344009.91,-1.3,-2.45,53.462,54.517,55.053,241547.11,250611.37,234414.97,51.85
2017-09-11,51.58,53.0,50.65,406714.62,1.02,1.97,53.194,54.261,54.828,263165.75,247394.11,239461.61,52.87
2017-09-12,52.52,53.65,52.23,248611.52,0.73,1.38,53.06,54.102,54.633,282683.08,249129.51,243350.64,53.6
2017-09-13,53.63,55.5,53.58,364457.75,1.36,2.54,53.286,53.973,54.538,317905.64,259518.93,252949.63,54.96
2017-09-14,54.86,55.39,54.5,215132.05,-0.16,-0.29,53.616,53.904,54.488,315785.17,262010.04,251985.19,54.8
2017-09-15,54.81,55.58,54.69,197118.72,0.13,0.24,54.232,53.847,54.444,286406.93,263977.02,255371.9,54.93
2017-09-18,55.15,56.8,55.1,287200.31,1.49,2.71,54.942,54.068,54.489,262504.07,262834.91,260804.81,56.42
2017-09-19,56.5,57.5,56.12,221880.36,0.05,0.09,55.516,54.288,54.609,257157.84,269920.46,252076.89,56.47
2017-09-20,56.87,57.5,56.11,185299.84,0.05,0.09,55.828,54.557,54.695,221326.26,269615.95,250834.95,56.52
2017-09-21,56.54,56.54,55.43,164267.05,-0.8,-1.42,56.012,54.814,54.778,211153.26,263469.21,251391.27,55.72
2017-09-22,55.43,56.43,55.4,143850.03,0.36,0.65,56.242,55.237,54.877,200499.52,243453.23,247032.3,56.08
2017-09-25,56.28,57.5,56.28,246144.31,1.34,2.39,56.442,55.692,54.977,192288.32,227396.19,237395.15,57.42
2017-09-26,57.35,57.35,56.51,142994.62,-0.53,-0.92,56.526,56.021,55.062,176511.17,216834.5,232982.01,56.89
2017-09-27,56.67,57.22,56.15,158626.02,-0.19,-0.33,56.562,56.195,55.084,171176.41,196251.33,227885.13,56.7
2017-09-28,56.61,58.11,56.53,290437.19,0.75,1.32,56.908,56.46,55.182,196410.43,203781.85,232895.94,57.45
2017-09-29,57.4,58.45,56.63,217161.95,-0.17,-0.3,57.148,56.695,55.271,211072.82,205786.17,234881.59,57.28
2017-10-09,58.0,59.1,57.01,216849.05,1.26,2.2,57.372,56.907,55.488,205213.77,198751.04,230792.98,58.54
2017-10-10,58.54,59.21,57.94,215354.88,0.64,1.09,57.83,57.178,55.733,219685.82,198098.49,234009.48,59.18
2017-10-11,59.18,61.83,58.8,313210.44,2.0,3.38,58.726,57.644,56.101,250602.7,210889.55,240252.75,61.18
2017-10-12,61.36,61.95,60.46,176004.66,-0.37,-0.6,59.398,58.153,56.484,227716.2,212063.32,237766.26,60.81
2017-10-13,60.86,61.95,60.85,162023.88,0.81,1.33,60.266,58.707,56.972,216688.58,213880.7,228666.96,61.62
2017-10-16,61.14,62.15,59.6,270032.78,-1.97,-3.2,60.488,58.93,57.311,227325.33,216269.55,221832.87,59.65
2017-10-17,59.6,60.3,58.92,146292.64,0.45,0.75,60.672,59.251,57.636,213512.88,216599.35,216716.93,60.1
2017-10-18,60.12,61.35,59.17,176535.5,1.25,2.08,60.706,59.716,57.956,186177.89,218390.3,207320.81,61.35
2017-10-19,61.01,63.8,60.81,278718.59,1.65,2.69,61.144,60.271,58.366,206720.68,217218.44,210500.14,63.0
2017-10-20,62.5,62.84,61.71,151819.8,-0.49,-0.78,61.322,60.794,58.745,204679.86,210684.22,208235.2,62.51
2017-10-23,62.49,63.18,61.82,136497.98,0.09,0.14,61.912,61.2,59.054,177972.9,202649.12,200700.08,62.6
2017-10-24,62.45,63.86,61.85,248626.05,0.99,1.58,62.61,61.641,59.41,198439.58,205976.23,202037.36,63.59
2017-10-25,63.59,63.83,62.5,157409.7,-0.57,-0.9,62.944,61.825,59.735,194614.42,190396.16,200642.86,63.02
2017-10-26,65.91,67.18,64.24,414031.56,2.04,3.24,63.356,62.25,60.202,221677.02,214198.85,213131.08,65.06
2017-10-27,65.0,68.99,64.31,423709.88,2.93,4.5,64.452,62.887,60.797,276055.03,240367.45,227124.07,67.99
2017-10-30,67.5,68.01,66.0,336666.75,-0.99,-1.46,65.332,63.622,61.276,316088.79,247030.85,231650.2,67.0
2017-10-31,66.5,66.95,65.5,205535.58,-0.38,-0.57,65.938,64.274,61.763,307470.69,252955.14,234777.24,66.62
2017-11-01,66.65,68.44,66.63,215304.41,0.4,0.6,66.738,64.841,62.279,319049.64,256832.03,237611.16,67.02
2017-11-02,67.05,68.4,66.7,268061.84,0.6,0.9,67.25,65.303,62.787,289855.69,255766.36,236492.4,67.62
2017-11-03,67.45,69.28,67.2,240525.56,0.71,1.05,67.318,65.885,63.34,253218.83,264636.93,237660.58,68.33
2017-11-06,68.85,70.38,68.41,248856.12,1.82,2.66,67.948,66.64,63.92,235656.7,275872.75,239260.93,70.15
2017-11-07,70.45,72.8,69.88,300551.25,0.85,1.21,68.824,67.381,64.511,254659.84,281065.27,243520.75,71.0
2017-11-08,71.0,72.13,70.0,246313.56,-0.53,-0.75,69.514,68.126,64.976,260861.67,289955.65,240175.9,70.47
2017-11-09,70.38,71.22,69.0,244105.77,0.68,0.96,70.22,68.735,65.493,256070.45,272963.07,243580.96,71.15
2017-11-10,70.9,74.73,70.67,316062.94,3.45,4.85,71.474,69.396,66.142,271177.93,262198.38,251282.91,74.6
2017-11-13,74.62,75.01,73.03,255872.95,-0.16,-0.21,72.332,70.14,66.881,272581.29,254119.0,250574.92,74.44
2017-11-14,74.32,74.4,72.1,294816.16,-2.25,-3.02,72.57,70.697,67.486,271434.28,263047.06,258001.1,72.19
2017-11-15,71.95,74.87,71.7,330505.81,2.61,3.62,73.436,71.475,68.158,288272.73,274567.2,265699.61,74.8
2017-11-16,74.6,76.76,74.18,344457.47,1.4,1.87,74.446,72.333,68.818,308343.07,282206.76,268986.56,76.2
2017-11-17,74.0,75.6,72.2,470335.97,-1.34,-1.76,74.498,72.986,69.436,339197.67,305187.8,284912.37,74.86
2017-11-20,73.3,73.3,70.07,323102.09,-1.93,-2.58,74.196,73.264,69.952,352643.5,312612.4,294242.57,72.93
2017-11-21,72.69,74.44,71.2,308197.62,1.02,1.4,74.548,73.559,70.47,355319.79,313377.03,297221.15,73.95
2017-11-22,73.95,75.9,71.54,395239.69,-2.05,-2.77,73.968,73.702,70.914,368266.57,328269.65,309112.65,71.9
2017-11-23,71.25,71.25,67.0,485861.62,-4.33,-6.02,72.242,73.344,71.04,396547.4,352445.23,312704.15,67.57
2017-11-24,67.57,68.48,64.87,467337.09,0.89,1.32,70.962,72.73,71.063,395947.62,367572.65,314885.51,68.46
2017-11-27,67.77,68.68,66.01,280978.03,-0.87,-1.27,69.894,72.045,71.093,387522.81,370083.16,312101.08,67.59
2017-11-28,67.38,69.38,67.0,246912.62,1.09,1.61,68.84,71.694,71.196,375265.81,365292.8,314169.93,68.68
2017-11-29,69.0,69.2,65.54,258542.41,-2.46,-3.58,67.704,70.836,71.156,347926.35,358096.46,316331.83,66.22
2017-11-30,66.22,67.5,64.53,217441.44,-0.62,-0.94,67.31,69.776,71.055,294242.32,345394.86,313800.81,65.6
2017-12-01,66.21,66.65,64.91,211729.59,-0.3,-0.46,66.678,68.82,70.903,243120.82,319534.22,312361.01,65.3
2017-12-04,65.2,68.71,64.03,406862.44,2.65,4.06,66.75,68.322,70.793,268297.7,327910.26,320261.33,67.95
2017-12-05,67.65,69.59,67.36,342025.91,0.37,0.55,66.678,67.759,70.659,287320.36,331293.08,322335.06,68.32
2017-12-06,68.4,69.5,67.5,239022.58,0.0,0.0,67.098,67.401,70.552,283416.39,315671.37,321970.51,68.32
2017-12-07,68.0,68.8,65.8,231990.0,-2.36,-3.45,67.17,67.24,70.292,286326.1,290284.21,321364.72,65.96
2017-12-08,65.71,68.05,65.69,256992.12,1.94,2.94,67.69,67.184,69.957,295378.61,269249.71,318411.18,67.9
2017-12-11,68.7,72.24,68.68,479977.84,4.0,5.89,68.48,67.615,69.83,310001.69,289149.7,329616.43,71.9
2017-12-12,72.26,73.0,71.3,278245.09,-0.04,-0.06,69.188,67.933,69.814,297245.53,292282.94,328787.87,71.86
2017-12-13,72.0,74.35,71.4,299515.03,2.29,3.19,70.354,68.726,69.781,309344.02,296380.2,327238.33,74.15
2017-12-14,74.2,74.88,73.41,209673.12,0.54,0.73,72.1,69.635,69.706,304880.64,295603.37,320499.12,74.69
2017-12-15,74.31,75.45,72.89,230981.42,-1.74,-2.33,73.11,70.4,69.61,299678.5,297528.56,308531.39,72.95
2017-12-18,75.0,77.08,74.6,505532.97,4.13,5.66,74.146,71.313,69.818,304789.53,307395.61,317652.93,77.08
2017-12-19,76.5,79.81,76.5,379556.62,1.34,1.74,75.458,72.323,70.041,325051.83,311148.68,321220.88,78.42
2017-12-20,78.86,81.69,78.03,341029.59,3.18,4.05,76.948,73.651,70.526,333354.74,321349.38,318510.38,81.6
2017-12-21,81.47,83.58,80.5,379395.47,0.55,0.67,78.44,75.27,71.255,367299.21,336089.93,313187.07,82.15
2017-12-22,81.98,82.5,80.0,351801.75,-1.57,-1.91,79.966,76.538,71.861,391463.28,345570.89,307410.3,80.58
2017-12-25,80.6,81.49,78.61,357631.44,-0.02,-0.03,80.662,77.404,72.51,361882.97,333336.25,311242.97,80.56
2017-12-26,80.39,80.69,78.5,238166.2,-1.09,-1.35,80.872,78.165,73.049,333604.89,329328.36,310805.65,79.47
2017-12-27,79.25,79.94,77.86,263330.41,-1.57,-1.98,80.132,78.54,73.633,318065.05,325709.9,311045.05,77.9
2017-12-28,79.99,81.98,78.44,526705.75,2.96,3.8,79.874,79.157,74.396,347527.11,357413.16,326508.27,80.86
2017-12-29,81.0,81.96,78.0,427447.28,-0.98,-1.21,79.734,79.85,75.125,362656.22,377059.75,337294.15,79.88
2018-01-02,80.2,81.0,78.33,315252.31,0.7,0.88,79.738,80.2,75.757,354180.39,358031.68,332713.65,80.58
2018-01-03,80.5,81.76,79.85,284614.25,0.32,0.4,80.024,80.448,76.386,363470.0,348537.45,329843.06,80.9
2018-01-04,80.79,83.61,80.6,360577.03,2.09,2.58,81.042,80.587,77.119,382919.32,350492.19,335920.78,82.99
2018-01-05,82.77,83.45,81.4,231958.08,-0.31,-0.37,81.406,80.64,77.955,323969.79,335748.45,335919.19,82.68
2018-01-08,82.59,83.61,81.6,286818.34,-0.48,-0.58,81.87,80.802,78.67,295844.0,329250.11,337410.5,82.2
2018-01-09,82.4,86.1,82.36,388364.59,3.9,4.75,82.974,81.356,79.38,310466.46,332323.42,332829.84,86.1
2018-01-10,86.49,89.16,85.01,342458.62,2.8,3.25,84.574,82.299,80.232,322035.33,342752.67,336040.51,88.9
2018-01-11,88.74,89.78,87.33,254778.62,-0.94,-1.06,85.568,83.305,80.923,300875.65,341897.49,333803.69,87.96
2018-01-12,87.96,91.75,87.62,320923.56,3.41,3.88,87.306,84.356,81.757,318668.75,321319.27,339366.22,91.37
2018-01-15,91.2,93.18,90.68,379644.09,0.38,0.42,89.216,85.543,82.697,337233.9,316538.95,346799.35,91.75
2018-01-16,90.61,92.5,89.87,366155.19,-0.93,-1.01,90.16,86.567,83.384,332792.02,321629.24,339830.46,90.82
2018-01-17,90.3,91.12,85.65,496108.97,-4.81,-5.3,89.582,87.078,83.763,363522.09,342778.71,345658.08,86.01
2018-01-18,86.31,88.35,84.3,429700.88,0.39,0.45,89.27,87.419,84.003,398506.54,349691.09,350091.64,86.4
2018-01-19,86.4,86.88,84.31,382003.62,-1.23,-1.42,88.03,87.668,84.154,410722.55,364695.65,350222.05,85.17
2018-01-22,85.67,90.5,85.67,445823.53,5.25,6.16,87.764,88.49,84.646,423958.44,380596.17,354923.14,90.42
2018-01-23,90.42,90.8,88.41,384681.69,-0.71,-0.79,87.542,88.851,85.104,427663.74,380227.88,356275.65,89.71
2018-01-24,89.58,89.58,86.66,349695.75,-2.36,-2.63,87.81,88.696,85.498,398381.09,380951.59,361852.13,87.35
2018-01-25,86.6,87.09,84.18,421128.91,-1.35,-1.55,87.73,88.5,85.903,396666.7,397586.62,369742.05,86.0
2018-01-26,85.5,87.77,85.12,312053.75,0.84,0.98,88.064,88.047,86.202,382676.73,396699.64,359009.45,86.84
2018-01-29,86.6,86.6,81.7,591383.25,-4.76,-5.48,86.396,87.08,86.312,411788.67,417873.55,367206.25,82.08
2018-01-30,81.1,83.08,80.12,374621.75,-0.68,-0.83,84.734,86.138,86.353,409776.68,418720.21,370174.72,81.4
2018-01-31,81.32,85.09,81.32,417881.44,2.98,3.66,84.14,85.975,86.527,423413.82,410897.46,376838.08,84.38
2018-02-01,83.6,83.85,81.18,445689.53,-1.4,-1.66,83.536,85.633,86.526,428325.94,412496.32,381093.71,82.98
2018-02-02,82.15,83.88,80.73,348582.28,-0.7,-0.84,82.624,85.344,86.506,435631.65,409154.19,386924.92,82.28
2018-02-05,79.31,79.7,75.17,713302.25,-4.41,-5.36,81.782,84.089,86.29,460015.45,435902.06,408249.11,77.87
2018-02-06,76.0,77.75,74.9,541969.19,-1.43,-1.84,80.79,82.762,85.807,493484.94,451630.81,415929.34,76.44
2018-02-07,77.59,78.1,70.12,703814.94,-5.42,-7.09,78.118,81.129,84.913,550671.64,487042.73,433997.16,71.02
2018-02-08,70.85,73.88,70.85,544907.0,1.0,1.41,75.926,79.731,84.116,570515.13,499420.54,448503.58,72.02
2018-02-09,69.22,71.4,66.93,588920.94,-0.82,-1.14,73.71,78.167,83.107,618582.86,527107.26,461903.45,71.2
2018-02-12,72.0,75.0,72.0,446022.47,3.2,4.49,73.016,77.399,82.24,565126.91,512571.18,465222.37,74.4
2018-02-13,75.09,76.95,75.0,283840.41,0.7,0.94,72.748,76.769,81.454,513501.15,503493.05,461106.63,75.1
2018-02-14,76.1,76.66,74.52,208043.05,1.5,2.0,73.864,75.991,80.983,414346.77,482509.21,446703.33,76.6
2018-02-22,77.8,80.23,77.6,290978.28,3.5,4.57,75.48,75.703,80.668,363561.03,467038.08,439767.2,80.1
2018-02-23,80.01,80.98,78.52,189117.05,-0.46,-0.57,77.168,75.439,80.392,283600.25,451091.56,430122.87,79.64
2018-02-26,79.6,79.95,77.0,320269.62,-1.12,-1.41,77.992,75.504,79.797,258449.68,411788.3,423845.18,78.52
2018-02-27,78.99,79.1,75.9,290749.03,-2.42,-3.08,78.192,75.47,79.116,259831.41,386666.28,419148.54,76.1
2018-02-28,74.0,75.78,73.0,330101.91,-1.82,-2.39,77.728,75.796,78.463,284243.18,349294.98,418168.85,74.28
2018-03-01,73.8,75.46,73.53,254649.28,0.04,0.05,76.572,76.026,77.879,276977.38,320269.2,409844.87,74.32
2018-03-02,73.8,74.8,72.5,246606.95,-0.9,-1.21,75.328,76.248,77.208,288475.36,286037.81,406572.53,73.42
2018-03-05,73.81,74.48,72.01,211151.31,-1.33,-1.81,74.042,76.017,76.708,266651.7,262550.69,387560.93,72.09
2018-03-06,72.76,73.31,70.02,406942.38,1.15,1.59,73.47,75.831,76.3,289890.37,274860.89,389176.97,73.24
2018-03-07,73.24,75.08,73.0,283760.81,0.04,0.06,73.27,75.499,75.745,280622.15,282432.66,382470.93,73.28
2018-03-08,73.79,76.96,73.3,395204.12,3.62,4.94,73.786,75.179,75.441,308733.11,292855.25,379946.66,76.9
2018-03-09,77.3,78.39,76.18,245528.55,0.2,0.26,74.522,74.925,75.182,308517.43,298496.4,374793.98,77.1
2018-03-12,77.6,77.8,75.46,242334.36,-0.95,-1.23,75.334,74.688,75.096,314754.04,290702.87,351245.58,76.15
2018-03-13,76.24,76.99,74.5,231137.59,-1.54,-2.02,75.608,74.539,75.005,279593.09,284741.73,335704.0,74.61
2018-03-14,74.0,75.67,73.1,240224.56,0.94,1.26,76.062,74.666,75.231,270885.84,275753.99,312524.48,75.55
2018-03-15,75.68,78.28,75.67,373403.75,2.45,3.24,76.282,75.034,75.53,266525.76,287629.44,303949.32,78.0
2018-03-16,78.2,78.74,76.82,205189.36,-1.13,-1.45,76.236,75.379,75.814,258457.92,283487.68,284762.74,76.87
2018-03-19,76.34,78.15,76.0,210195.72,0.84,1.09,76.548,75.941,75.979,252030.2,283392.12,272971.4,77.71
2018-03-20,76.56,76.95,74.63,239324.36,-2.06,-2.65,76.756,76.182,76.007,253667.55,266630.32,270745.6,75.65
2018-03-21,76.32,76.58,74.18,243100.66,-1.13,-1.49,76.55,76.306,75.903,254242.77,262564.3,272498.48,74.52
2018-03-22,74.08,74.61,72.0,328495.44,-2.39,-3.21,75.376,75.829,75.504,245261.11,255893.44,274374.34,72.13
2018-03-23,70.0,71.48,68.8,321383.44,-0.76,-1.05,74.276,75.256,75.091,268499.92,263478.92,280987.66,71.37
2018-03-26,70.53,71.0,69.1,278668.06,-1.38,-1.93,72.732,74.64,74.664,282194.39,267112.29,278907.58,69.99
2018-03-27,71.0,71.55,67.3,541147.62,-1.52,-2.17,71.296,74.026,74.283,342559.04,298113.3,291427.51,68.47
2018-03-28,67.1,68.16,64.66,662488.5,-3.73,-5.45,69.34,72.945,73.806,426436.61,340339.69,308046.84,64.74
2018-03-29,65.5,67.85,63.88,522912.19,2.76,4.26,68.414,71.895,73.465,465319.96,355290.54,321459.99,67.5
2018-03-30,67.25,67.65,65.91,314311.19,-1.14,-1.69,67.412,70.844,73.112,463905.51,366202.72,324845.2,66.36
2018-04-02,65.9,67.81,65.02,331057.41,0.07,0.1,66.7,69.716,72.829,474383.38,378288.89,330840.5,66.43
2018-04-03,65.9,67.64,65.83,396232.09,0.69,1.04,66.43,68.863,72.523,445400.28,393979.66,330304.99,67.12
2018-04-04,67.48,70.66,67.41,500768.75,2.78,4.14,67.462,68.401,72.354,413056.33,419746.47,341155.39,69.9
2018-04-09,69.89,70.59,68.85,241021.41,-0.15,-0.21,67.912,68.163,71.996,356678.17,410999.07,333446.25,69.75
2018-04-10,69.75,70.38,69.25,207430.86,0.63,0.9,68.716,68.064,71.66,335302.1,399603.81,331541.37,70.38
2018-04-11,70.76,71.4,70.01,240838.7,-0.07,-0.1,69.492,68.096,71.368,317258.36,395820.87,331466.58,70.31
2018-04-12,70.29,70.7,69.15,207163.95,-1.11,-1.58,69.908,68.169,71.098,279444.73,362422.51,330267.9,69.2
2018-04-13,69.89,70.25,67.53,236600.0,-1.22,-1.76,69.524,68.493,70.719,226610.98,319833.66,330086.67,67.98
2018-04-16,67.7,68.98,67.01,223977.59,-0.01,-0.01,69.168,68.54,70.218,223202.22,289940.2,322615.37,67.97
2018-04-17,68.4,68.75,66.6,200557.27,-0.97,-1.43,68.492,68.604,69.724,221827.5,278564.8,322383.76,67.0
2018-04-18,67.6,67.94,65.15,239505.31,-0.67,-1.0,67.696,68.594,69.155,221560.82,269409.59,323849.24,66.33
2018-04-19,67.3,70.5,66.42,370867.69,4.04,6.09,67.93,68.919,68.891,254301.57,266873.15,330426.41,70.37
2018-04-20,70.0,71.35,68.88,307060.28,-0.74,-1.05,68.26,68.892,68.647,268393.63,247502.31,333624.39,69.63
2018-04-23,69.3,70.5,68.68,214696.77,0.06,0.09,68.604,68.886,68.525,266537.46,244869.84,327934.45,69.69
2018-04-24,70.0,72.6,70.0,369737.44,2.74,3.93,69.69,69.091,68.578,300373.5,261100.5,330352.15,72.43
2018-04-25,71.91,72.65,71.7,174748.28,-0.09,-0.12,70.892,69.294,68.695,287422.09,254491.46,325156.17,72.34
2018-04-26,71.9,71.91,68.8,283517.0,-3.24,-4.48,70.638,69.284,68.727,269951.95,262126.76,312274.63,69.1
2018-04-27,69.97,69.97,66.8,236215.86,-1.12,-1.62,70.308,69.284,68.889,255783.07,262088.35,290961.0,67.98
2018-05-02,69.2,71.25,68.01,348306.25,3.24,4.77,70.614,69.609,69.075,282504.97,274521.22,282230.71,71.22
2018-05-03,71.29,73.98,70.5,319841.16,2.58,3.62,70.888,70.289,69.447,272525.71,286449.6,282507.2,73.8
2018-05-04,73.55,73.94,72.8,198829.77,-0.9,-1.22,71.0,70.946,69.77,277342.01,282382.05,275895.82,72.9
2018-05-07,73.28,76.18,72.98,344448.72,3.1,4.25,72.38,71.509,70.214,289528.35,279740.15,273306.65,76.0
2018-05-08,75.8,76.85,75.33,285320.16,0.04,0.05,73.992,72.15,70.521,299349.21,277566.14,262534.22,76.04
2018-05-09,75.8,76.37,74.85,209262.2,0.21,0.28,74.998,72.806,70.846,271540.4,277022.68,260946.26,76.25
2018-05-10,76.37,78.19,76.35,283044.28,1.73,2.27,75.834,73.361,71.226,264181.03,268353.37,264726.93,77.98
2018-05-11,78.55,79.35,77.0,222389.64,-0.92,-1.18,76.666,73.833,71.564,268893.0,273117.5,263804.48,77.06
2018-05-14,77.66,78.98,77.3,228929.23,1.26,1.64,77.13,74.755,72.02,245789.1,267658.73,264892.75,78.32
2018-05-15,78.31,79.5,77.48,233696.0,1.06,1.35,77.798,75.895,72.59,235464.27,267406.74,264747.55,79.38
2018-05-16,79.43,80.11,78.95,261351.48,-0.21,-0.27,78.382,76.69,73.15,245882.13,258711.26,266616.24,79.17
2018-05-17,79.4,79.64,76.6,268731.53,-2.1,-2.65,78.2,77.017,73.653,243019.58,253600.3,270024.95,77.07
2018-05-18,76.91,77.98,75.5,216570.77,0.52,0.68,78.306,77.486,74.216,241855.8,255374.4,268878.23,77.59
2018-05-21,78.1,79.06,76.62,186791.08,-0.41,-0.53,78.078,77.604,74.557,233428.17,239608.64,259674.4,77.18
2018-05-22,76.9,78.08,76.15,172875.56,0.47,0.61,77.732,77.765,74.958,221264.08,228364.18,252965.16,77.65
2018-05-23,77.5,78.14,76.33,194626.06,-1.21,-1.56,77.186,77.784,75.295,207919.0,226900.56,251961.62,76.44
2018-05-24,76.4,76.98,74.0,288808.5,-2.42,-3.17,76.576,77.388,75.375,211934.39,227476.99,247915.18,74.02
2018-05-25,74.02,75.66,74.01,247337.28,0.28,0.38,75.918,77.112,75.473,218087.7,229971.75,251544.63,74.3
2018-05-28,74.88,77.45,74.26,349508.81,3.15,4.24,75.972,77.025,75.89,250631.24,242029.71,254844.22,77.45
2018-05-29,77.5,79.16,76.13,329253.25,-1.11,-1.43,75.71,76.721,76.308,281906.78,251585.43,259496.09,76.34
2018-05-30,75.65,78.08,74.1,267655.69,0.46,0.6,75.782,76.484,76.587,296512.71,252215.85,255463.56,76.8
2018-05-31,77.79,79.59,76.85,415294.28,2.18,2.84,76.774,76.675,76.846,321809.86,266872.13,260236.21,78.98
2018-06-01,78.64,79.9,77.74,276379.19,-0.36,-0.46,77.638,76.778,77.132,327618.24,272852.97,264113.69,78.62
2018-06-04,78.88,82.13,77.9,457021.41,3.18,4.04,78.508,77.24,77.422,349120.76,299876.0,269742.32,81.8
2018-06-05,82.0,83.73,80.62,395105.97,1.0,1.22,79.8,77.755,77.76,362291.31,322099.04,275231.61,82.8
2018-06-06,82.75,83.6,81.8,281190.41,-0.69,-0.83,80.862,78.322,78.053,364998.25,330755.48,278828.02,82.11
2018-06-07,82.4,82.78,80.44,240228.69,-1.26,-1.53,81.236,79.005,78.197,329985.13,325897.5,276687.24,80.85
2018-06-08,80.33,81.49,79.13,256876.84,-0.46,-0.57,81.59,79.614,78.363,326084.66,326851.45,278411.6,80.39
2018-06-11,80.35,83.58,80.08,417894.38,2.09,2.6,81.726,80.117,78.571,318259.26,333690.01,287859.86,82.48
2018-06-12,82.83,86.47,82.16,460432.41,3.52,4.27,82.366,81.083,78.902,331324.55,346807.93,299196.68,86.0
2018-06-13,85.79,86.66,85.03,286972.53,-0.53,-0.62,83.038,81.95,79.217,332480.97,348739.61,300477.73,85.47
2018-06-14,85.38,86.11,82.65,265874.16,-1.06,-1.24,83.75,82.493,79.584,337610.06,333797.6,300334.86,84.41
2018-06-15,84.0,84.51,82.61,240696.31,-1.16,-1.37,84.322,82.956,79.867,334373.96,330229.31,301541.14,83.25
2018-06-19,82.0,82.73,79.29,380422.31,-3.37,-4.05,83.802,82.764,80.002,326879.54,322569.4,311222.7,79.88
2018-06-20,80.0,82.2,79.59,263426.16,2.18,2.73,83.014,82.69,80.223,287478.29,309401.42,315750.23,82.06
2018-06-21,81.7,83.36,80.8,265823.81,-1.18,-1.44,82.096,82.567,80.445,283248.55,307864.76,319310.12,80.88
2018-06-22,80.4,80.7,79.03,248933.8,-0.7,-0.86,81.25,82.5,80.753,279860.48,308735.27,317316.38,80.18
2018-06-25,81.02,83.67,81.02,366609.62,1.93,2.41,81.022,82.672,81.143,305043.14,319708.55,323280.0,82.11
2018-06-26,81.9,82.93,80.05,289825.19,-0.63,-0.77,81.342,82.572,81.345,286923.72,306901.63,320295.82,81.48
2018-06-27,81.0,81.6,76.29,422711.91,-4.93,-6.05,80.24,81.627,81.355,318780.87,303129.58,324968.75,76.55
2018-06-28,75.22,75.74,73.07,332434.47,-2.9,-3.79,78.794,80.445,81.198,332103.0,307675.77,328207.69,73.65
2018-06-29,74.0,76.68,73.3,229573.58,2.35,3.19,77.958,79.604,81.049,328230.95,304045.72,318921.66,76.0
2018-07-02,76.01,77.76,73.53,262214.09,-1.72,-2.26,76.392,78.707,80.832,307351.85,306197.49,318213.4,74.28
2018-07-03,73.6,74.9,69.58,417057.69,-1.9,-2.56,74.572,77.957,80.361,332798.35,309861.03,316215.22,72.38
2018-07-04,72.08,72.97,70.55,248263.84,-1.68,-2.32,73.402,76.821,79.756,297908.73,308344.8,308873.11,70.7
2018-07-05,71.69,72.71,69.7,328583.03,0.12,0.17,72.836,75.815,79.191,297138.45,314620.72,311242.74,70.82
2018-07-06,69.9,71.98,68.88,331769.16,1.1,1.58,71.76,74.859,78.68,317577.56,322904.26,315819.76,70.62
2018-07-09,71.58,73.55,70.4,321101.12,2.92,4.13,71.612,74.002,78.337,329354.97,318353.41,319030.98,73.54
2018-07-10,73.57,74.13,72.08,220143.56,-0.17,-0.23,71.81,73.191,77.882,289972.14,311385.25,309143.44,73.37
2018-07-11,71.2,72.64,70.93,191724.69,-1.29,-1.76,72.086,72.744,77.186,278664.31,288286.52,295708.05,72.08
2018-07-12,72.0,74.77,71.98,283136.28,1.82,2.52,72.702,72.769,76.607,269574.96,283356.7,295516.24,73.9
2018-07-13,74.25,75.9,73.51,275656.53,1.85,2.5,73.728,72.744,76.174,258352.44,287965.0,296005.36,75.75
2018-07-16,75.63,76.69,74.9,204077.28,-0.33,-0.44,74.104,72.858,75.783,234947.67,282151.32,294174.41,75.42
2018-07-17,75.5,75.67,73.15,189545.7,-1.38,-1.83,74.238,73.024,75.491,228828.1,259400.12,284630.58,74.04
2018-07-18,74.38,74.8,73.18,166593.55,-0.73,-0.99,74.484,73.285,75.053,223801.87,251233.09,279788.95,73.31
2018-07-19,73.98,74.11,72.95,144567.06,0.07,0.1,74.38,73.541,74.678,196088.02,232831.49,273726.11,73.38
2018-07-20,73.18,73.83,71.5,250617.59,0.05,0.07,73.916,73.822,74.341,191080.24,224716.34,273810.3,73.43
2018-07-23,73.0,73.9,70.81,298994.59,-1.31,-1.78,73.256,73.68,73.841,210063.7,222505.68,270429.55,72.12
2018-07-24,72.25,75.14,71.58,379244.41,2.91,4.04,73.454,73.846,73.519,248003.44,238415.77,274900.51,75.03
2018-07-25,75.14,75.5,74.52,235532.12,-0.03,-0.04,73.792,74.138,73.441,261791.15,242796.51,265541.52,75.0
2018-07-26,75.11,75.28,74.0,203077.23,-0.81,-1.08,73.954,74.167,73.468,273493.19,234790.61,259073.66,74.19
2018-07-27,74.0,74.97,73.38,163949.08,0.0,0.0,74.106,74.011,73.378,256159.49,223619.86,255792.43,74.19
2018-07-30,74.24,74.4,71.93,198721.02,-1.59,-2.14,74.202,73.729,73.294,236104.77,223084.24,252617.78,72.6
2018-07-31,72.4,72.96,71.73,149531.95,-0.45,-0.62,73.626,73.54,73.282,190162.28,219082.86,239241.49,72.15
2018-08-01,72.8,72.8,69.98,260916.72,-2.13,-2.95,72.63,73.211,73.248,195239.2,228515.18,239874.13,70.02
2018-08-02,70.0,70.02,66.62,335334.44,-2.1,-3.0,71.376,72.665,73.103,221690.64,247591.92,240211.7,67.92
2018-08-03,68.0,68.0,65.66,264072.09,-2.25,-3.31,69.672,71.889,72.856,241715.24,248937.37,236826.85,65.67
2018-08-06,65.09,66.0,63.88,257040.69,-1.33,-2.02,68.02,71.111,72.396,253379.18,244741.98,233623.83,64.34
2018-08-07,65.0,66.67,64.0,277343.78,2.14,3.33,66.886,70.256,72.051,278941.54,234551.91,236483.84,66.48
2018-08-08,66.6,66.6,64.24,236818.12,-2.04,-3.07,65.77,69.2,71.669,274121.82,234680.51,238738.51,64.44
2018-08-09,64.1,66.5,63.82,263990.41,1.92,2.98,65.458,68.417,71.292,259853.02,240771.83,237781.22,66.36
2018-08-10,66.26,67.19,65.34,212833.69,-0.31,-0.47,65.534,67.603,70.807,249605.34,245660.29,234640.08,66.05
2018-08-13,65.25,65.25,63.1,365521.38,-1.64,-2.48,65.548,66.784,70.257,271301.48,262340.33,242712.28,64.41
2018-08-14,64.99,65.92,64.11,294337.38,0.69,1.07,65.272,66.079,69.81,274700.2,276820.87,247951.87,65.1
2018-08-15,65.11,65.11,63.28,207112.86,-1.77,-2.72,65.05,65.41,69.311,268759.14,271440.48,249977.83,63.33
2018-08-16,62.33,63.41,61.14,308055.72,-2.18,-3.44,64.008,64.733,68.699,277572.21,268712.61,258152.26,61.15
2018-08-17,61.85,62.3,60.3,259935.42,-0.54,-0.88,62.92,64.227,68.058,286992.55,268298.95,258618.16,60.61
2018-08-20,60.99,62.15,59.58,291249.81,1.42,2.34,62.444,63.996,67.554,272138.24,271719.86,258230.92,62.03
2018-08-21,62.05,64.66,61.9,355392.12,2.3,3.71,62.29,63.781,67.019,284349.19,279524.69,257038.3,64.33
2018-08-22,63.99,64.37,63.28,147732.69,-0.64,-0.99,62.362,63.706,66.453,272473.15,270616.15,252648.33,63.69
2018-08-23,63.98,64.83,63.18,178918.09,0.46,0.72,62.962,63.485,65.951,246645.63,262108.92,251440.37,64.15
2018-08-24,63.9,63.9,62.5,184769.28,-1.19,-1.85,63.432,63.176,65.39,231612.4,259302.48,252481.38,62.96
2018-08-27,63.1,65.31,63.1,340401.28,2.35,3.73,64.088,63.266,65.025,241442.69,256790.47,259565.4,65.31
2018-08-28,66.03,66.18,63.97,390976.81,-1.01,-1.55,64.082,63.186,64.633,248559.63,266454.41,271637.64,64.3
2018-08-29,64.29,64.51,63.34,242285.64,-0.62,-0.96,64.08,63.221,64.316,267470.22,269971.69,270706.09,63.68
2018-08-30,63.7,64.5,63.12,189692.36,-0.28,-0.44,63.93,63.446,64.09,269625.07,258135.35,263423.98,63.4
2018-08-31,62.99,62.99,61.63,244560.56,-1.5,-2.37,63.718,63.575,63.901,281583.33,256597.86,262448.4,61.9
2018-09-03,61.1,62.17,61.09,208324.52,0.07,0.11,63.05,63.569,63.783,255167.98,248305.34,260012.6,61.97
2018-09-04,62.27,62.96,61.6,194838.64,0.8,1.29,62.744,63.413,63.597,215940.34,232249.99,255887.34,62.77
2018-09-05,62.75,62.75,60.8,217130.48,-1.87,-2.98,62.188,63.134,63.42,210909.31,239189.77,254902.96,60.9
2018-09-06,60.5,61.64,59.18,319221.97,-1.19,-1.95,61.45,62.69,63.088,236815.23,253220.15,257664.54,59.71
2018-09-07,60.3,61.15,59.8,222726.05,1.06,1.77,61.224,62.471,62.824,232448.33,257015.83,258159.15,60.77
2018-09-10,60.92,60.96,59.28,195919.16,-0.39,-0.64,60.906,61.978,62.622,229967.26,242567.62,249679.04,60.38
2018-09-11,60.38,61.35,60.2,202919.36,0.62,1.03,60.552,61.648,62.417,231583.4,223761.87,245108.14,61.0
2018-09-12,61.0,61.0,59.59,191607.8,-1.35,-2.21,60.302,61.245,62.233,226478.87,218694.09,244332.89,59.65
2018-09-13,60.39,60.65,58.58,206865.36,0.33,0.55,60.356,60.903,62.175,204007.55,220411.39,239273.37,59.98
2018-09-14,60.45,62.16,59.7,294960.28,1.55,2.58,60.508,60.866,62.221,218454.39,225451.36,241024.61,61.53
2018-09-17,61.4,62.56,61.03,235508.59,0.33,0.54,60.804,60.855,62.212,226372.28,228169.77,238237.55,61.86
2018-09-18,61.62,63.6,61.01,263861.25,1.35,2.18,61.246,60.899,62.156,238560.66,235072.03,233661.01,63.21
2018-09-19,62.99,65.53,62.9,411364.31,1.23,1.95,62.204,61.253,62.194,282511.96,254495.41,246842.59,64.44
2018-09-20,64.4,64.85,64.03,164165.7,-0.05,-0.08,63.086,61.721,62.206,273972.03,238989.79,246104.97,64.39
2018-09-21,64.6,66.8,64.57,331030.03,2.03,3.15,64.064,62.286,62.379,281185.98,249820.18,253418.01,66.42
2018-09-25,65.82,66.39,64.88,195150.14,-1.12,-1.69,64.752,62.778,62.378,273114.29,249743.28,246155.45,65.3
2018-09-26,65.7,68.3,65.58,438041.28,1.9,2.91,65.55,63.398,62.523,307950.29,273255.47,248508.67,67.2
2018-09-27,66.99,67.6,66.43,216315.64,0.17,0.25,66.136,64.17,62.708,268940.56,275726.26,247210.17,67.37
2018-09-28,67.47,68.3,66.8,233828.48,0.58,0.86,66.848,64.967,62.935,282873.11,278422.57,249416.98,67.95
2018-10-08,65.88,66.28,63.48,370570.16,-4.47,-6.58,66.26,65.162,63.014,290781.14,285983.56,255717.46,63.48
2018-10-09,63.56,64.42,62.8,214204.64,-0.12,-0.19,65.872,65.312,63.084,294592.04,283853.16,256011.47,63.36
2018-10-10,63.5,63.7,60.5,419605.88,-2.55,-4.03,64.594,65.072,62.986,290904.96,299427.63,267249.83,60.81
2018-10-11,58.47,60.17,58.02,457450.41,-2.09,-3.44,62.864,64.5,62.877,339131.91,304036.24,279265.82,58.72
2018-10-12,58.8,60.51,58.6,371526.81,1.49,2.54,61.316,64.082,62.902,366671.58,324772.35,281881.07,60.21
2018-10-15,60.22,60.45,58.58,256200.23,-1.45,-2.41,60.372,63.316,62.801,343797.59,317289.37,283554.78,58.76
2018-10-16,58.8,59.95,58.3,152527.94,0.21,0.36,59.494,62.683,62.731,331462.25,313027.15,281385.21,58.97
2018-10-17,59.9,59.98,57.7,262416.78,0.43,0.73,59.212,61.903,62.651,300024.43,295464.7,284360.09,59.4
2018-10-18,58.81,59.17,57.76,177303.19,-1.4,-2.36,59.068,60.966,62.568,243994.99,291563.45,283644.86,58.0
2018-10-19,57.8,59.74,56.57,368965.31,1.49,2.57,58.924,60.12,62.544,243482.69,305077.14,291749.85,59.49
2018-10-22,60.22,63.0,60.21,445531.84,2.99,5.03,59.668,60.02,62.591,281349.01,312573.3,299278.43,62.48
2018-10-23,62.15,62.15,57.18,542433.19,-4.48,-7.17,59.474,59.484,62.398,359330.06,345396.16,314624.66,58.0
2018-10-24,56.6,57.5,54.81,440495.38,-1.71,-2.95,58.852,59.032,62.052,394945.78,347485.11,323456.37,56.29
2018-10-25,54.95,55.38,54.02,290302.41,-1.49,-2.65,58.212,58.64,61.57,417545.63,330770.31,317403.27,54.8
2018-10-26,54.9,55.46,54.0,231604.44,-0.5,-0.91,57.174,58.049,61.066,390073.45,316778.07,320775.21,54.3
2018-10-29,50.95,51.0,48.87,379558.53,-5.43,-10.0,54.452,57.06,60.188,376878.79,329113.9,323201.63,48.87
2018-10-30,46.8,48.84,46.06,550241.94,-1.38,-2.82,52.35,55.912,59.298,378440.54,368885.3,340956.22,47.49
2018-10-31,48.0,48.75,47.49,461994.88,0.66,1.39,50.722,54.787,58.345,382740.44,388843.11,342153.9,48.15
2018-11-01,49.1,50.95,48.71,639045.5,1.5,3.12,49.692,53.952,57.459,452489.06,435017.34,363290.4,49.65
2018-11-02,51.78,53.69,50.85,593915.62,4.04,8.14,49.57,53.372,56.746,524951.29,457512.37,381294.75,53.69
2018-11-05,52.66,52.9,51.1,457640.84,-1.94,-3.61,50.146,52.299,56.16,540567.76,458723.27,385648.29,51.75
2018-11-06,51.73,51.73,50.02,283324.03,-0.95,-1.84,50.808,51.579,55.532,487184.17,432812.36,389104.26,50.8
2018-11-07,50.91,51.5,50.22,240856.55,-0.3,-0.59,51.278,51.0,55.016,442956.51,412848.47,380166.79,50.5
2018-11-08,51.14,51.49,50.5,182009.62,0.19,0.38,51.486,50.589,54.615,351549.33,402019.2,366394.75,50.69
2018-11-09,50.01,50.44,49.89,146378.08,-0.68,-1.34,50.75,50.16,54.105,262041.82,393496.56,355137.32,50.01
2018-11-12,49.84,50.19,49.0,261821.66,0.04,0.08,50.41,50.278,53.669,222877.99,381722.87,355418.39,50.05
2018-11-13,49.4,51.69,49.27,326150.88,1.2,2.4,50.5,50.654,53.283,231443.36,359313.77,364099.53,51.25
2018-11-14,51.25,51.26,50.06,206289.64,-1.08,-2.11,50.434,50.856,52.822,224529.98,333743.24,361293.18,50.17
2018-11-15,50.36,50.84,50.21,151935.11,0.42,0.84,50.414,50.95,52.451,218515.07,285032.2,360024.77,50.59
2018-11-16,50.8,51.18,50.41,196548.69,0.1,0.2,50.55,50.65,52.011,228549.2,245295.51,351403.94,50.69
2018-11-19,50.84,51.98,50.6,247184.44,1.0,1.97,50.878,50.644,51.472,225621.75,224249.87,341486.57,51.69
2018-11-20,51.48,51.5,50.6,180986.36,-1.08,-2.09,50.75,50.625,51.102,196588.85,214016.1,323414.23,50.61
2018-11-21,50.01,51.44,49.9,182848.44,0.52,1.03,50.942,50.688,50.844,191900.61,208215.29,310531.88,51.13
2018-11-22,51.3,51.48,50.36,124116.32,-0.14,-0.27,51.022,50.718,50.654,186336.85,202425.96,302222.58,50.99
2018-11-23,50.98,51.2,50.0,137979.27,-0.97,-1.9,50.888,50.719,50.44,174622.97,201586.08,297541.32,50.02
2018-11-26,50.4,50.64,50.0,95098.8,0.07,0.14,50.568,50.723,50.501,144205.84,184913.8,283318.33,50.09
2018-11-27,50.37,50.37,49.54,100746.05,-0.31,-0.62,50.402,50.576,50.615,128157.78,162373.31,260843.54,49.78
2018-11-28,49.97,50.63,49.66,137337.7,0.46,0.92,50.224,50.583,50.72,119055.63,155478.12,244610.68,50.24
2018-11-29,51.13,51.48,50.4,243414.59,0.19,0.38,50.112,50.567,50.759,142915.28,164626.07,224829.13,50.43
2018-11-30,50.7,52.39,50.5,398866.03,1.96,3.89,50.586,50.737,50.694,195092.63,184857.8,215076.66,52.39
2018-12-03,54.07,55.2,53.4,460208.25,2.7,5.15,51.586,51.077,50.861,268114.52,206160.18,215205.03,55.09
2018-12-04,55.0,55.41,54.41,215035.16,-0.14,-0.25,52.62,51.511,51.068,290972.35,209565.06,211790.58,54.95
2018-12-05,54.19,55.61,53.95,280714.91,-0.04,-0.07,53.554,51.889,51.289,319647.79,219351.71,213783.5,54.91
2018-12-06,54.05,54.46,52.73,299608.38,-1.91,-3.48,54.068,52.09,51.404,330886.55,236900.91,219663.44,53.0
2018-12-07,53.51,53.67,52.8,146894.12,0.2,0.38,54.23,52.408,51.564,280492.16,237792.4,219689.24,53.2
2018-12-10,52.49,53.15,51.89,158760.95,-0.87,-1.64,53.678,52.632,51.678,220202.7,244158.61,214536.2,52.33
2018-12-11,52.35,52.99,52.12,110120.14,0.49,0.94,53.252,52.936,51.756,199219.7,245096.02,203734.67,52.82
2018-12-12,53.49,53.49,52.69,121634.17,0.35,0.66,52.904,53.229,51.906,167403.55,243525.67,199501.89,53.17
2018-12-13,53.15,54.45,52.9,230113.69,0.84,1.58,53.106,53.587,52.077,153504.61,242195.58,203410.82,54.01
2018-12-14,53.83,53.9,52.92,173186.16,-1.02,-1.89,53.064,53.647,52.192,158763.02,219627.59,202242.7,52.99
2018-12-17,52.74,53.0,52.21,103843.89,-0.17,-0.32,53.162,53.42,52.249,147779.61,183991.16,195075.67,52.82
2018-12-18,52.41,53.04,52.3,106706.45,0.12,0.23,53.186,53.219,52.365,147096.87,173158.29,191361.67,52.94
2018-12-19,52.8,54.05,52.51,190965.05,-0.38,-0.72,53.064,52.984,52.437,160963.05,164183.3,191767.5,52.56
2018-12-20,52.55,52.74,50.91,182039.72,-0.7,-1.33,52.634,52.87,52.48,151348.25,152426.43,194663.67,51.86
2018-12-21,51.4,51.5,50.05,194939.28,-1.26,-2.43,52.156,52.61,52.509,155698.88,157230.95,197511.67,50.6
2018-12-24,50.2,51.25,50.06,104929.46,0.36,0.71,51.784,52.473,52.553,155915.99,151847.8,198003.21,50.96
2018-12-25,50.27,51.1,49.85,120800.36,-0.1,-0.2,51.368,52.277,52.607,158734.77,152915.82,199005.92,50.86
2018-12-26,50.84,51.18,50.2,91197.44,-0.45,-0.89,50.938,52.001,52.615,138781.25,149872.15,196698.91,50.41
2018-12-27,51.2,51.48,50.15,134354.16,-0.26,-0.52,50.596,51.615,52.601,129244.14,140296.2,191245.89,50.15
2018-12-28,50.32,51.25,49.82,190684.88,0.73,1.46,50.652,51.404,52.526,128393.26,142046.07,180836.83,50.88
2019-01-02,51.6,51.8,49.83,232267.23,-0.94,-1.85,50.448,51.116,52.268,153860.81,154888.4,169439.78,49.94
2019-01-03,50.04,50.04,48.27,278029.62,-0.98,-1.96,50.068,50.718,51.969,185306.67,172020.72,172589.5,48.96
2019-01-04,48.23,49.78,48.0,241498.0,0.58,1.19,49.894,50.416,51.7,215366.78,177074.02,170628.66,49.54
2019-01-07,49.9,50.15,49.03,233796.92,-0.23,-0.46,49.726,50.161,51.516,235255.33,182249.74,167338.08,49.31
2019-01-08,49.48,49.6,48.88,167844.41,-0.29,-0.59,49.354,50.003,51.307,230687.24,179540.25,168385.6,49.02
2019-01-09,49.41,50.67,49.15,330784.88,1.01,2.06,49.372,49.91,51.192,250390.77,202125.79,176986.8,50.03
2019-01-10,49.88,50.15,49.23,186374.44,-0.17,-0.34,49.552,49.81,51.044,232059.73,208683.2,180799.51,49.86
2019-01-11,50.05,50.77,49.72,247667.8,0.83,1.67,49.782,49.838,50.92,233293.69,224330.23,187101.19,50.69
2019-01-14,50.5,50.59,49.48,217800.59,-1.1,-2.17,49.838,49.782,50.699,230094.42,232674.88,186485.54,49.59
2019-01-15,49.75,53.1,49.51,500413.47,3.38,6.82,50.628,49.991,50.698,296608.24,263647.74,202846.9,52.97
2019-01-16,52.8,52.8,52.03,330077.97,-0.77,-1.45,51.062,50.217,50.667,296466.85,273428.81,214158.61,52.2
2019-01-17,52.4,52.79,51.56,233909.86,-0.28,-0.54,51.474,50.513,50.616,305973.94,269016.83,220518.78,51.92
2019-01-18,52.2,54.5,52.2,521235.38,1.96,3.77,52.112,50.947,50.682,360687.45,296990.57,237032.29,53.88
2019-01-21,54.65,56.37,54.62,549111.75,2.12,3.94,53.394,51.616,50.889,426949.69,328522.06,255385.9,56.0
2019-01-22,56.0,56.0,54.65,335691.56,-0.79,-1.41,53.842,52.235,51.119,394005.3,345306.77,262423.51,55.21
2019-01-23,54.88,55.55,54.6,202242.28,-0.14,-0.25,54.416,52.739,51.325,368438.17,332452.51,267289.15,55.07
2019-01-24,55.3,55.75,54.5,193597.59,0.13,0.24,55.072,53.273,51.542,360375.71,333174.83,270929.01,55.2
2019-01-25,55.55,55.85,54.72,241740.05,0.05,0.09,55.346,53.729,51.784,304476.65,332582.05,278456.14,55.25
2019-01-28,56.0,58.55,55.5,592375.44,2.22,4.02,55.64,54.517,52.15,313129.38,370039.54,301357.21,57.47
2019-01-29,57.6,58.58,56.7,317132.16,1.11,1.93,56.314,55.078,52.535,309417.5,351711.4,307679.57,58.58
2019-01-30,58.39,59.17,57.2,286801.78,-1.3,-2.22,56.756,55.586,52.902,326329.4,347383.79,310406.3,57.28
2019-01-31,57.71,60.66,56.61,527323.69,3.02,5.27,57.776,56.424,53.469,393074.62,376725.17,322871.0,60.3
2019-02-01,60.8,61.36,60.22,390354.09,0.88,1.46,58.962,57.154,54.051,422797.43,363637.04,330313.81,61.18
2019-02-11,61.87,65.23,60.6,433982.0,3.52,5.75,60.408,58.024,54.82,391118.74,352124.06,340323.06,64.7
2019-02-12,64.85,66.77,64.3,437641.69,0.05,0.08,61.642,58.978,55.607,415220.65,362319.08,353812.92,64.75
2019-02-13,65.48,66.24,64.48,374356.47,1.32,2.04,63.4,60.078,56.409,432731.59,379530.5,355991.5,66.07
2019-02-14,65.95,68.3,65.59,446146.47,1.89,2.86,64.932,61.354,57.314,416496.14,404785.38,368980.1,67.96
2019-02-15,68.0,68.2,66.07,311272.12,-1.56,-2.29,65.976,62.469,58.099,400679.75,411738.59,372160.32,66.4
2019-02-18,67.1,69.9,67.1,439770.28,3.47,5.23,67.01,63.709,59.113,401837.41,396478.08,383258.81,69.87
2019-02-19,69.68,70.47,68.61,339648.53,-0.2,-0.29,67.994,64.818,59.948,382238.77,398729.71,375220.56,69.67
2019-02-20,69.5,70.48,67.8,296281.41,-0.66,-0.95,68.582,65.991,60.789,366623.76,399677.68,373530.73,69.01
2019-02-21,68.96,69.24,67.56,283498.03,-0.96,-1.39,68.6,66.766,61.595,334094.07,375295.11,376010.14,68.05
2019-02-22,67.39,68.5,66.8,238045.23,0.45,0.66,69.02,67.498,62.326,319448.7,360064.22,361850.63,68.5
2019-02-25,68.66,71.85,67.49,593506.06,2.76,4.03,69.298,68.154,63.089,350195.85,376016.63,364070.35,71.26
2019-02-26,70.96,71.0,68.8,450653.53,-2.34,-3.28,69.148,68.571,63.775,372396.85,377317.81,369818.45,68.92
2019-02-27,69.55,72.48,69.15,488307.44,1.14,1.65,69.358,68.97,64.524,410802.06,388712.91,384121.7,70.06
2019-02-28,69.8,72.6,68.51,394477.97,1.44,2.06,70.048,69.324,65.339,432998.05,383546.06,394165.72,71.5
2019-03-01,72.1,76.12,71.7,493190.0,4.4,6.15,71.528,70.274,66.372,484027.0,401737.85,406738.22,75.9
2019-03-04,76.59,79.5,75.51,612471.25,1.35,1.78,72.726,71.012,67.361,487820.04,419007.95,407743.01,77.25
2019-03-05,77.24,78.56,76.77,332858.88,0.52,0.67,74.496,71.822,68.32,464261.11,418328.98,408529.35,77.77
2019-03-06,77.25,77.4,76.0,341850.97,-0.78,-1.0,75.882,72.62,69.306,434969.81,422885.94,411281.81,76.99
2019-03-07,76.08,76.08,73.2,464176.62,-3.02,-3.92,76.376,73.212,69.989,448909.54,440953.8,408124.45,73.97
2019-03-08,71.74,74.38,71.01,421400.84,-2.53,-3.42,75.484,73.506,70.502,434551.71,459289.36,409676.79,71.44
2019-03-11,71.6,76.51,71.6,453330.25,4.56,6.38,75.234,73.98,71.067,402723.51,445271.78,410644.2,76.0
2019-03-12,75.88,77.15,74.77,345975.19,-0.7,-0.92,74.74,74.618,71.595,405346.77,434803.94,406060.88,75.3
2019-03-13,75.0,77.16,74.65,320983.41,1.2,1.59,74.642,75.262,72.116,401173.26,418071.54,403392.22,76.5
2019-03-14,76.9,78.99,75.72,438312.53,0.65,0.85,75.278,75.827,72.576,396000.44,422454.99,403000.53,77.15
2019-03-15,76.87,79.59,75.01,407666.88,1.63,2.11,76.746,76.115,73.195,393253.65,413902.68,407820.27,78.78
2019-03-18,78.68,86.66,78.5,785028.56,7.88,10.0,78.878,77.056,74.034,459593.31,431158.41,425083.18,86.66
2019-03-19,84.93,88.61,84.3,614712.62,-0.66,-0.76,81.018,77.879,74.851,513340.8,459343.79,438836.38,86.0
2019-03-20,85.0,88.18,84.4,404122.59,-0.3,-0.35,82.858,78.75,75.685,529968.64,465570.95,444228.44,85.7
2019-03-21,85.72,86.0,84.53,218635.2,-0.8,-0.93,84.408,79.843,76.528,486033.17,441016.81,440985.3,84.9
2019-03-22,84.55,86.62,84.01,287228.31,1.15,1.35,85.862,81.304,77.405,461945.46,427599.55,443444.46,86.05
2019-03-25,84.5,85.5,82.3,333485.25,-3.24,-3.77,85.092,81.985,77.983,371636.79,415615.05,430443.41,82.81
2019-03-26,83.2,85.67,83.17,323212.91,1.66,2.0,84.786,82.902,78.76,313336.85,413338.83,424071.38,84.47
2019-03-27,85.38,89.95,84.55,494442.62,3.51,4.16,85.242,84.05,79.656,331400.86,430684.75,424378.14,87.98
2019-03-28,89.8,91.89,88.01,607345.75,2.32,2.64,86.322,85.365,80.596,409142.97,447588.07,435021.53,90.3
2019-03-29,91.5,98.08,91.14,574995.5,4.7,5.21,88.112,86.987,81.551,466696.41,464320.93,439111.81,95.0
2019-04-01,95.0,97.46,94.0,548710.94,1.57,1.65,90.864,87.978,82.517,509741.54,440689.17,435923.79,96.57
2019-04-02,96.0,96.48,94.28,356989.69,-0.51,-0.53,93.182,88.984,83.432,516496.9,414916.88,437130.33,96.06
2019-04-03,94.61,97.01,94.61,247438.44,-0.66,-0.69,94.666,89.954,84.352,467096.06,399248.46,432409.71,95.4
2019-04-04,94.66,101.53,94.19,516297.97,4.83,5.06,96.652,91.487,85.665,448886.51,429014.74,435015.77,100.23
2019-04-08,104.65,105.39,100.01,535741.25,1.77,1.77,98.052,93.082,87.193,441035.66,453866.03,440732.79,102.0
2019-04-09,100.16,110.13,100.11,473137.25,8.02,7.86,100.742,95.803,88.894,425920.92,467831.23,441723.14,110.02
2019-04-10,106.0,110.03,103.0,673144.5,-3.02,-2.75,102.93,98.056,90.479,489151.88,502824.39,458081.61,107.0
2019-04-11,105.9,106.9,97.57,676207.94,-7.2,-6.73,103.81,99.238,91.644,574905.78,521000.92,475842.84,99.8
2019-04-12,97.9,100.3,97.0,410824.62,-0.18,-0.18,103.688,100.17,92.768,553811.11,501348.81,474468.44,99.62
2019-04-15,102.0,104.94,100.0,464503.28,0.98,0.98,103.408,100.73,93.859,539563.52,490299.59,477310.26,100.6
2019-04-16,98.6,102.23,97.06,474714.47,1.61,1.6,101.846,101.294,94.636,539878.96,482899.94,461794.56,102.21
2019-04-17,100.98,105.48,100.3,423136.88,1.41,1.38,101.17,102.05,95.517,489877.44,489514.66,452215.77,103.62
2019-04-18,103.32,104.5,101.8,278663.12,-1.28,-1.24,101.678,102.744,96.349,410368.47,492637.13,445942.79,102.34
2019-04-19,102.34,102.42,99.86,302350.53,-0.68,-0.66,102.086,102.887,97.187,388673.66,471242.38,450128.56,101.66
2019-04-22,101.0,103.9,100.5,350743.75,-0.53,-0.52,102.192,102.8,97.941,365921.75,452742.63,453304.33,101.13
2019-04-23,100.6,106.5,100.5,521793.97,3.18,3.14,102.612,102.229,99.016,375337.65,457608.31,462719.77,104.31
2019-04-24,105.0,106.5,101.0,362607.19,-0.81,-0.78,102.588,101.879,99.968,363231.71,426554.58,464689.48,103.5
2019-04-25,102.8,104.0,100.6,324523.12,-2.9,-2.8,102.24,101.959,100.599,372403.71,391386.09,456193.51,100.6
2019-04-26,99.9,103.5,99.9,410706.59,1.67,1.66,102.362,102.224,101.197,394074.92,391374.29,446361.55,102.27
2019-04-29,101.0,105.11,98.8,578442.81,0.02,0.02,102.594,102.393,101.562,439614.74,402768.24,446533.92,102.29
2019-04-30,102.0,104.5,101.0,299196.53,0.07,0.07,102.204,102.408,101.851,395095.25,385216.45,434058.2,102.36
2019-05-06,98.34,98.63,92.12,716992.88,-10.24,-10.0,99.928,101.258,101.654,465972.39,414602.05,452058.35,92.12
2019-05-07,93.3,96.97,93.3,517242.47,3.84,4.17,99.0,100.62,101.682,504516.26,438459.98,465548.56,95.96
2019-05-08,93.17,97.66,93.02,333316.44,-0.08,-0.08,97.722,100.042,101.465,489038.23,441556.58,456399.48,95.88
2019-05-09,94.9,95.88,90.02,525057.88,-4.07,-4.25,95.626,99.11,100.955,478361.24,458987.99,455865.31,91.81
2019-05-10,94.59,99.48,93.61,597126.62,7.39,8.05,94.994,98.599,100.414,537947.26,466521.25,462064.78,99.2
2019-05-13,99.0,104.3,97.0,521618.19,4.4,4.43,97.29,98.609,100.244,498872.32,482422.35,454488.46,103.6
2019-05-14,101.0,104.99,101.0,431034.09,-1.12,-1.08,98.594,98.797,100.378,481630.64,493073.45,442229.77,102.48
2019-05-15,104.2,110.5,103.16,647520.69,7.42,7.24,101.398,99.56,100.892,544471.49,516754.86,454064.58,109.9
2019-05-16,108.76,111.99,107.8,426502.72,0.08,0.07,105.032,100.329,101.361,524760.46,501560.85,452164.55,109.98
2019-05-17,109.02,110.98,104.99,501195.16,-3.52,-3.2,106.484,100.739,101.574,505574.17,521760.71,453488.58,106.46
2019-05-20,105.8,105.93,101.6,398480.31,-2.46,-2.31,106.564,101.927,101.593,480946.59,489909.46,452255.75,104.0
2019-05-21,104.01,106.18,101.9,418029.59,0.2,0.19,106.908,102.751,101.686,478345.69,479988.17,459224.08,104.2
2019-05-22,103.3,105.13,101.0,281541.91,-0.89,-0.85,105.59,103.494,101.768,405149.94,474810.72,458183.65,103.31
2019-05-23,102.22,103.0,99.33,428034.81,-3.48,-3.37,103.56,104.296,101.703,405456.36,465108.41,462048.2,99.83
2019-05-24,100.11,102.88,99.8,324838.44,1.19,1.19,102.472,104.478,101.539,370185.01,437879.59,452200.42,101.02
2019-05-27,101.5,102.65,98.5,351185.44,0.98,0.97,102.072,104.318,101.464,360726.04,420836.32,451629.33,102.0
2019-05-28,101.6,104.2,101.3,427840.81,1.1,1.08,101.852,104.38,101.589,362688.28,420516.99,456795.22,103.1
2019-05-29,101.98,105.22,101.6,431698.47,1.45,1.41,102.1,103.845,101.703,392719.59,398934.77,457844.81,104.55
2019-05-30,103.8,105.2,101.99,249275.81,-1.42,-1.36,102.76,103.16,101.745,356967.79,381212.08,441386.46,103.13
2019-05-31,103.4,103.4,101.03,288484.16,-1.88,-1.82,102.806,102.639,101.689,349696.94,359940.98,440850.84,101.25
2019-06-03,101.3,103.55,100.06,261336.36,0.21,0.21,102.698,102.385,102.156,331727.12,346226.58,418068.02,101.46
2019-06-04,102.38,102.5,98.63,320980.94,-2.27,-2.24,101.916,101.884,102.318,310355.15,336521.72,408254.94,99.19
2019-06-05,100.55,100.61,98.88,235420.08,-0.14,-0.14,100.816,101.458,102.476,271099.47,331909.53,403360.12,99.05
2019-06-06,97.98,98.77,96.66,217204.48,-0.06,-0.06,99.648,101.204,102.75,264685.2,310826.5,387967.45,97.29
2019-06-10,97.3,101.13,96.0,345857.03,3.15,3.24,99.486,101.146,102.812,276159.78,312928.36,375403.97,100.44
2019-06-11,101.16,109.52,100.68,641526.56,8.51,8.47,100.984,101.841,103.08,352197.82,341962.47,381399.39,108.95
2019-06-12,109.11,109.8,106.41,384593.28,-1.34,-1.23,102.668,102.292,103.336,364920.29,337637.72,379077.35,107.61
2019-06-13,108.02,108.15,105.15,274693.31,-0.81,-0.75,104.218,102.517,103.181,372774.93,321937.2,360435.98,106.8
2019-06-14,106.78,108.7,104.69,348242.72,-1.84,-1.72,105.752,102.7,102.93,398982.58,331833.89,356522.98,104.96
2019-06-17,104.96,106.24,102.11,300608.91,-1.26,-1.2,106.404,102.945,102.792,389932.96,333046.37,346493.67,103.7
2019-06-18,103.46,105.13,102.2,232709.02,0.38,0.37,105.43,103.207,102.796,308169.45,330183.63,338205.11,104.08
2019-06-19,107.78,108.2,105.86,378260.25,1.82,1.75,105.088,103.878,102.881,306902.84,335911.56,336216.64,105.9
2019-06-20,105.46,113.1,105.33,631132.88,7.07,6.68,106.322,105.27,103.364,378190.76,375482.84,353696.19,112.97
2019-06-21,112.06,113.88,111.2,428986.25,0.01,0.01,107.926,106.839,104.022,394339.46,396661.02,353743.76,112.98
2019-06-24,112.98,117.4,112.01,428014.25,2.08,1.84,110.198,108.301,104.724,419820.53,404876.74,358902.55,115.06
2019-06-25,115.06,116.57,112.0,387596.56,-0.16,-0.14,112.362,108.896,105.369,450798.04,379483.74,360723.11,114.9
2019-06-26,114.24,114.84,113.19,203148.91,-1.08,-0.94,113.946,109.517,105.905,415775.77,361339.31,349488.51,113.82
2019-06-27,114.51,118.47,114.51,446929.28,3.48,3.06,114.812,110.567,106.542,378935.05,378562.9,350250.05,117.3
2019-06-28,117.58,118.34,115.88,270361.47,0.65,0.55,115.806,111.866,107.283,347210.09,370774.78,351304.34,117.95
2019-07-01,121.18,126.0,121.05,479809.44,8.05,6.83,117.994,114.096,108.521,357569.13,388694.83,360870.6,126.0
2019-07-02,124.71,128.0,124.61,382938.59,2.0,1.59,120.614,116.488,109.848,356637.54,403717.79,366950.71,128.0
2019-07-03,127.0,130.29,122.14,714433.81,-4.09,-3.19,122.632,118.289,111.084,458894.52,437335.14,386623.35,123.91
2019-07-04,123.89,124.86,120.28,483134.62,-0.82,-0.66,123.79,119.301,112.286,466135.59,422535.32,399009.08,123.09
2019-07-05,123.5,130.18,123.0,562843.12,6.72,5.46,126.162,120.984,113.912,524631.92,435921.01,416291.01,129.81
2019-07-08,129.78,129.8,124.5,466161.91,-2.78,-2.14,126.368,122.181,115.241,521902.41,439735.77,422306.26,127.03
2019-07-09,126.72,128.8,124.5,367636.41,-1.03,-0.81,125.968,123.291,116.094,518841.97,437739.76,408611.75,126.0
2019-07-10,126.88,127.44,125.4,246400.05,0.43,0.34,126.472,124.552,117.035,425235.22,442064.87,401702.09,126.43
2019-07-11,127.45,127.92,122.83,421003.56,-2.93,-2.32,126.554,125.172,117.87,412809.01,439472.3,409017.6,123.5
2019-07-12,123.73,126.53,122.9,334533.03,2.08,1.68,125.708,125.935,118.901,367146.99,445889.45,408332.12,125.58
2019-07-15,124.02,125.46,121.5,294386.69,-0.49,-0.39,125.32,125.844,119.97,332791.95,427347.18,408021.01,125.09
2019-07-16,125.1,126.0,123.19,229800.05,-1.51,-1.21,124.836,125.402,120.945,305224.68,412033.33,407875.56,123.58
2019-07-17,123.5,124.74,122.5,198448.62,0.02,0.02,124.27,125.371,121.83,295634.39,360434.81,398884.98,123.6
2019-07-18,123.51,124.25,121.0,279617.69,-2.6,-2.1,123.77,125.162,122.232,267357.22,340083.11,381309.22,121.0
2019-07-19,122.0,123.88,121.1,238433.34,1.14,0.94,123.082,124.395,122.69,248137.28,307642.14,371781.57,122.14
2019-07-22,122.3,123.78,121.33,229289.7,1.31,1.07,122.754,124.037,123.109,235117.88,283954.91,361845.34,123.45
2019-07-23,123.7,123.78,118.68,426761.41,-3.4,-2.75,122.048,123.442,123.367,274510.15,289867.41,363803.59,120.05
2019-07-24,120.22,121.13,119.0,282785.72,-0.55,-0.46,121.228,122.749,123.651,291377.57,293505.98,367785.43,119.5
2019-07-25,119.3,121.77,116.2,439752.72,2.18,1.82,121.364,122.567,123.87,323404.58,295380.9,367426.6,121.68
2019-07-26,120.81,122.5,120.5,235231.12,-0.43,-0.35,121.186,122.134,124.035,322764.13,285450.71,365670.08,121.25
2019-07-29,121.5,124.18,120.93,356041.03,2.5,2.06,121.246,122.0,123.922,348114.4,291616.14,359481.66,123.75
2019-07-30,124.1,124.68,122.5,238944.77,-0.85,-0.69,121.816,121.932,123.667,310551.07,292530.61,352281.97,122.9
2019-07-31,122.2,123.1,120.28,242682.64,-2.19,-1.78,122.058,121.643,123.507,302530.46,296954.01,328694.41,120.71
2019-08-01,120.03,121.32,118.13,260735.94,-1.68,-1.39,121.528,121.446,123.304,266727.1,295065.84,317574.48,119.03
2019-08-02,116.31,118.65,116.02,270011.12,-0.91,-0.77,120.902,121.044,122.72,273683.1,298223.62,302932.88,118.12
2019-08-05,116.53,119.39,116.22,269946.47,-1.17,-0.99,119.542,120.394,122.216,256464.19,302289.29,293122.1,116.95
2019-08-06,116.8,121.8,114.3,533102.31,4.33,3.7,119.218,120.517,121.98,315295.7,312923.38,301395.4,121.28
2019-08-07,121.8,121.85,118.86,256857.52,-2.4,-1.98,118.852,120.455,121.602,318130.67,310330.56,301918.27,118.88
2019-08-08,119.49,121.61,119.26,252179.72,1.64,1.38,119.15,120.339,121.453,316419.43,291573.26,293477.08,120.52
2019-08-09,121.5,121.98,117.5,278185.09,-2.5,-2.07,119.13,120.016,121.075,318054.22,295868.66,290659.68,118.02
2019-08-12,120.99,123.2,119.01,395370.09,4.82,4.08,120.308,119.925,120.963,343138.95,299801.57,295708.85,122.84
2019-08-13,122.0,123.0,121.38,191874.36,-0.54,-0.44,120.512,119.865,120.899,274893.36,295094.53,293812.57,122.3
2019-08-14,124.2,127.0,123.51,416269.47,3.55,2.9,121.906,120.379,121.011,306775.75,312453.21,304703.61,125.85
2019-08-15,123.9,126.44,123.51,246999.36,0.13,0.1,122.998,121.074,121.26,305739.67,311079.55,303072.7,125.98
2019-08-16,126.5,129.0,125.4,312170.16,0.32,0.25,124.654,121.892,121.468,312536.69,315295.46,306759.54,126.3
2019-08-19,127.3,128.81,125.73,312746.91,1.6,1.27,125.666,122.987,121.691,296012.05,319575.5,310932.4,127.9
2019-08-20,128.0,130.22,127.7,306616.59,1.69,1.32,127.124,123.818,122.168,318960.5,296926.93,304925.16,129.59
2019-08-21,129.49,129.88,127.6,232900.09,-1.74,-1.34,127.524,124.715,122.585,282286.62,294531.18,302430.87,127.85
2019-08-22,128.34,131.0,127.86,302086.88,2.65,2.07,128.428,125.713,123.026,293304.13,299521.9,295547.58,130.5
2019-08-23,130.54,131.68,129.18,320667.28,-0.4,-0.31,129.188,126.921,123.469,295003.55,303770.12,299819.39,130.1
2019-08-26,127.9,129.0,126.6,283219.88,-2.68,-2.06,129.092,127.379,123.652,289098.14,292555.1,296178.33,127.42
2019-08-27,128.77,133.28,128.45,379670.88,4.96,3.89,129.65,128.387,124.126,303709.0,311334.75,303214.64,132.38
2019-08-28,133.2,136.55,131.7,343763.75,1.54,1.16,130.864,129.194,124.787,325881.73,304084.18,308268.69,133.92
2019-08-29,134.4,137.74,133.72,316290.31,3.08,2.3,132.164,130.296,125.685,328722.42,311013.27,311046.41,137.0
2019-08-30,138.05,143.1,138.03,440797.69,4.5,3.29,134.444,131.816,126.854,352748.5,323876.03,319585.74,141.5
2019-09-02,141.5,142.55,138.1,329900.53,0.39,0.28,137.338,133.215,128.101,362084.63,325591.39,322583.44,141.89
2019-09-03,142.0,142.79,139.4,274753.66,-0.39,-0.28,139.162,134.406,129.112,341101.19,322405.1,309666.01,141.5
2019-09-04,140.06,141.0,137.5,380555.69,-3.19,-2.25,140.04,135.452,130.084,348459.58,337170.66,315850.92,138.31
2019-09-05,138.28,140.24,137.8,300247.0,0.59,0.43,140.42,136.292,131.003,345250.91,336986.67,318254.28,138.9
2019-09-06,139.65,140.1,137.22,279327.72,1.11,0.8,140.122,137.283,132.102,312956.92,332852.71,318311.42,140.01
2019-09-09,140.06,140.73,138.6,224902.59,-0.81,-0.58,139.584,138.461,132.92,291957.33,327020.98,309788.04,139.2
2019-09-10,138.2,138.5,136.21,247836.38,-1.95,-1.4,138.734,138.948,133.668,286573.88,313837.53,312586.14,137.25
2019-09-11,135.0,135.6,128.68,702309.81,-7.99,-5.82,136.924,138.482,133.838,350924.7,349692.14,326888.16,129.26
2019-09-12,127.5,132.14,127.5,412754.47,2.29,1.77,135.454,137.937,134.117,373426.19,359338.55,335175.91,131.55
2019-09-16,130.47,131.8,129.1,238108.05,-0.63,-0.48,133.636,136.879,134.348,365182.26,339069.59,331472.81,130.92
2019-09-17,130.1,133.74,129.58,257861.36,0.62,0.47,132.104,135.844,134.53,371774.01,331865.67,328728.53,131.54
2019-09-18,132.1,135.92,132.01,363935.53,4.02,3.06,131.766,135.25,134.828,394993.84,340783.86,331594.48,135.56
2019-09-19,136.0,136.25,133.71,182044.94,-0.64,-0.47,132.898,134.911,135.182,290940.87,320932.79,329051.72,134.92
2019-09-20,135.5,137.52,135.5,257905.34,1.92,1.42,133.956,134.705,135.499,259971.04,316698.62,326842.64,136.84
2019-09-23,136.72,136.72,132.0,209573.19,-1.99,-1.45,134.742,134.189,135.736,254264.07,309723.17,321287.94,134.85
2019-09-24,134.25,137.72,134.25,268693.72,1.66,1.23,135.736,133.92,136.191,256430.54,314102.28,320561.63,136.51
2019-09-25,136.0,137.88,134.66,189634.38,0.03,0.02,135.932,133.849,136.399,221570.31,308282.08,311059.81,136.54
2019-09-26,136.97,137.62,133.35,219393.05,-2.44,-1.79,135.768,134.333,136.408,229039.94,259990.4,304841.27,134.1
2019-09-27,133.11,135.3,132.2,166711.38,-0.3,-0.22,135.16,134.558,136.248,210801.14,235386.09,297362.32,133.8
2019-09-30,133.0,133.95,129.5,265434.0,-4.0,-2.99,134.15,134.446,135.663,221973.31,238118.69,288594.14,129.8
2019-10-08,129.8,134.57,129.8,226896.38,2.96,2.28,133.4,134.568,135.206,213613.84,235022.19,283443.93,132.76
2019-10-09,133.0,133.09,130.7,168829.12,-0.95,-0.72,132.454,134.193,134.722,209452.79,215511.55,278147.71,131.81
2019-10-10,128.61,131.65,126.08,293458.97,-0.82,-0.62,131.832,133.8,134.356,224265.97,226652.95,273792.87,130.99
2019-10-11,131.5,132.65,129.0,226707.08,0.26,0.2,131.322,133.241,133.973,236265.11,223533.13,270115.87,131.25
2019-10-14,133.0,133.5,130.3,210410.64,-0.39,-0.3,131.534,132.842,133.516,225260.44,223616.87,266670.02,130.86
2019-10-15,131.0,133.53,130.0,274876.59,1.83,1.4,131.52,132.46,133.19,234856.48,224235.16,269168.72,132.69
2019-10-16,129.9,131.25,128.74,274371.16,-2.56,-1.93,131.184,131.819,132.834,255964.89,232708.84,270495.46,130.13
2019-10-17,131.0,131.13,129.75,147555.59,0.17,0.13,131.046,131.439,132.886,226784.21,225525.09,242757.75,130.3
2019-10-18,129.98,129.98,126.67,325368.56,-3.0,-2.3,130.256,130.789,132.674,246516.51,241390.81,238388.45,127.3
2019-10-21,127.3,128.5,126.13,165636.83,0.82,0.64,129.708,130.621,132.534,237561.75,231411.09,234764.89,128.12
2019-10-22,129.0,129.38,128.0,144421.31,0.88,0.69,128.97,130.245,132.407,211470.69,223163.59,229092.89,129.0
2019-10-23,129.0,130.08,127.02,191811.69,-1.68,-1.3,128.408,129.796,131.995,194958.8,225461.84,220486.7,127.32
2019-10-24,127.55,128.2,124.25,270605.81,-2.79,-2.19,127.254,129.15,131.475,219568.84,223176.53,224914.74,124.53
2019-10-25,125.15,128.5,124.42,257852.8,3.67,2.95,127.434,128.845,131.043,206065.69,226291.1,224912.11,128.2
2019-10-28,128.22,130.8,127.28,236364.3,1.85,1.44,127.82,128.764,130.803,220211.18,228886.46,226251.67,130.05
2019-10-29,131.0,132.65,130.26,214685.78,1.45,1.11,128.32,128.645,130.553,234264.08,222867.38,223551.27,131.5
2019-10-30,131.5,131.87,129.58,132816.05,-0.55,-0.42,129.046,128.727,130.273,222464.95,208711.87,220710.35,130.95
2019-10-31,135.66,136.0,131.71,333271.97,1.13,0.86,130.556,128.905,130.172,234998.18,227283.51,226404.3,132.08
2019-11-01,132.7,134.18,131.85,223768.28,1.62,1.23,131.656,129.545,130.167,228181.28,217123.48,229257.15,133.7
2019-11-04,133.9,135.85,133.84,220472.8,0.29,0.22,132.444,130.132,130.377,225002.98,222607.08,227009.09,133.99
2019-11-05,134.5,135.28,133.55,163964.64,0.29,0.22,133.0,130.66,130.453,214858.75,224561.41,223862.5,134.28
2019-11-06,134.98,134.98,132.51,190922.58,-1.65,-1.23,133.336,131.191,130.494,226480.05,224472.5,224967.17,132.63
2019-11-07,132.64,133.49,132.12,103992.8,0.54,0.41,133.554,132.055,130.603,180624.22,207811.2,215493.86,133.17
2019-11-08,134.3,136.63,134.0,289219.56,1.42,1.07,133.732,132.694,130.77,193714.48,210947.88,218619.49,134.59
2019-11-11,134.0,134.88,132.0,217726.94,-1.87,-1.39,133.478,132.961,130.863,193165.3,209084.14,218985.3,132.72
2019-11-12,133.1,133.85,132.19,160138.7,0.65,0.49,133.296,133.148,130.897,192400.12,203629.43,213248.41,133.37
2019-11-13,133.8,135.28,132.68,181588.98,1.25,0.94,133.694,133.515,131.121,190533.4,208506.73,208609.3,134.62
2019-11-14,134.65,135.5,133.68,187238.8,-0.07,-0.05,133.97,133.762,131.334,207182.6,193903.41,210593.46,134.55
2019-11-15,134.98,134.98,133.0,130653.15,-1.22,-0.91,133.718,133.725,131.635,175469.31,184591.9,200857.69,133.33
2019-11-18,133.42,134.09,132.5,134641.86,-0.33,-0.25,133.774,133.626,131.879,158852.3,176008.8,199307.94,133.0
2019-11-19,133.0,133.7,132.57,155716.62,0.5,0.38,133.8,133.548,132.104,157967.88,175184.0,199872.71,133.5
2019-11-20,133.0,135.56,132.8,210089.05,0.5,0.38,133.676,133.685,132.438,163667.9,177100.65,200786.57,134.0
2019-11-21,133.65,134.25,132.91,128165.26,-0.34,-0.25,133.498,133.734,132.895,151853.19,179517.89,193664.55,133.66
2019-11-22,133.37,134.07,128.05,283119.0,-4.69,-3.51,132.626,133.172,132.933,182346.36,178907.84,194927.86,128.97
2019-11-25,128.3,129.58,125.72,234312.77,-0.27,-0.21,131.766,132.77,132.866,202280.54,180566.42,194825.28,128.7
2019-11-26,128.71,130.72,128.71,172908.56,2.02,1.57,131.21,132.505,132.827,205718.93,181843.41,192736.42,130.72
2019-11-27,130.49,132.3,129.73,154690.72,0.77,0.59,130.708,132.192,132.854,194639.26,179153.58,193830.15,131.49
2019-11-28,132.01,132.8,129.9,113863.96,-0.68,-0.52,130.138,131.818,132.79,191779.0,171816.1,182859.75,130.81
2019-11-29,130.6,130.6,126.0,258759.28,-3.26,-2.49,129.854,131.24,132.483,186907.06,184626.71,184609.3,127.55
2019-12-02,127.45,128.94,125.2,141217.84,-0.55,-0.43,129.514,130.64,132.133,168288.07,185284.31,180646.55,127.0
2019-12-03,126.36,126.79,124.88,139508.66,-0.96,-0.76,128.578,129.894,131.721,161608.09,183663.51,179423.75,126.04
2019-12-04,127.96,128.57,126.88,192212.02,2.41,1.91,127.97,129.339,131.512,169112.35,181875.81,179488.23,128.45
2019-12-05,128.5,128.7,127.5,112778.94,-0.29,-0.23,127.44,128.789,131.262,168895.35,180337.18,179927.53,128.16
2019-12-06,128.15,131.2,128.01,202983.14,2.82,2.2,128.126,128.99,131.081,157740.12,172323.59,175615.71,130.98
2019-12-09,131.77,132.98,130.2,131495.31,-0.49,-0.37,128.824,129.169,130.97,155795.61,162041.84,171304.13,130.49
2019-12-10,129.88,131.08,129.5,97115.99,0.37,0.28,129.788,129.183,130.844,147317.08,154462.59,168153.0,130.86
2019-12-11,130.4,130.85,128.0,147185.09,-2.04,-1.56,129.862,128.916,130.554,138311.69,153712.02,166432.8,128.82
2019-12-12,129.0,129.22,127.3,129775.88,-1.04,-0.81,129.786,128.613,130.216,141711.08,155303.22,163559.66,127.78
2019-12-13,128.58,130.22,128.2,164666.25,1.74,1.36,129.494,128.81,130.025,134047.7,145893.91,165260.31,129.52
2019-12-16,130.22,130.3,127.6,202120.8,-0.69,-0.53,129.162,128.993,129.817,148172.8,151984.21,168634.26,128.83
2019-12-17,128.99,130.33,128.85,252660.98,1.42,1.1,129.04,129.414,129.654,179281.8,163299.44,173481.48,130.25
2019-12-18,130.5,132.92,130.25,235573.95,0.69,0.53,129.464,129.663,129.501,196959.57,167635.63,174755.72,130.94
2019-12-19,131.0,131.65,129.18,130362.63,-1.08,-0.82,129.88,129.833,129.311,197076.92,169394.0,174865.59,129.86
2019-12-20,130.0,130.28,128.9,130458.6,-0.76,-0.58,129.796,129.645,129.318,190235.39,162141.55,167232.57,129.1
2019-12-23,127.5,129.5,126.99,156764.77,-0.96,-0.74,129.658,129.41,129.29,181164.19,164668.49,163355.17,128.14
2019-12-24,128.44,129.62,128.4,83081.2,0.56,0.44,129.348,129.194,129.189,147248.23,163265.02,158863.8,128.7
2019-12-25,129.16,129.19,127.69,109821.86,-0.6,-0.47,128.78,129.122,129.019,122097.81,159528.69,156620.36,128.1
2019-12-26,128.1,128.32,127.28,101143.55,0.05,0.04,128.438,129.159,128.886,116254.0,156665.46,155984.34,128.15
2019-12-27,128.98,130.25,128.82,196530.0,0.85,0.66,128.418,129.107,128.959,129468.28,159851.83,152872.87,129.0
2019-12-30,129.2,133.25,128.58,340116.91,3.82,2.96,129.354,129.506,129.25,166138.7,173651.45,162817.83,132.82
2019-12-31,133.0,134.12,132.2,195074.42,0.19,0.14,130.216,129.782,129.598,188537.35,167892.79,165596.11,133.01
2020-01-02,132.0,133.5,129.59,306674.41,-0.93,-0.7,131.012,129.896,129.78,227907.86,175002.84,171319.23,132.08
2020-01-03,131.6,132.07,129.61,204692.48,-1.53,-1.16,131.492,129.965,129.899,248617.64,182435.82,175914.91,130.55
2020-01-06,130.0,130.25,128.52,259369.8,-1.35,-1.03,131.532,129.975,129.81,261185.6,195326.94,178734.24,129.2
2020-01-07,129.5,131.07,129.0,223277.92,0.17,0.13,130.842,130.098,129.754,237817.81,201978.26,183323.37,129.37
2020-01-08,128.99,129.76,128.05,161802.19,-0.48,-0.37,130.018,130.117,129.656,231163.36,209850.35,186557.68,128.89
2020-01-09,129.0,131.2,128.25,255490.56,1.88,1.46,129.756,130.384,129.753,220926.59,224417.22,191972.96,130.77
2020-01-10,130.5,134.05,130.5,429695.44,2.85,2.18,130.37,130.931,130.045,265927.18,257272.41,206968.94,133.62
2020-01-13,134.26,140.0,134.25,496041.91,6.04,4.52,132.462,131.997,130.552,313261.6,287223.6,223537.72,139.66
2020-01-14,140.1,140.68,138.2,199073.16,-1.1,-0.79,134.3,132.571,131.039,308420.65,273119.23,223385.34,138.56
2020-01-15,138.56,142.81,138.55,234789.05,2.24,1.62,136.682,133.35,131.566,323018.02,277090.69,222491.74,140.8
2020-01-16,140.8,142.0,139.3,145359.88,-0.14,-0.1,138.66,134.208,132.052,300991.89,260959.24,217981.04,140.66
2020-01-17,141.26,141.8,138.3,148478.14,-2.11,-1.5,139.646,135.008,132.487,244748.43,255337.81,218886.81,138.55
2020-01-20,140.55,140.66,136.8,167537.69,-0.99,-0.71,139.226,135.844,132.91,179047.58,246154.59,220740.77,137.56
2020-01-21,136.5,136.5,132.01,293073.09,-4.94,-3.59,138.038,136.169,133.134,197847.57,253134.11,227556.18,132.62
2020-01-22,130.99,132.67,129.76,257530.52,-0.92,-0.69,136.218,136.45,133.284,202395.86,262706.94,236278.65,131.7
2020-01-23,131.77,131.77,125.0,415936.69,-5.54,-4.21,133.318,135.989,133.187,256511.23,278751.56,251584.39,126.16
