date,open,high,low,volume,price_change,p_change,ma5,ma10,ma20,v_ma5,v_ma10,v_ma20,close
2017-07-25,10.86,11.1,10.79,80142.62,0.18,1.67,10.98,10.98,10.98,80142.62,80142.62,80142.62,10.98
2017-07-26,11.03,11.95,11.0,207847.8,0.72,6.56,11.34,11.34,11.34,143995.21,143995.21,143995.21,11.7
2017-07-27,11.7,12.1,11.4,239973.8,0.24,2.05,11.54,11.54,11.54,175988.07,175988.07,175988.07,11.94
2017-07-28,11.89,12.15,11.56,170738.28,0.04,0.34,11.65,11.65,11.65,174675.63,174675.63,174675.63,11.98
2017-07-31,11.99,12.35,11.75,193009.19,0.26,2.17,11.768,11.768,11.768,178342.34,178342.34,178342.34,12.24
2017-08-01,12.15,12.15,11.72,130577.6,-0.27,-2.21,11.966,11.802,11.802,188429.33,170381.55,170381.55,11.97
2017-08-02,11.9,12.22,11.72,126940.66,-0.13,-1.09,11.994,11.807,11.807,172247.91,164175.71,164175.71,11.84
2017-08-03,11.7,12.25,11.6,187109.05,0.4,3.38,12.054,11.861,11.861,161674.96,167042.38,167042.38,12.24
2017-08-04,12.18,12.4,11.79,170007.34,-0.45,-3.68,12.016,11.853,11.853,161528.77,167371.82,167371.82,11.79
2017-08-07,11.71,12.55,11.3,244401.72,0.74,6.28,12.074,11.921,11.921,171807.27,175074.81,175074.81,12.53
2017-08-08,12.46,13.42,12.28,360436.38,0.26,2.08,12.238,12.102,12.0,217779.03,203104.18,191925.86,12.79
2017-08-09,12.9,13.1,12.57,197716.64,0.21,1.64,12.47,12.232,12.083,231934.23,202091.07,192408.42,13.0
2017-08-10,12.8,12.84,12.26,195398.52,-0.72,-5.54,12.478,12.266,12.098,233592.12,197633.54,192638.43,12.28
2017-08-11,12.14,12.3,11.68,149688.2,-0.38,-3.09,12.5,12.258,12.084,229528.29,195528.53,189570.56,11.9
2017-08-14,11.84,12.08,11.83,104297.09,0.12,1.01,12.398,12.236,12.08,201507.37,186657.32,183885.66,12.02
2017-08-15,12.0,12.08,11.82,80513.17,-0.1,-0.83,12.224,12.231,12.07,145522.72,181650.88,177424.88,11.92
2017-08-16,11.84,11.88,11.42,110522.94,-0.31,-2.6,11.946,12.208,12.043,128083.98,180009.11,173489.47,11.61
2017-08-17,11.8,11.87,11.64,77696.28,0.17,1.46,11.846,12.162,12.028,104543.54,169067.83,168167.63,11.78
2017-08-18,11.62,12.07,11.55,97633.78,0.19,1.61,11.86,12.18,12.025,94132.65,161830.47,164455.32,11.97
2017-08-21,11.86,12.09,11.78,92394.82,0.05,0.42,11.86,12.129,12.025,91752.2,146629.78,160852.29,12.02
2017-08-22,12.12,12.57,12.06,233759.34,0.4,3.33,11.96,12.092,12.097,122401.43,133962.08,168533.13,12.42
2017-08-23,12.38,12.48,12.03,123962.82,-0.31,-2.5,12.06,12.003,12.118,125089.41,126586.7,164338.88,12.11
2017-08-24,12.14,12.23,11.69,99116.5,-0.36,-2.97,12.054,11.95,12.108,129373.45,116958.49,157296.02,11.75
2017-08-25,11.71,12.05,11.71,95496.28,0.1,0.85,12.03,11.945,12.102,128945.95,111539.3,153533.92,11.85
2017-08-28,11.89,12.16,11.86,90679.41,0.28,2.36,12.052,11.956,12.096,128602.87,110177.53,148417.43,12.13
2017-08-29,12.12,12.3,11.9,91362.27,-0.2,-1.65,11.954,11.957,12.094,100123.46,111262.44,146456.66,11.93
2017-08-30,11.94,12.2,11.83,92886.57,0.22,1.84,11.962,12.011,12.11,93908.21,109498.81,144753.96,12.15
2017-08-31,12.1,12.25,12.1,97148.71,0.07,0.58,12.056,12.055,12.109,93514.65,111444.05,140255.94,12.22
2017-09-01,12.32,12.58,12.15,188839.38,0.3,2.46,12.19,12.11,12.145,112183.27,120564.61,141197.54,12.52
2017-09-04,12.7,13.2,12.47,278549.62,0.58,4.63,12.384,12.218,12.174,149757.31,139180.09,142904.94,13.1
2017-09-05,12.7,12.97,12.6,203617.92,-0.32,-2.44,12.554,12.254,12.173,172208.44,136165.95,135064.01,12.78
2017-09-06,12.68,13.09,12.6,186803.2,0.11,0.86,12.702,12.332,12.168,190991.77,142449.99,134518.34,12.89
2017-09-07,12.86,12.96,12.61,165242.7,0.02,0.15,12.84,12.448,12.199,204610.56,149062.61,133010.55,12.91
2017-09-08,12.86,13.89,12.75,375817.19,0.73,5.66,13.064,12.627,12.286,242006.13,177094.7,144317.0,13.64
2017-09-11,13.55,14.0,13.33,258648.16,0.28,2.05,13.228,12.806,12.381,238025.83,193891.57,152034.55,13.92
2017-09-12,13.81,14.51,13.49,352764.97,-0.38,-2.73,13.38,12.967,12.462,267855.24,220031.84,165647.14,13.54
2017-09-13,13.46,13.86,13.3,168439.8,0.31,2.29,13.572,13.137,12.574,264182.56,227587.17,168542.99,13.85
2017-09-14,13.72,13.97,13.45,138321.64,-0.35,-2.53,13.69,13.265,12.66,258798.35,231704.46,171574.25,13.5
2017-09-15,13.48,13.55,13.07,122806.94,-0.32,-2.37,13.598,13.331,12.721,208196.3,225101.21,172832.91,13.18
2017-09-18,13.17,13.44,13.03,78219.48,0.2,1.52,13.49,13.359,12.789,172110.57,205068.2,172124.15,13.38
2017-09-19,13.43,13.45,13.12,77233.52,-0.11,-0.82,13.436,13.408,12.831,117004.28,192429.76,164297.85,13.27
2017-09-20,13.31,14.6,13.31,453745.91,1.33,10.02,13.586,13.579,12.956,174065.5,219124.03,180787.01,14.6
2017-09-21,15.18,15.32,14.33,606258.75,0.19,1.3,13.844,13.767,13.108,267652.92,263225.64,206144.12,14.79
2017-09-22,14.5,14.6,13.94,316032.53,-0.67,-4.53,14.032,13.815,13.221,306298.04,257247.17,217170.93,14.12
2017-09-25,13.97,14.1,13.34,211514.31,-0.65,-4.6,14.05,13.77,13.288,332957.0,252533.79,223212.68,13.47
2017-09-26,13.41,13.96,13.38,177648.16,0.41,3.04,14.172,13.804,13.386,353039.93,235022.1,227526.97,13.88
2017-09-27,13.76,13.99,13.55,137090.94,-0.19,-1.37,13.99,13.788,13.463,289708.94,231887.22,229737.19,13.69
2017-09-28,13.75,13.91,13.6,140085.0,0.1,0.73,13.79,13.817,13.541,196474.19,232063.55,231884.01,13.79
2017-09-29,14.0,14.18,13.88,177381.56,0.1,0.72,13.744,13.888,13.61,168743.99,237521.02,231311.12,13.89
2017-10-09,13.98,14.13,13.69,123894.75,-0.06,-0.43,13.816,13.933,13.646,151220.08,242088.54,223578.37,13.83
2017-10-10,13.82,13.82,13.27,161770.91,-0.4,-2.89,13.726,13.949,13.679,148044.63,250542.28,221486.02,13.43
2017-10-11,13.34,13.4,13.06,118758.22,-0.18,-1.34,13.638,13.814,13.697,144378.09,217043.51,218083.77,13.25
2017-10-12,13.24,13.38,13.11,81278.46,0.08,0.6,13.546,13.668,13.718,132616.78,164545.48,213885.56,13.33
2017-10-13,13.33,13.33,13.0,106549.02,-0.27,-2.03,13.38,13.562,13.689,118450.27,143597.13,200422.15,13.06
2017-10-16,13.0,13.04,12.6,116827.6,-0.23,-1.76,13.18,13.498,13.634,117036.84,134128.46,193331.12,12.83
2017-10-17,12.76,12.88,12.63,56451.4,-0.03,-0.23,13.054,13.39,13.597,95972.94,122008.79,178515.45,12.8
2017-10-18,12.8,12.85,12.17,86439.68,-0.56,-4.38,12.852,13.245,13.517,89509.23,116943.66,174415.44,12.24
2017-10-19,12.18,12.28,11.7,96437.8,-0.42,-3.43,12.55,13.048,13.433,92541.1,112578.94,172321.25,11.82
2017-10-20,11.78,11.99,11.77,42354.2,0.15,1.27,12.332,12.856,13.372,79702.14,99076.2,168298.61,11.97
2017-10-23,11.98,12.05,11.9,37545.2,0.06,0.5,12.172,12.676,13.305,63845.66,90441.25,166264.9,12.03
2017-10-24,12.03,12.48,12.03,88559.39,0.15,1.25,12.048,12.551,13.25,70267.25,83120.1,166831.19,12.18
2017-10-25,12.25,12.29,12.12,47542.38,-0.02,-0.16,12.032,12.442,13.128,62487.79,75998.51,146521.01,12.16
2017-10-26,12.16,12.34,12.1,52215.78,0.15,1.23,12.13,12.34,13.004,53643.39,73092.25,118818.86,12.31
2017-10-27,12.31,12.37,11.89,63183.72,-0.37,-3.01,12.124,12.228,12.895,57809.29,68755.72,106176.42,11.94
2017-10-30,11.94,11.97,11.0,93647.89,-0.7,-5.86,11.966,12.069,12.784,69029.83,66437.74,100283.1,11.24
2017-10-31,11.25,11.43,11.25,46048.08,0.13,1.16,11.804,11.926,12.658,60527.57,65397.41,93703.1,11.37
2017-11-01,11.39,11.66,11.38,64141.27,0.16,1.41,11.678,11.855,12.55,63847.35,63167.57,90055.62,11.53
2017-11-02,11.45,11.48,11.06,71222.97,-0.35,-3.04,11.452,11.791,12.42,67648.79,60646.09,86612.51,11.18
2017-11-03,11.18,11.27,11.02,43095.98,0.04,0.36,11.308,11.716,12.286,63631.24,60720.27,79898.24,11.22
2017-11-06,11.12,11.32,11.11,36562.94,0.08,0.71,11.32,11.643,12.16,52214.25,60622.04,75531.64,11.3
2017-11-07,11.34,11.45,11.23,56914.82,0.14,1.24,11.334,11.569,12.06,54387.6,57457.58,70288.84,11.44
2017-11-08,11.4,11.52,11.25,54461.41,-0.04,-0.35,11.308,11.493,11.968,52451.62,58149.49,67074.0,11.4
2017-11-09,11.4,11.65,11.35,59157.96,0.2,1.75,11.392,11.422,11.881,50038.62,58843.7,65967.97,11.6
2017-11-10,11.58,11.63,11.32,64558.02,-0.23,-1.98,11.422,11.365,11.797,54331.03,58981.13,63868.42,11.37
2017-11-13,11.48,11.48,11.22,62820.07,-0.1,-0.88,11.416,11.368,11.719,59582.46,55898.35,61168.05,11.27
2017-11-14,11.25,11.56,11.22,78581.57,0.23,2.04,11.428,11.381,11.654,63915.81,59151.7,62274.56,11.5
2017-11-15,11.49,11.49,11.25,46649.76,-0.19,-1.65,11.41,11.359,11.607,62353.48,57402.55,60285.06,11.31
2017-11-16,11.3,11.3,11.13,46494.02,-0.16,-1.42,11.32,11.356,11.574,59820.69,54929.66,57787.87,11.15
2017-11-17,11.08,11.21,10.57,78378.2,-0.57,-5.11,11.162,11.292,11.504,62584.72,58457.88,59589.07,10.58
2017-11-20,10.6,10.67,10.03,39575.49,-0.07,-0.66,11.01,11.213,11.428,57935.81,58759.13,59690.59,10.51
2017-11-21,10.5,10.53,10.15,55999.02,-0.26,-2.47,10.76,11.094,11.332,53419.3,58667.55,58062.57,10.25
2017-11-22,10.25,10.38,10.23,40105.62,0.08,0.78,10.564,10.987,11.24,52110.47,57231.97,57690.73,10.33
2017-11-23,10.32,10.55,10.17,57227.54,-0.11,-1.06,10.378,10.849,11.136,54257.17,57038.93,57941.32,10.22
2017-11-24,10.06,10.49,10.06,42787.22,0.21,2.06,10.348,10.755,11.06,47138.98,54861.85,56921.49,10.43
2017-11-27,10.29,10.53,10.23,35455.01,-0.15,-1.44,10.302,10.656,11.012,46314.88,52125.35,54011.85,10.28
2017-11-28,10.26,10.5,10.24,37322.46,0.18,1.75,10.344,10.552,10.967,42579.57,47999.43,53575.57,10.46
2017-11-29,10.46,10.75,10.41,68675.0,0.28,2.68,10.426,10.495,10.927,48293.45,50201.96,53802.25,10.74
2017-11-30,10.69,10.7,10.51,39337.29,-0.22,-2.05,10.486,10.432,10.894,44715.4,49486.29,52207.97,10.52
2017-12-01,10.51,10.6,10.45,25602.34,-0.03,-0.28,10.498,10.423,10.858,41278.42,44208.7,51333.29,10.49
2017-12-04,10.54,10.62,10.29,33502.95,-0.2,-1.91,10.5,10.401,10.807,40888.01,43601.45,51180.29,10.29
2017-12-05,10.26,10.26,9.65,67851.68,-0.39,-3.79,10.388,10.366,10.73,46993.85,44786.71,51727.13,9.9
2017-12-06,9.8,9.95,9.72,36675.52,0.05,0.51,10.23,10.328,10.658,40593.96,44443.7,50837.84,9.95
2017-12-07,9.91,10.3,9.87,56089.69,0.16,1.61,10.148,10.317,10.583,43944.44,44329.92,50684.42,10.11
2017-12-08,10.16,10.26,10.09,32085.39,0.03,0.3,10.078,10.288,10.522,45241.05,43259.73,49060.79,10.14
2017-12-11,10.11,10.31,10.0,51690.13,0.06,0.59,10.06,10.28,10.468,48878.48,44883.25,48504.3,10.2
2017-12-12,10.08,10.21,10.04,39642.78,-0.13,-1.27,10.094,10.241,10.397,43236.7,45115.28,46557.36,10.07
2017-12-13,10.09,10.11,9.98,29648.69,-0.01,-0.1,10.116,10.173,10.334,41831.34,41212.65,45707.3,10.06
2017-12-14,10.07,10.09,9.9,36293.13,-0.12,-1.19,10.082,10.115,10.274,37872.02,40908.23,45197.26,9.94
2017-12-15,9.94,9.94,9.69,42667.44,-0.16,-1.61,10.01,10.044,10.234,39988.43,42614.74,43411.72,9.78
2017-12-18,9.73,9.88,9.73,36335.6,0.07,0.72,9.94,10.0,10.201,36917.53,42898.01,43249.73,9.85
2017-12-19,9.86,9.92,9.73,36372.0,-0.06,-0.61,9.884,9.989,10.178,36263.37,39750.04,42268.37,9.79
2017-12-20,9.76,9.78,9.4,53236.74,-0.38,-3.88,9.754,9.935,10.132,40980.98,41406.16,42924.93,9.41
2017-12-21,9.42,9.47,9.21,42955.0,-0.01,-0.11,9.646,9.864,10.091,42313.36,40092.69,42211.3,9.4
2017-12-22,9.38,9.52,9.24,43268.87,-0.09,-0.96,9.552,9.781,10.035,42433.64,41211.04,42235.39,9.31
2017-12-25,9.3,9.34,8.98,52300.54,-0.29,-3.12,9.386,9.663,9.972,45626.63,41272.08,43077.66,9.02
2017-12-26,9.03,9.1,8.95,32730.24,0.08,0.89,9.248,9.566,9.904,44898.28,40580.83,42848.05,9.1
2017-12-27,9.08,9.37,9.02,57140.44,0.12,1.32,9.21,9.482,9.828,45679.02,43330.0,42271.32,9.22
2017-12-28,9.26,9.67,9.19,93419.26,0.45,4.88,9.264,9.455,9.785,55771.87,49042.61,44975.42,9.67
2017-12-29,9.68,9.72,9.51,49720.83,-0.06,-0.62,9.324,9.438,9.741,57062.26,49747.95,46181.35,9.61
2018-01-02,9.6,9.7,9.55,47687.54,0.02,0.21,9.446,9.416,9.708,56139.66,50883.15,46890.58,9.63
2018-01-03,9.57,9.79,9.57,55855.49,0.04,0.41,9.56,9.404,9.697,60764.71,52831.5,46290.77,9.67
2018-01-04,9.62,9.76,9.59,53609.92,0.07,0.72,9.664,9.437,9.686,60058.61,52868.81,47137.49,9.74
2018-01-05,9.76,9.77,9.59,42546.52,-0.05,-0.51,9.668,9.466,9.665,49884.06,52827.97,46460.33,9.69
2018-01-08,9.69,9.97,9.54,73944.21,0.16,1.65,9.716,9.52,9.651,54728.74,55895.5,48553.27,9.85
2018-01-09,9.85,9.86,9.63,47360.99,-0.15,-1.52,9.73,9.588,9.626,54663.43,55401.54,48336.81,9.7
2018-01-10,9.73,9.74,9.35,51250.1,-0.26,-2.68,9.684,9.622,9.594,53742.35,57253.53,48917.18,9.44
2018-01-11,9.38,9.54,9.37,28880.04,0.09,0.95,9.642,9.653,9.568,48796.37,54427.49,48878.75,9.53
2018-01-12,9.53,9.55,9.38,26455.25,-0.07,-0.73,9.596,9.632,9.544,45578.12,47731.09,48386.85,9.46
2018-01-15,9.47,9.51,9.01,58654.29,-0.41,-4.33,9.436,9.576,9.507,42520.13,48624.44,49186.19,9.05
2018-01-16,9.06,9.22,9.0,37364.39,0.09,0.99,9.324,9.527,9.472,40520.81,47592.12,49237.63,9.14
2018-01-17,9.14,9.15,8.9,44726.33,-0.07,-0.77,9.25,9.467,9.436,39216.06,46479.2,49655.35,9.07
2018-01-18,9.04,9.87,9.04,107785.73,0.61,6.72,9.28,9.461,9.449,54997.2,51896.79,52382.8,9.68
2018-01-19,9.57,9.67,9.44,60558.19,-0.07,-0.72,9.31,9.453,9.46,61817.79,53697.95,53262.96,9.61
2018-01-22,9.61,9.74,9.44,51333.16,0.13,1.35,9.448,9.442,9.481,60353.56,51436.85,53666.17,9.74
2018-01-23,9.75,9.94,9.65,81654.03,0.12,1.23,9.592,9.458,9.523,69211.49,54866.15,55133.85,9.86
2018-01-24,9.79,9.87,9.68,57290.09,-0.08,-0.81,9.734,9.492,9.557,71724.24,55470.15,56361.84,9.78
2018-01-25,9.8,9.92,9.73,65321.37,-0.01,-0.1,9.752,9.516,9.585,63231.37,59114.28,56770.89,9.77
2018-01-26,9.79,9.97,9.65,53003.15,-0.1,-1.02,9.764,9.537,9.585,61720.36,61769.07,54750.08,9.67
2018-01-29,9.64,9.88,9.64,64870.66,0.04,0.41,9.758,9.603,9.59,64427.86,62390.71,55507.57,9.71
2018-01-30,9.68,9.74,9.51,37634.73,-0.18,-1.85,9.692,9.642,9.585,55624.0,62417.74,55004.93,9.53
2018-01-31,9.5,9.5,8.99,56248.48,-0.39,-4.09,9.564,9.649,9.558,55415.68,63569.96,55024.58,9.14
2018-02-01,9.11,9.29,8.84,52516.04,-0.18,-1.97,9.402,9.577,9.519,52854.61,58042.99,54969.89,8.96
2018-02-02,9.0,9.0,8.22,51521.17,-0.27,-3.01,9.206,9.485,9.469,52558.22,57139.29,55418.62,8.69
2018-02-05,8.45,8.72,8.45,32805.66,-0.09,-1.04,8.984,9.371,9.407,46145.22,55286.54,53361.69,8.6
2018-02-06,8.45,8.65,7.93,57011.02,-0.64,-7.44,8.67,9.181,9.32,50020.47,52822.24,53844.19,7.96
2018-02-07,8.11,8.15,7.75,40549.82,0.01,0.13,8.436,9.0,9.246,46880.74,51148.21,53309.18,7.97
2018-02-08,8.2,8.2,8.0,30946.3,0.13,1.63,8.264,8.833,9.175,42566.79,47710.7,53412.49,8.1
2018-02-09,7.92,7.92,7.68,39343.6,-0.34,-4.2,8.078,8.642,9.09,40131.28,46344.75,54056.91,7.76
2018-02-12,7.8,8.05,7.8,23736.38,0.24,3.09,7.958,8.471,9.037,38317.42,42231.32,52311.02,8.0
2018-02-13,8.09,8.13,8.03,22659.2,0.05,0.62,7.976,8.323,8.983,31447.06,40733.77,51575.76,8.05
2018-02-14,8.04,8.12,7.99,12470.41,0.03,0.37,7.998,8.217,8.933,25831.18,36355.96,49962.96,8.08
2018-02-22,8.16,8.31,8.1,29726.29,0.22,2.72,8.038,8.151,8.864,25587.18,34076.99,46059.99,8.3
2018-02-23,8.34,8.34,8.17,28813.7,-0.03,-0.36,8.14,8.109,8.797,23481.2,31806.24,44472.76,8.27
2018-02-26,8.28,8.41,8.17,48887.74,0.13,1.57,8.22,8.089,8.73,28511.47,33414.45,44350.49,8.4
2018-02-27,8.41,8.58,8.3,66059.95,0.18,2.14,8.326,8.151,8.666,37191.62,34319.34,43570.79,8.58
2018-02-28,8.58,8.96,8.52,110221.65,0.32,3.73,8.49,8.244,8.622,56741.87,41286.52,46217.37,8.9
2018-03-01,8.7,8.88,8.63,65363.15,-0.04,-0.45,8.602,8.32,8.577,63869.24,44728.21,46219.46,8.86
2018-03-02,8.73,8.96,8.7,46966.14,-0.1,-1.13,8.7,8.42,8.531,67499.73,45490.46,45917.6,8.76
2018-03-05,8.76,8.8,8.62,45940.02,-0.14,-1.6,8.744,8.482,8.477,66910.18,47710.83,44971.07,8.62
2018-03-06,8.62,8.77,8.62,45942.4,0.15,1.74,8.782,8.554,8.439,62886.67,50039.15,45386.46,8.77
2018-03-07,8.8,8.9,8.62,41647.0,-0.14,-1.6,8.728,8.609,8.413,49171.74,52956.8,44656.38,8.63
2018-03-08,8.6,8.7,8.53,32910.8,0.03,0.35,8.688,8.645,8.398,42681.27,53275.26,43676.12,8.66
2018-03-09,8.68,8.81,8.62,44424.58,0.15,1.73,8.698,8.699,8.404,42172.96,54836.34,43321.29,8.81
2018-03-12,8.81,9.69,8.79,206260.72,0.69,7.83,8.874,8.809,8.449,74237.1,70573.64,51994.04,9.5
2018-03-13,9.32,9.4,9.2,118993.21,-0.23,-2.42,8.974,8.878,8.515,88847.26,75866.97,55093.15,9.27
2018-03-14,9.21,9.48,9.15,73641.82,-0.1,-1.08,9.082,8.905,8.575,95246.23,72208.98,56747.75,9.17
2018-03-15,9.19,9.32,8.97,77977.55,-0.01,-0.11,9.182,8.935,8.628,104259.58,73470.42,59099.32,9.16
2018-03-16,9.14,9.23,9.08,36971.17,-0.03,-0.33,9.246,8.972,8.696,102768.89,72470.93,58980.69,9.13
2018-03-19,9.18,9.24,9.06,39729.03,0.0,0.0,9.172,9.023,8.753,69462.56,71849.83,59780.33,9.13
2018-03-20,9.06,9.06,8.87,50301.04,-0.17,-1.86,9.11,9.042,8.798,55724.12,72285.69,61162.42,8.96
2018-03-21,8.97,9.11,8.91,50073.49,0.01,0.11,9.07,9.076,8.843,51010.46,73128.34,63042.57,8.97
2018-03-22,9.02,9.05,8.9,40244.21,0.01,0.11,9.034,9.108,8.877,43463.79,73861.68,63568.47,8.98
2018-03-23,8.78,8.78,8.08,103610.64,-0.88,-9.8,8.828,9.037,8.868,56791.68,79780.29,67308.32,8.1
2018-03-26,7.91,8.36,7.75,74282.06,0.2,2.47,8.662,8.917,8.863,63702.29,66582.42,68578.03,8.3
2018-03-27,8.35,8.71,8.33,81297.15,0.37,4.46,8.604,8.857,8.868,69901.51,62812.82,69339.89,8.67
2018-03-28,8.49,9.0,8.45,68755.07,-0.05,-0.58,8.534,8.802,8.854,73637.83,62324.14,67266.56,8.62
2018-03-29,8.62,8.88,8.6,58371.11,0.18,2.09,8.498,8.766,8.851,77263.21,60363.5,66916.96,8.8
2018-03-30,8.8,9.17,8.73,89165.0,0.3,3.41,8.698,8.763,8.868,74374.08,65582.88,69026.9,9.1
2018-04-02,9.11,9.16,8.94,73784.66,-0.01,-0.11,8.856,8.759,8.891,74274.6,68988.44,70419.14,9.09
2018-04-03,8.94,8.99,8.79,49879.0,-0.25,-2.75,8.89,8.747,8.895,67990.97,68946.24,70615.97,8.84
2018-04-04,8.9,9.06,8.84,59733.0,0.04,0.45,8.942,8.738,8.907,66186.55,69912.19,71520.27,8.88
2018-04-09,8.8,9.27,8.72,76953.43,0.32,3.6,9.022,8.76,8.934,69903.02,73583.11,73722.4,9.2
2018-04-10,9.2,9.3,9.01,58922.14,-0.04,-0.43,9.034,8.866,8.952,63854.45,69114.26,74447.28,9.16
2018-04-11,10.06,10.08,10.0,276530.44,0.92,10.04,9.232,9.044,8.981,104403.6,89339.1,77960.76,10.08
2018-04-12,10.69,10.69,9.97,453277.41,0.11,1.09,9.502,9.196,9.027,185083.28,126537.13,94674.97,10.19
2018-04-13,9.86,10.05,9.59,229485.69,-0.6,-5.89,9.644,9.293,9.048,219033.82,142610.19,102467.16,9.59
2018-04-16,9.49,9.82,9.49,133783.84,0.12,1.25,9.746,9.384,9.075,230399.9,150151.46,105257.48,9.71
2018-04-17,9.7,9.77,9.35,124585.86,-0.29,-2.99,9.798,9.416,9.09,243532.65,153693.55,109638.21,9.42
2018-04-18,9.51,9.59,9.15,95273.08,0.12,1.27,9.69,9.461,9.11,207281.18,155842.39,112415.42,9.54
2018-04-19,9.5,9.86,9.44,104569.33,0.27,2.83,9.614,9.558,9.153,137539.56,161311.42,115128.83,9.81
2018-04-20,9.76,9.76,9.3,74295.44,-0.48,-4.89,9.562,9.603,9.171,106501.51,162767.67,116339.93,9.33
2018-04-23,9.2,9.5,9.18,49216.78,0.05,0.54,9.496,9.621,9.191,89588.1,159994.0,116788.56,9.38
2018-04-24,9.4,9.75,9.35,68795.33,0.22,2.35,9.532,9.665,9.266,78429.99,160981.32,115047.79,9.6
2018-04-25,9.54,9.65,9.39,52482.47,-0.2,-2.08,9.504,9.597,9.321,69871.87,138576.52,113957.81,9.4
2018-04-26,9.3,9.42,9.0,68224.0,-0.39,-4.15,9.344,9.479,9.338,62602.8,100071.18,113304.15,9.01
2018-04-27,9.11,9.28,8.98,43343.38,0.19,2.11,9.318,9.44,9.367,56412.39,81456.95,112033.57,9.2
2018-05-02,9.19,9.46,9.16,49988.0,0.26,2.83,9.334,9.415,9.4,56566.64,73077.37,111614.41,9.46
2018-05-03,9.4,9.7,9.35,75924.94,0.19,2.01,9.344,9.438,9.427,57992.56,68211.28,110952.41,9.65
2018-05-04,9.55,9.73,9.45,56962.49,-0.05,-0.52,9.384,9.444,9.453,58888.56,64380.22,110111.3,9.6
2018-05-07,9.65,9.74,9.53,54116.67,0.12,1.25,9.526,9.435,9.497,56067.1,59334.95,110323.19,9.72
2018-05-08,9.77,9.77,9.6,52193.04,-0.04,-0.41,9.622,9.47,9.537,57837.03,57124.71,109946.19,9.68
2018-05-09,9.65,9.83,9.56,57655.01,0.11,1.14,9.688,9.511,9.566,59370.43,57968.53,108981.27,9.79
2018-05-10,9.8,9.83,9.62,42135.0,-0.12,-1.23,9.692,9.518,9.592,52612.44,55302.5,108141.91,9.67
2018-05-11,9.68,9.72,9.44,48105.2,-0.16,-1.66,9.674,9.529,9.563,50840.98,54864.77,96720.65,9.51
2018-05-14,9.4,9.52,9.34,39528.0,-0.16,-1.68,9.6,9.563,9.521,47923.25,51995.17,76033.18,9.35
2018-05-15,9.36,9.74,9.36,51977.2,0.35,3.74,9.604,9.613,9.527,47880.08,52858.56,67157.75,9.7
2018-05-16,9.7,9.77,9.55,44101.62,0.06,0.62,9.598,9.643,9.529,45169.4,52269.92,62673.64,9.76
2018-05-17,9.77,9.84,9.64,59777.44,0.07,0.72,9.63,9.661,9.55,48697.89,50655.17,59433.22,9.83
2018-05-18,9.82,10.03,9.73,56405.33,0.16,1.63,9.726,9.7,9.572,50357.92,50599.45,57489.83,9.99
2018-05-21,10.0,10.21,9.96,72571.37,0.02,0.2,9.858,9.729,9.582,56966.59,52444.92,55889.94,10.01
2018-05-22,9.98,10.15,9.88,90600.54,0.14,1.4,9.948,9.776,9.623,64691.26,56285.67,56705.19,10.15
2018-05-23,10.07,10.21,9.86,40568.79,-0.26,-2.56,9.974,9.786,9.649,63984.69,54577.05,56272.79,9.89
2018-05-24,9.89,10.09,9.81,38987.28,0.11,1.11,10.008,9.819,9.669,59826.66,54262.28,54782.39,10.0
2018-05-25,10.0,10.07,9.75,57277.17,-0.21,-2.1,9.968,9.847,9.688,60001.03,55179.47,55022.12,9.79
2018-05-28,9.71,9.92,9.7,35559.0,0.01,0.1,9.926,9.892,9.728,52598.56,54782.57,53388.87,9.8
2018-05-29,9.8,9.95,9.72,36127.0,0.05,0.51,9.866,9.907,9.76,41703.85,53197.55,53028.05,9.85
2018-05-30,9.75,9.79,9.38,60866.17,-0.28,-2.84,9.802,9.888,9.766,45763.32,54874.01,53571.96,9.57
2018-05-31,9.58,9.67,9.47,24123.61,0.05,0.52,9.726,9.867,9.764,42790.59,51308.63,50981.9,9.62
2018-06-01,9.62,9.69,9.54,21407.04,-0.05,-0.52,9.682,9.825,9.763,35616.56,47808.8,49204.12,9.57
2018-06-04,9.47,9.8,9.45,18090.12,-0.01,-0.1,9.634,9.78,9.755,32122.79,42360.67,47402.8,9.56
2018-06-05,9.54,9.62,9.37,25166.0,-0.05,-0.52,9.566,9.716,9.746,29930.59,35817.22,46051.44,9.51
2018-06-06,9.61,9.63,9.39,29141.93,-0.04,-0.42,9.546,9.674,9.73,23585.74,34674.53,44625.79,9.47
2018-06-07,9.5,9.57,9.26,33124.86,-0.21,-2.22,9.474,9.6,9.71,25385.99,34088.29,44175.28,9.26
2018-06-08,9.26,9.27,8.73,64297.93,-0.2,-2.16,9.372,9.527,9.687,33964.17,34790.37,44984.92,9.06
2018-06-11,9.0,9.0,8.78,23789.42,-0.24,-2.65,9.224,9.429,9.661,35104.03,33613.41,44197.99,8.82
2018-06-12,8.82,8.95,8.41,41466.05,-0.29,-3.29,9.028,9.297,9.602,38364.04,34147.31,43672.43,8.53
2018-06-13,8.55,8.58,8.3,21696.98,-0.21,-2.46,8.798,9.172,9.53,36875.05,30230.39,42552.2,8.32
2018-06-14,8.33,8.55,8.3,22722.0,0.06,0.72,8.622,9.048,9.458,34794.48,30090.23,40699.43,8.38
2018-06-15,8.34,8.54,8.13,40387.1,-0.07,-0.84,8.454,8.913,9.369,30012.31,31988.24,39898.52,8.22
2018-06-19,8.1,8.14,7.4,45659.0,-0.82,-9.98,8.17,8.697,9.239,34386.23,34745.13,38552.9,7.4
2018-06-20,7.36,7.53,7.22,32641.37,0.08,1.08,7.96,8.494,9.105,32621.29,35492.66,35654.94,7.48
2018-06-21,7.48,7.57,7.03,43432.53,-0.38,-5.08,7.716,8.257,8.966,36968.4,36921.72,35798.13,7.1
2018-06-22,7.1,7.2,6.95,43927.2,-0.03,-0.42,7.454,8.038,8.819,41209.44,38001.96,36045.12,7.07
2018-06-25,7.14,7.28,6.9,39506.73,-0.09,-1.27,7.206,7.83,8.679,41033.37,35522.84,35156.6,6.98
2018-06-26,6.94,6.96,6.62,47251.0,-0.02,-0.29,7.118,7.644,8.537,41351.77,37869.0,35741.2,6.96
2018-06-27,6.99,7.07,6.85,32047.36,-0.02,-0.29,7.01,7.485,8.391,41232.96,36927.13,35537.22,6.94
2018-06-28,6.97,7.08,6.82,36330.7,0.05,0.72,6.988,7.352,8.262,39812.6,38390.5,34310.45,6.99
2018-06-29,6.98,7.16,6.89,54346.12,0.16,2.29,7.004,7.229,8.139,41896.38,41552.91,35821.57,7.15
2018-07-02,7.15,7.18,6.95,41453.83,-0.13,-1.82,7.012,7.109,8.011,42285.8,41659.58,36823.91,7.02
2018-07-03,7.02,7.15,6.86,43961.24,0.13,1.85,7.05,7.084,7.891,41627.85,41489.81,38117.47,7.15
2018-07-04,7.11,7.12,6.94,31740.02,-0.13,-1.82,7.066,7.038,7.766,41566.38,41399.67,38446.17,7.02
2018-07-05,6.98,7.02,6.68,38587.6,-0.31,-4.42,7.01,6.999,7.628,42017.76,40915.18,38918.45,6.71
2018-07-06,6.71,6.87,6.5,48004.09,0.02,0.3,6.926,6.965,7.502,40749.36,41322.87,39662.41,6.73
2018-07-09,6.74,6.93,6.7,31140.69,0.19,2.82,6.906,6.959,7.395,38686.73,40486.27,38004.55,6.92
2018-07-10,6.95,7.13,6.92,41378.02,0.12,1.73,6.884,6.967,7.306,38170.08,39898.97,38883.98,7.04
2018-07-11,6.95,6.99,6.75,34197.83,-0.1,-1.42,6.868,6.967,7.226,38661.65,40114.01,38520.57,6.94
2018-07-12,6.88,7.12,6.88,31647.83,0.14,2.02,6.942,6.976,7.164,37273.69,39645.73,39018.11,7.08
2018-07-13,7.09,7.28,7.01,37386.94,0.11,1.55,7.034,6.98,7.105,35150.26,37949.81,39751.36,7.19
2018-07-16,7.25,7.25,7.05,27786.6,-0.11,-1.53,7.066,6.986,7.048,34479.44,36583.09,39121.34,7.08
2018-07-17,7.08,7.08,6.88,26957.0,-0.06,-0.85,7.062,6.973,7.029,31595.24,34882.66,38186.24,7.02
2018-07-18,7.02,7.12,7.0,27346.0,0.02,0.28,7.082,6.975,7.007,30224.87,34443.26,37921.47,7.04
2018-07-19,7.04,7.04,6.82,33586.0,-0.21,-2.98,7.032,6.987,6.993,30612.51,33943.1,37429.14,6.83
2018-07-20,6.84,6.99,6.82,25719.38,0.13,1.9,6.986,7.01,6.988,28279.0,31714.63,36518.75,6.96
2018-07-23,6.96,7.16,6.91,39579.02,0.19,2.73,7.0,7.033,6.996,30637.48,32558.46,36522.36,7.15
2018-07-24,7.12,7.36,7.1,57014.02,0.15,2.1,7.056,7.059,7.013,36648.88,34122.06,37010.51,7.3
2018-07-25,7.3,7.39,7.23,37709.02,0.04,0.55,7.116,7.099,7.033,38721.49,34473.18,37293.6,7.34
2018-07-26,7.3,7.42,7.18,61380.0,-0.03,-0.41,7.212,7.122,7.049,44280.29,37446.4,38546.06,7.31
2018-07-27,7.29,7.99,7.29,112590.0,0.29,3.97,7.34,7.163,7.072,61654.41,44966.7,41458.26,7.6
2018-07-30,7.5,8.3,7.41,134509.66,0.25,3.29,7.48,7.24,7.113,80640.54,55639.01,46111.05,7.85
2018-07-31,7.66,7.8,7.43,82773.08,-0.24,-3.06,7.542,7.299,7.136,85792.35,61220.62,48051.64,7.61
2018-08-01,7.56,7.95,7.48,84782.04,0.05,0.66,7.606,7.361,7.168,95206.96,66964.22,50703.74,7.66
2018-08-02,7.5,7.6,7.06,78011.06,-0.29,-3.79,7.618,7.415,7.201,98533.17,71406.73,52674.91,7.37
2018-08-03,7.27,7.49,7.1,51804.02,-0.26,-3.53,7.52,7.43,7.22,86375.97,74015.19,52864.91,7.11
2018-08-06,6.9,7.07,6.81,48121.6,-0.16,-2.25,7.34,7.41,7.222,69098.36,74869.45,53713.96,6.95
2018-08-07,7.0,7.21,6.88,44109.64,0.26,3.74,7.26,7.401,7.23,61365.67,73579.01,53850.54,7.21
2018-08-08,7.19,7.19,7.04,31149.04,-0.17,-2.36,7.136,7.371,7.235,50639.07,72923.01,53698.1,7.04
2018-08-09,7.04,7.29,7.03,41646.0,0.2,2.84,7.11,7.364,7.243,43366.06,70949.61,54198.01,7.24
2018-08-10,7.24,7.3,7.13,32085.04,0.02,0.28,7.14,7.33,7.247,39422.26,62899.12,53932.91,7.26
2018-08-13,7.13,7.16,6.89,120938.09,-0.32,-4.41,7.138,7.239,7.24,53985.56,61541.96,58590.49,6.94
2018-08-14,6.95,6.97,6.74,61463.66,0.01,0.14,7.086,7.173,7.236,57456.37,59411.02,60315.82,6.95
2018-08-15,6.9,6.93,6.74,42277.13,-0.2,-2.88,7.028,7.082,7.222,59681.98,55160.53,61062.38,6.75
2018-08-16,6.7,6.74,6.59,33279.02,-0.07,-1.04,6.916,7.013,7.214,58008.59,50687.32,61047.03,6.68
2018-08-17,6.72,6.76,6.58,31739.59,-0.08,-1.2,6.784,6.962,7.196,57939.5,48680.88,61348.04,6.6
2018-08-20,6.6,6.67,6.42,34828.12,0.02,0.3,6.72,6.929,7.17,40717.5,47351.53,61110.49,6.62
2018-08-21,6.64,6.69,6.57,30455.27,0.04,0.6,6.662,6.874,7.138,34515.83,45986.1,59782.55,6.66
2018-08-22,6.72,6.87,6.64,50026.02,0.07,1.05,6.658,6.843,7.107,36065.6,47873.79,60398.4,6.73
2018-08-23,6.64,6.75,6.61,34201.59,-0.02,-0.3,6.664,6.79,7.077,36250.12,47129.35,59039.48,6.71
2018-08-24,6.72,6.98,6.72,72328.44,0.17,2.53,6.72,6.752,7.041,44367.89,51153.69,57026.41,6.88
2018-08-27,6.88,6.94,6.74,56157.14,0.03,0.44,6.778,6.749,6.994,48633.69,44675.6,53108.78,6.91
2018-08-28,6.88,7.07,6.86,76465.0,0.16,2.31,6.86,6.761,6.967,57835.64,46175.73,52793.38,7.07
2018-08-29,7.06,7.06,6.91,55659.0,-0.15,-2.12,6.898,6.778,6.93,58962.23,47513.92,51337.22,6.92
2018-08-30,6.88,6.92,6.65,52996.59,-0.23,-3.32,6.894,6.779,6.896,62721.23,49485.68,50086.5,6.69
2018-08-31,6.69,6.71,6.59,27423.0,-0.04,-0.6,6.848,6.784,6.873,53740.15,49054.02,48867.45,6.65
2018-09-03,6.65,6.66,6.54,26692.0,-0.04,-0.6,6.788,6.783,6.856,47847.12,48240.41,47795.97,6.61
2018-09-04,6.62,6.74,6.61,29627.0,0.09,1.36,6.714,6.787,6.831,38479.52,48157.58,47071.84,6.7
2018-09-05,6.69,6.73,6.52,25012.19,-0.18,-2.69,6.634,6.766,6.805,32350.16,45656.2,46764.99,6.52
2018-09-06,6.5,6.61,6.48,25781.02,-0.01,-0.15,6.598,6.746,6.768,26907.04,44814.14,45971.75,6.51
2018-09-07,6.56,6.62,6.45,32777.46,0.02,0.31,6.574,6.711,6.732,27977.93,40859.04,46006.37,6.53
2018-09-10,6.53,6.53,6.35,30977.96,-0.18,-2.76,6.522,6.655,6.702,28835.13,38341.12,41508.36,6.35
2018-09-11,6.38,6.38,6.11,37115.62,-0.1,-1.57,6.432,6.573,6.667,30332.85,34406.18,40290.96,6.25
2018-09-12,6.24,6.31,6.2,33302.22,-0.02,-0.32,6.374,6.504,6.641,31990.86,32170.51,39842.21,6.23
2018-09-13,6.28,6.32,6.19,32511.45,0.07,1.12,6.332,6.465,6.622,33336.94,30121.99,39803.83,6.3
2018-09-14,6.3,6.4,6.22,32027.02,-0.07,-1.11,6.272,6.423,6.604,33186.85,30582.39,39818.21,6.23
2018-09-17,6.24,6.26,6.03,32715.0,-0.13,-2.09,6.222,6.372,6.578,33534.26,31184.69,39712.55,6.1
2018-09-18,6.08,6.21,6.03,35312.89,0.1,1.64,6.212,6.322,6.555,33173.72,31753.28,39955.43,6.2
2018-09-19,6.17,6.38,6.16,44239.0,0.11,1.77,6.228,6.301,6.534,35361.07,33675.96,39666.08,6.31
2018-09-20,6.29,6.61,6.28,68994.72,0.12,1.9,6.254,6.293,6.52,42657.73,37997.33,41405.74,6.43
2018-09-21,6.42,6.48,6.32,47117.96,0.03,0.47,6.3,6.286,6.499,45675.91,39431.38,40145.21,6.46
2018-09-25,6.41,6.58,6.38,28777.96,-0.05,-0.77,6.362,6.292,6.474,44888.51,39211.38,38776.25,6.41
2018-09-26,6.46,6.47,6.33,34925.55,-0.05,-0.78,6.394,6.303,6.438,44811.04,38992.38,36699.28,6.36
2018-09-27,6.37,6.38,6.2,35025.55,-0.12,-1.89,6.38,6.304,6.404,42968.35,39164.71,35667.61,6.24
2018-09-28,6.24,6.37,6.22,32742.61,0.12,1.92,6.366,6.31,6.388,35717.93,39187.83,34654.91,6.36
2018-10-08,6.28,6.28,6.13,40496.9,-0.2,-3.15,6.306,6.303,6.363,34393.71,40034.81,35308.6,6.16
2018-10-09,6.16,6.25,6.12,27470.92,0.05,0.81,6.266,6.314,6.343,34132.31,39510.41,35347.55,6.21
2018-10-10,6.2,6.83,6.12,89960.63,0.22,3.54,6.28,6.337,6.33,45139.32,44975.18,38364.23,6.43
2018-10-11,6.22,6.25,5.79,86734.26,-0.64,-9.95,6.19,6.285,6.293,55481.06,49224.71,41450.34,5.79
2018-10-12,5.71,5.76,5.26,68457.75,-0.25,-4.32,6.026,6.196,6.245,62624.09,49171.01,43584.17,5.54
2018-10-15,5.54,5.61,5.29,40473.0,-0.23,-4.15,5.856,6.081,6.184,62619.31,48506.51,43968.95,5.31
2018-10-16,5.32,5.41,5.19,29936.96,-0.07,-1.32,5.662,5.964,6.128,63112.52,48622.41,43916.9,5.24
2018-10-17,5.28,5.34,5.06,33505.68,-0.03,-0.57,5.418,5.849,6.076,51821.53,48480.43,43736.4,5.21
2018-10-18,5.16,5.18,5.03,29749.18,-0.16,-3.07,5.27,5.73,6.017,40424.51,47952.79,43558.75,5.05
2018-10-19,4.92,5.18,4.88,28168.0,0.1,1.98,5.192,5.609,5.96,32366.56,47495.33,43341.58,5.15
2018-10-22,5.21,5.48,5.2,53432.38,0.22,4.27,5.204,5.53,5.917,34958.44,48788.88,44411.85,5.37
2018-10-23,5.37,5.45,5.28,39080.74,-0.02,-0.37,5.226,5.444,5.879,36787.2,49949.86,44730.13,5.35
2018-10-24,5.45,5.68,5.43,68536.69,0.19,3.55,5.292,5.355,5.846,43793.4,47807.46,46391.32,5.54
2018-10-25,5.25,5.53,5.25,47554.21,-0.07,-1.26,5.376,5.323,5.804,47354.4,43889.46,46557.08,5.47
2018-10-26,5.51,5.66,5.48,47351.55,0.03,0.55,5.446,5.319,5.758,51191.11,41778.84,45474.92,5.5
2018-10-29,5.48,5.48,5.33,30444.57,-0.12,-2.18,5.448,5.326,5.704,46593.55,40776.0,44641.25,5.38
2018-10-30,5.38,5.53,5.36,33001.01,0.08,1.49,5.47,5.348,5.656,45377.61,41082.4,44852.41,5.46
2018-10-31,5.49,5.74,5.47,68345.43,0.24,4.4,5.502,5.397,5.623,45339.35,44566.38,46523.4,5.7
2018-11-01,5.67,5.73,5.61,47844.8,-0.04,-0.7,5.54,5.458,5.594,45397.47,46375.94,47164.36,5.66
2018-11-02,5.71,5.82,5.67,47651.72,0.13,2.3,5.598,5.522,5.566,45457.51,48324.31,47909.82,5.79
2018-11-05,5.77,5.87,5.66,41710.76,-0.05,-0.86,5.67,5.559,5.545,47710.74,47152.15,47970.51,5.74
2018-11-06,5.7,5.78,5.63,38772.31,0.04,0.7,5.734,5.602,5.523,48865.0,47121.31,48535.58,5.78
2018-11-07,5.78,5.93,5.73,43705.85,-0.03,-0.52,5.744,5.623,5.489,43937.09,44638.22,46222.84,5.75
2018-11-08,5.78,5.83,5.67,40339.1,-0.07,-1.22,5.748,5.644,5.484,42435.95,43916.71,43903.08,5.68
2018-11-09,5.68,5.76,5.63,37409.14,-0.01,-0.18,5.724,5.661,5.49,40387.43,42922.47,42350.65,5.67
2018-11-12,5.67,5.86,5.61,60991.48,0.18,3.17,5.746,5.708,5.517,44243.58,45977.16,43376.58,5.85
2018-11-13,5.76,6.0,5.72,86896.85,0.12,2.05,5.784,5.759,5.554,53868.48,51366.74,46224.57,5.97
2018-11-14,6.0,6.08,5.88,64127.0,-0.08,-1.34,5.812,5.778,5.588,57952.71,50944.9,47755.64,5.89
2018-11-15,5.91,6.02,5.81,57021.35,0.12,2.04,5.878,5.813,5.636,61289.16,51862.56,49119.25,6.01
2018-11-16,6.0,6.11,5.98,70651.37,0.03,0.5,5.952,5.838,5.68,67937.61,54162.52,51243.42,6.04
2018-11-19,6.1,6.25,6.07,108604.69,0.14,2.32,6.018,5.882,5.721,77460.25,60851.91,54002.03,6.18
2018-11-20,6.1,6.14,5.91,72144.46,-0.23,-3.72,6.014,5.899,5.751,74509.77,64189.13,55655.22,5.95
2018-11-21,5.82,5.98,5.79,91026.45,0.03,0.5,6.032,5.922,5.773,79889.66,68921.19,56779.71,5.98
2018-11-22,5.97,6.02,5.86,64662.28,-0.05,-0.84,6.016,5.947,5.796,81417.85,71353.51,57635.11,5.93
2018-11-23,5.92,5.95,5.44,88742.75,-0.46,-7.76,5.902,5.927,5.794,85036.13,76486.87,59704.67,5.47
2018-11-26,5.47,5.6,5.43,49600.37,0.12,2.19,5.784,5.901,5.805,73235.26,75347.76,60662.46,5.59
2018-11-27,5.56,5.66,5.48,43672.0,-0.07,-1.25,5.698,5.856,5.808,67540.77,71025.27,61196.01,5.52
2018-11-28,5.55,5.68,5.43,52803.37,0.12,2.17,5.63,5.831,5.805,59896.15,69892.91,60418.91,5.64
2018-11-29,5.65,5.75,5.45,61427.11,-0.17,-3.01,5.538,5.777,5.795,59249.12,70333.49,61098.02,5.47
2018-11-30,5.49,5.63,5.43,43348.65,0.13,2.38,5.564,5.733,5.786,50170.3,67603.21,60882.87,5.6
2018-12-03,5.73,5.85,5.67,74683.29,0.2,3.57,5.606,5.695,5.789,55186.88,64211.07,62531.49,5.8
2018-12-04,5.79,5.94,5.76,66478.46,0.1,1.72,5.682,5.69,5.795,59748.18,63644.47,63916.8,5.9
2018-12-05,5.77,6.49,5.77,283807.03,0.31,5.25,5.796,5.713,5.818,105948.91,82922.53,75921.86,6.21
2018-12-06,6.06,6.13,5.93,165364.3,-0.24,-3.87,5.896,5.717,5.832,126736.35,92992.73,82173.12,5.97
2018-12-07,6.02,6.03,5.84,97969.33,-0.06,-1.0,5.958,5.761,5.844,137660.48,93915.39,85201.13,5.91
2018-12-10,5.83,5.91,5.75,59092.0,-0.05,-0.85,5.97,5.788,5.845,134542.22,94864.55,85106.16,5.86
2018-12-11,5.88,5.9,5.82,55793.0,0.03,0.51,5.968,5.825,5.841,132405.13,96076.65,83550.96,5.89
2018-12-12,5.9,5.91,5.82,45003.52,-0.04,-0.68,5.896,5.846,5.839,84644.43,95296.67,82594.79,5.85
2018-12-13,5.88,5.96,5.8,62406.25,0.04,0.68,5.88,5.888,5.833,64052.82,95394.58,82864.03,5.89
2018-12-14,5.88,5.88,5.6,64872.02,-0.27,-4.58,5.822,5.89,5.812,57433.36,97546.92,82575.07,5.62
2018-12-17,5.63,5.68,5.56,31647.42,0.05,0.89,5.784,5.877,5.786,51944.44,93243.33,78727.2,5.67
2018-12-18,5.62,5.71,5.54,34185.02,-0.05,-0.88,5.73,5.849,5.77,47622.85,90013.99,76829.23,5.62
2018-12-19,5.63,5.63,5.53,28468.02,-0.04,-0.71,5.676,5.786,5.75,44315.75,64480.09,73701.31,5.58
2018-12-20,5.56,5.65,5.53,26462.11,0.02,0.36,5.618,5.749,5.733,37126.92,50589.87,71791.3,5.6
2018-12-21,5.56,5.62,5.54,22566.34,-0.02,-0.36,5.61,5.716,5.739,28665.78,43049.57,68482.48,5.58
2018-12-24,5.51,5.64,5.5,24080.36,0.05,0.9,5.602,5.693,5.741,27152.37,39548.41,67206.48,5.63
2018-12-25,5.58,5.58,5.32,40121.0,-0.11,-1.95,5.582,5.656,5.741,28339.57,37981.21,67028.93,5.52
2018-12-26,5.52,5.57,5.46,18644.02,-0.06,-1.09,5.558,5.617,5.732,26374.77,35345.26,65320.96,5.46
2018-12-27,5.56,5.61,5.34,42125.0,-0.1,-1.83,5.51,5.564,5.726,29507.34,33317.13,64355.86,5.36
2018-12-28,5.36,5.43,5.26,39204.42,-0.05,-0.93,5.456,5.533,5.712,32834.96,30750.37,64148.65,5.31
2019-01-02,5.34,5.34,5.25,32491.37,-0.03,-0.56,5.386,5.494,5.686,34517.16,30834.77,62039.05,5.28
2019-01-03,5.29,5.4,5.26,41658.37,0.08,1.51,5.354,5.468,5.659,34824.64,31582.1,60798.05,5.36
2019-01-04,5.27,5.66,5.25,92727.06,0.28,5.22,5.39,5.474,5.63,49641.24,38008.01,51244.05,5.64
2019-01-07,5.61,6.04,5.58,157959.08,0.27,4.79,5.5,5.505,5.627,72808.06,51157.7,50873.79,5.91
2019-01-08,5.88,6.02,5.78,107952.21,-0.05,-0.85,5.61,5.533,5.625,86557.62,59696.29,51372.93,5.86
2019-01-09,6.0,6.13,5.8,148233.08,0.06,1.02,5.738,5.562,5.628,109705.96,72111.56,55829.98,5.92
2019-01-10,5.88,5.97,5.82,78232.92,-0.07,-1.18,5.836,5.595,5.626,117020.87,75922.75,56951.98,5.85
2019-01-11,5.89,6.1,5.83,104923.89,0.19,3.25,5.916,5.653,5.635,119460.24,84550.74,59948.0,6.04
2019-01-14,6.04,6.14,5.94,85733.24,-0.08,-1.32,5.926,5.713,5.639,105015.07,88911.56,61114.35,5.96
2019-01-15,5.96,6.01,5.93,76963.17,-0.01,-0.17,5.944,5.777,5.655,98817.26,92687.44,61718.91,5.95
2019-01-16,5.97,6.03,5.86,65293.0,-0.06,-1.01,5.938,5.838,5.666,82229.24,95967.6,63401.18,5.89
2019-01-17,5.91,6.07,5.82,97523.8,0.0,0.0,5.946,5.891,5.68,86087.42,101554.15,66568.12,5.89
2019-01-18,5.93,6.23,5.89,167294.88,0.16,2.72,5.948,5.932,5.703,98561.62,109010.93,73509.47,6.05
2019-01-21,6.01,6.39,6.01,200471.81,0.25,4.13,6.016,5.971,5.738,121509.33,113262.2,82209.95,6.3
2019-01-22,6.18,6.31,6.06,143627.08,-0.12,-1.91,6.062,6.003,5.768,134842.11,116829.69,88262.99,6.18
2019-01-23,6.12,6.27,6.01,97462.94,-0.02,-0.32,6.116,6.027,5.795,141276.1,111752.67,91932.12,6.16
2019-01-24,6.14,6.14,6.02,79201.79,-0.11,-1.79,6.148,6.047,5.821,137611.7,111849.56,93886.16,6.05
2019-01-25,6.02,6.09,5.89,66290.0,-0.15,-2.48,6.118,6.033,5.843,117410.72,107986.17,96268.46,5.9
2019-01-28,5.97,6.06,5.93,68447.29,0.04,0.68,6.046,6.031,5.872,91005.82,106257.58,97584.57,5.94
2019-01-29,5.92,5.93,5.48,87575.12,-0.23,-3.87,5.952,6.007,5.892,79795.43,107318.77,100003.11,5.71
2019-01-30,5.73,5.83,5.62,50549.93,-0.06,-1.05,5.85,5.983,5.911,70412.83,105844.46,100906.03,5.65
2019-01-31,5.68,5.81,5.64,64606.22,0.11,1.95,5.792,5.97,5.931,67493.71,102552.71,102053.43,5.76
2019-02-01,5.77,5.96,5.7,74187.01,0.19,3.3,5.802,5.96,5.946,69073.11,93241.92,101126.42,5.95
2019-02-11,5.93,6.09,5.92,74406.85,0.14,2.35,5.832,5.939,5.955,70265.03,80635.42,96948.81,6.09
2019-02-12,6.09,6.14,6.05,74116.43,0.04,0.66,5.916,5.934,5.969,67573.29,73684.36,95257.02,6.13
2019-02-13,6.1,6.4,6.07,136772.3,0.12,1.96,6.036,5.943,5.985,84817.76,77615.29,94683.98,6.25
2019-02-14,6.25,6.28,6.17,77151.03,-0.02,-0.32,6.13,5.961,6.004,87326.72,77410.22,94629.89,6.23
2019-02-15,6.23,6.35,6.15,106618.72,-0.01,-0.16,6.184,5.993,6.013,93813.07,81443.09,94714.63,6.22
2019-02-18,6.3,6.5,6.26,122052.52,0.27,4.34,6.264,6.048,6.04,103342.2,86803.61,96530.59,6.49
2019-02-19,6.45,6.58,6.4,131611.77,0.08,1.23,6.352,6.134,6.071,114841.27,91207.28,99263.02,6.57
2019-02-20,6.65,7.23,6.61,240893.84,0.66,10.05,6.548,6.292,6.138,135665.58,110241.67,108043.07,7.23
2019-02-21,7.95,7.95,7.3,498048.31,0.07,0.97,6.762,6.446,6.208,219845.03,153585.88,128069.29,7.3
2019-02-22,6.99,7.37,6.91,325937.0,-0.12,-1.64,6.954,6.569,6.265,263708.69,178760.88,136001.4,7.18
2019-02-25,7.2,7.59,7.11,335372.56,0.28,3.9,7.148,6.706,6.323,306372.7,204857.45,142746.44,7.46
2019-02-26,7.51,7.8,7.3,325981.41,0.08,1.07,7.342,6.847,6.391,345246.62,230043.95,151864.15,7.54
2019-02-27,7.58,7.64,7.1,235009.12,-0.26,-3.45,7.352,6.95,6.447,344069.68,239867.63,158741.46,7.28
2019-02-28,7.31,7.38,7.16,116233.02,0.03,0.41,7.354,7.058,6.51,267706.62,243775.83,160593.02,7.31
2019-03-01,7.32,7.38,7.18,131336.47,0.06,0.82,7.392,7.173,6.583,228786.52,246247.6,163845.35,7.37
2019-03-04,7.45,8.11,7.38,453006.38,0.74,10.04,7.522,7.335,6.692,252313.28,279342.99,183073.3,8.11
2019-03-05,8.11,8.3,7.93,374557.84,-0.01,-0.12,7.634,7.488,6.811,262028.57,303637.6,197422.44,8.1
2019-03-06,8.0,8.2,7.9,297099.81,0.06,0.74,7.81,7.581,6.937,274446.7,309258.19,209749.93,8.16
2019-03-07,8.06,8.56,8.0,333635.72,0.3,3.68,8.04,7.697,7.072,317927.24,292816.93,223201.41,8.46
2019-03-08,8.18,8.33,7.77,278554.75,-0.67,-7.92,8.124,7.758,7.164,347370.9,288078.71,233419.79,7.79
2019-03-11,7.82,8.08,7.82,161000.12,0.29,3.72,8.118,7.82,7.263,288969.65,270641.46,237749.46,8.08
2019-03-12,8.15,8.25,7.96,215585.56,0.06,0.74,8.126,7.88,7.364,257175.19,259601.88,244822.91,8.14
2019-03-13,8.2,8.95,8.03,639547.06,0.56,6.88,8.234,8.022,7.486,325664.64,300055.67,269961.65,8.7
2019-03-14,8.73,9.48,8.6,655618.38,0.32,3.68,8.346,8.193,7.626,390061.17,353994.21,298885.02,9.02
2019-03-15,8.77,9.0,8.58,339529.91,-0.17,-1.89,8.558,8.341,7.757,402256.21,374813.55,310530.58,8.85
2019-03-18,8.88,9.38,8.8,331781.03,0.08,0.9,8.728,8.423,7.879,436412.39,362691.02,321017.0,8.93
2019-03-19,8.95,9.38,8.67,361368.75,0.25,2.8,8.936,8.531,8.01,465569.03,361372.11,332504.85,9.18
2019-03-20,9.12,9.98,8.91,490991.16,0.8,8.71,9.192,8.713,8.147,435857.85,380761.24,345009.72,9.98
2019-03-21,9.7,10.98,9.63,669949.06,0.11,1.1,9.406,8.876,8.287,438723.98,414392.58,353604.76,10.09
2019-03-22,10.06,10.5,9.79,432191.84,0.06,0.59,9.666,9.112,8.435,457256.37,429756.29,358917.5,10.15
2019-03-25,9.82,10.0,9.5,376266.59,-0.62,-6.11,9.786,9.257,8.539,466153.48,451282.93,360962.2,9.53
2019-03-26,9.89,10.19,9.5,458588.62,0.42,4.41,9.94,9.438,8.659,485597.45,475583.24,367592.56,9.95
2019-03-27,9.88,9.97,9.51,256503.05,-0.23,-2.31,9.888,9.54,8.781,438699.83,437278.84,368667.26,9.72
2019-03-28,9.72,9.72,8.8,330378.25,-0.84,-8.64,9.646,9.526,8.86,370785.67,404754.83,379374.52,8.88
2019-03-29,8.88,9.16,8.54,243924.19,0.16,1.8,9.424,9.545,8.943,333132.14,395194.25,385003.9,9.04
2019-04-01,9.06,9.59,9.04,242851.0,0.35,3.87,9.396,9.591,9.007,306449.02,386301.25,374496.13,9.39
2019-04-02,9.45,9.65,9.31,236198.2,0.15,1.6,9.314,9.627,9.079,261970.94,373784.2,367578.15,9.54
2019-04-03,9.39,9.49,9.29,156438.88,-0.1,-1.05,9.258,9.573,9.143,241958.1,340328.97,360545.11,9.44
2019-04-04,9.52,9.98,9.41,315261.16,0.46,4.87,9.462,9.554,9.215,238934.69,304860.18,359626.38,9.9
2019-04-08,10.89,10.89,10.39,709117.94,0.99,10.0,9.832,9.628,9.37,331973.44,332552.79,381154.54,10.89
2019-04-09,11.27,11.98,11.07,690679.44,1.09,10.01,10.35,9.873,9.565,421539.12,363994.07,407638.5,11.98
2019-04-10,11.6,11.94,10.9,708306.25,-1.01,-8.43,10.636,9.975,9.707,515960.73,388965.84,432274.54,10.97
2019-04-11,10.6,10.86,10.12,408260.47,-0.77,-7.02,10.788,10.023,9.782,566325.05,404141.58,420710.21,10.2
2019-04-12,10.35,10.69,10.17,284430.03,0.2,1.96,10.888,10.175,9.851,560158.83,399546.76,402150.79,10.4
2019-04-15,10.48,10.69,10.0,270026.97,-0.4,-3.85,10.71,10.271,9.908,472340.63,402157.03,398675.64,10.0
2019-04-16,9.92,10.45,9.91,231904.2,0.36,3.6,10.386,10.368,9.98,380585.58,401062.35,393681.8,10.36
2019-04-17,10.42,10.8,10.33,248992.91,0.1,0.96,10.284,10.46,10.044,288722.92,402341.83,388063.01,10.46
2019-04-18,10.55,10.98,10.12,328201.53,0.22,2.1,10.38,10.584,10.079,272711.13,419518.09,379923.53,10.68
2019-04-19,10.5,10.74,10.44,179691.45,-0.08,-0.75,10.42,10.654,10.104,251763.41,405961.12,355410.65,10.6
2019-04-22,10.4,10.58,10.18,170250.59,-0.35,-3.3,10.47,10.59,10.109,231808.14,352074.38,342313.59,10.25
2019-04-23,10.21,10.57,9.86,231327.78,0.1,0.98,10.468,10.427,10.15,231692.85,306139.22,335066.65,10.35
2019-04-24,10.15,10.26,9.94,144729.0,-0.26,-2.51,10.394,10.339,10.157,210840.07,249781.49,319373.66,10.09
2019-04-25,9.96,10.09,9.08,269790.38,-1.0,-9.91,10.076,10.228,10.126,199157.84,235934.48,320038.03,9.09
2019-04-26,9.08,9.24,8.89,126839.3,-0.03,-0.33,9.768,10.094,10.135,188587.41,220175.41,309861.08,9.06
2019-04-29,9.1,9.19,8.45,142373.84,-0.45,-4.97,9.44,9.955,10.113,183012.06,207410.1,304783.57,8.61
2019-04-30,8.8,8.95,8.69,125022.42,0.17,1.97,9.126,9.797,10.083,161750.99,196721.92,298892.14,8.78
2019-05-06,8.45,8.49,7.9,141923.94,-0.88,-10.02,8.688,9.541,10.001,161189.98,186015.02,294178.42,7.9
2019-05-07,7.95,8.21,7.82,113220.89,0.1,1.27,8.47,9.273,9.929,129876.08,164516.96,292017.52,8.0
2019-05-08,7.69,8.14,7.68,94559.41,0.0,0.0,8.258,9.013,9.834,123420.1,156003.76,280982.44,8.0
2019-05-09,7.99,8.1,7.82,87222.03,-0.1,-1.25,8.116,8.778,9.684,112389.74,147700.9,249887.64,7.9
2019-05-10,8.0,8.58,7.63,164532.8,0.33,4.18,8.006,8.566,9.497,120291.81,141021.4,223580.31,8.23
2019-05-13,8.15,8.62,8.12,178232.08,0.26,3.16,8.124,8.406,9.373,127553.44,144371.71,197076.6,8.49
2019-05-14,8.35,8.62,8.25,116804.45,-0.2,-2.36,8.182,8.326,9.277,128270.15,129073.12,182503.8,8.29
2019-05-15,8.4,8.53,8.35,112074.03,0.12,1.45,8.264,8.261,9.178,131773.08,127596.59,173886.0,8.41
2019-05-16,8.44,8.8,8.42,185366.41,0.36,4.28,8.438,8.277,9.116,151401.95,131895.85,169652.97,8.77
2019-05-17,8.69,8.7,8.15,154403.05,-0.51,-5.82,8.444,8.225,9.011,149376.0,134833.91,165777.91,8.26
2019-05-20,8.16,8.49,7.95,111680.82,0.2,2.42,8.438,8.281,8.911,136065.75,131809.6,158912.31,8.46
2019-05-21,8.48,9.3,8.38,263333.31,0.62,7.33,8.596,8.389,8.831,165371.52,146820.84,155668.9,9.08
2019-05-22,9.03,9.03,8.76,177190.42,-0.22,-2.42,8.686,8.475,8.744,178394.8,155083.94,155543.85,8.86
2019-05-23,8.79,8.91,8.55,131233.78,-0.17,-1.92,8.67,8.554,8.666,167568.28,159485.12,153593.01,8.69
2019-05-24,8.58,8.73,8.27,102388.0,-0.34,-3.91,8.688,8.566,8.566,157165.27,153270.64,147146.02,8.35
2019-05-27,8.32,8.71,8.32,109142.8,0.35,4.19,8.736,8.587,8.497,156657.66,146361.71,145366.71,8.7
2019-05-28,8.78,9.0,8.55,156830.08,-0.03,-0.34,8.654,8.625,8.476,135357.02,150364.27,139718.69,8.67
2019-05-29,8.63,9.04,8.63,163264.41,0.11,1.27,8.638,8.662,8.462,132571.81,155483.31,141539.95,8.78
2019-05-30,8.68,9.03,8.61,200209.64,0.25,2.85,8.706,8.688,8.483,146366.99,156967.63,144431.74,9.03
2019-05-31,8.89,9.08,8.76,151969.59,-0.15,-1.66,8.812,8.75,8.488,156283.3,156724.29,145779.1,8.88
2019-06-03,8.89,8.92,8.51,114088.28,-0.35,-3.94,8.778,8.757,8.519,157272.4,156965.03,144387.31,8.53
2019-06-04,8.53,8.66,8.22,99415.24,-0.2,-2.35,8.71,8.682,8.536,145789.43,140573.22,143697.03,8.33
2019-06-05,8.49,8.53,8.3,65026.1,0.02,0.24,8.624,8.631,8.553,126141.77,129356.79,142220.37,8.35
2019-06-06,8.37,8.57,8.2,84991.0,-0.03,-0.36,8.482,8.594,8.574,103098.04,124732.51,142108.81,8.32
2019-06-10,8.33,8.61,8.25,88714.96,0.27,3.25,8.424,8.618,8.592,90447.12,123365.21,138317.92,8.59
2019-06-11,8.56,9.12,8.52,173194.69,0.49,5.7,8.534,8.656,8.622,102268.4,129770.4,138066.05,9.08
2019-06-12,8.95,9.64,8.95,254941.36,0.03,0.33,8.69,8.7,8.663,133373.62,139581.53,144972.9,9.11
2019-06-13,9.18,9.66,9.0,286636.28,0.44,4.83,8.93,8.777,8.72,177695.66,151918.71,153701.01,9.55
2019-06-14,9.48,9.67,9.2,204383.05,-0.23,-2.41,9.13,8.806,8.747,201574.07,152336.06,154651.84,9.32
2019-06-17,9.33,9.52,9.19,142958.92,0.02,0.21,9.28,8.852,8.801,212422.86,151434.99,154079.64,9.34
2019-06-18,9.37,9.38,9.04,136434.95,-0.12,-1.28,9.308,8.921,8.839,205070.91,153669.66,155317.34,9.22
2019-06-19,9.39,9.48,9.21,133342.95,0.02,0.22,9.334,9.012,8.847,180751.23,157062.43,148817.83,9.24
2019-06-20,9.15,9.19,8.83,135066.72,-0.02,-0.22,9.248,9.089,8.86,150437.32,164066.49,146711.64,9.12
2019-06-21,9.22,9.33,9.1,128409.6,0.09,0.99,9.226,9.178,8.886,135242.63,168408.35,146570.43,9.21
2019-06-24,9.19,9.21,9.01,92040.16,-0.09,-0.98,9.182,9.231,8.925,125058.88,168740.87,146053.04,9.12
2019-06-25,9.17,9.36,9.17,175900.05,0.14,1.53,9.19,9.249,8.953,132951.9,169011.4,149390.9,9.26
2019-06-26,9.19,9.97,9.05,342042.44,0.52,5.62,9.298,9.316,9.008,174691.79,177721.51,158651.52,9.78
2019-06-27,9.95,10.17,9.61,238478.8,0.08,0.82,9.446,9.347,9.062,195374.21,172905.76,162412.24,9.86
2019-06-28,9.85,10.07,9.53,166878.16,-0.24,-2.43,9.528,9.377,9.092,203067.92,169155.28,160745.67,9.62
2019-07-01,10.05,10.28,9.92,245853.41,0.4,4.16,9.708,9.445,9.149,233830.57,179444.72,165439.86,10.02
2019-07-02,10.35,10.78,10.12,278924.41,0.14,1.4,9.888,9.539,9.23,254435.44,193693.67,173681.66,10.16
2019-07-03,9.98,10.27,9.92,143536.0,-0.19,-1.87,9.926,9.612,9.312,214734.16,194712.98,175887.7,9.97
2019-07-04,10.12,10.23,9.71,158436.66,0.08,0.8,9.964,9.705,9.397,198725.73,197049.97,180558.23,10.05
2019-07-05,10.2,10.5,10.08,208654.14,0.3,2.98,10.11,9.819,9.499,207080.92,205074.42,186741.39,10.35
2019-07-08,10.47,10.83,9.65,376121.38,-0.7,-6.76,10.036,9.872,9.552,233134.52,233482.55,201111.71,9.65
2019-07-09,9.74,10.62,9.61,355344.09,0.89,9.22,10.112,10.0,9.625,248418.45,251426.95,210219.18,10.54
2019-07-10,10.27,10.44,9.49,401665.62,-1.05,-9.96,10.016,9.971,9.644,300044.38,257389.27,217555.39,9.49
2019-07-11,9.21,9.48,8.78,288459.03,-0.61,-6.43,9.782,9.873,9.61,326048.85,262387.29,217646.53,8.88
2019-07-12,8.95,8.95,8.6,159802.61,-0.22,-2.48,9.444,9.777,9.577,316278.55,261679.74,215417.51,8.66
2019-07-15,8.66,8.93,8.58,107615.12,0.19,2.19,9.284,9.66,9.553,262577.29,247855.91,213650.32,8.85
2019-07-16,8.86,8.94,8.8,77623.1,0.05,0.56,8.956,9.534,9.537,207033.1,227725.78,210709.72,8.9
2019-07-17,8.96,9.11,8.9,96991.62,0.12,1.35,8.862,9.439,9.526,146098.3,223071.34,208892.16,9.02
2019-07-18,8.92,9.17,8.9,113283.93,0.06,0.67,8.902,9.342,9.524,111063.28,218556.06,207803.02,9.08
2019-07-19,9.2,9.99,9.1,310052.44,0.82,9.03,9.15,9.297,9.558,141113.24,228695.89,216885.16,9.9
2019-07-22,9.83,9.9,8.91,307945.44,-0.78,-7.88,9.204,9.244,9.558,181179.31,221878.3,227680.42,9.12
2019-07-23,8.86,9.18,8.86,163134.08,-0.09,-0.99,9.23,9.093,9.547,198281.5,202657.3,227042.12,9.03
2019-07-24,9.11,9.81,9.01,198832.88,0.36,3.99,9.304,9.083,9.527,218649.75,182374.03,219881.65,9.39
2019-07-25,9.42,9.54,9.2,166849.02,-0.08,-0.85,9.35,9.126,9.5,229362.77,170213.02,216300.16,9.31
2019-07-26,9.36,9.4,9.07,116699.97,-0.14,-1.5,9.204,9.177,9.477,190692.28,165902.76,213791.25,9.17
2019-07-29,9.27,9.27,9.04,100020.06,-0.07,-0.76,9.2,9.202,9.431,149107.2,165143.25,206499.58,9.1
2019-07-30,9.09,9.41,9.05,141699.91,0.16,1.76,9.246,9.238,9.386,144820.37,171550.94,199638.36,9.26
2019-07-31,9.19,9.25,8.99,131015.08,-0.23,-2.48,9.174,9.239,9.339,131256.81,174953.28,199012.31,9.03
2019-08-01,8.9,9.21,8.82,99957.95,0.05,0.55,9.128,9.239,9.291,117878.59,173620.68,196088.37,9.08
2019-08-02,8.86,9.03,8.62,108734.9,-0.15,-1.65,9.08,9.142,9.22,116285.58,153488.93,191092.41,8.93
2019-08-05,8.93,8.96,8.71,78101.84,-0.16,-1.79,9.014,9.107,9.176,111901.94,130504.57,176191.43,8.77
2019-08-06,8.48,8.49,8.0,134679.0,-0.45,-5.13,8.826,9.036,9.065,110497.75,127659.06,165158.18,8.32
2019-08-07,8.32,8.5,8.1,92283.84,-0.19,-2.28,8.646,8.91,8.997,102751.51,117004.16,149689.09,8.13
2019-08-08,8.13,8.33,8.13,66391.0,0.07,0.86,8.47,8.799,8.963,96038.12,106958.36,138585.69,8.2
2019-08-09,8.4,8.4,7.97,77471.02,-0.23,-2.81,8.278,8.679,8.928,89785.34,103035.46,134469.11,7.97
2019-08-12,8.06,8.09,7.88,67596.44,0.11,1.38,8.14,8.577,8.89,87684.26,99793.1,132468.18,8.08
2019-08-13,7.99,8.01,7.85,67693.72,-0.19,-2.35,8.054,8.44,8.839,74287.2,92392.48,131971.71,7.89
2019-08-14,8.02,8.05,7.87,62931.44,-0.02,-0.25,8.002,8.324,8.782,68416.72,85584.12,130268.7,7.87
2019-08-15,7.57,7.84,7.38,78862.44,-0.04,-0.51,7.928,8.199,8.719,70911.01,83474.56,128547.62,7.83
2019-08-16,7.83,7.92,7.74,67733.46,0.03,0.38,7.906,8.092,8.617,68963.5,79374.42,116431.67,7.86
2019-08-19,7.95,8.12,7.86,87634.44,0.22,2.8,7.906,8.023,8.565,72971.1,80327.68,105416.12,8.08
2019-08-20,8.12,8.44,8.11,129091.0,0.16,1.98,7.976,8.015,8.526,85250.56,79768.88,103713.97,8.24
2019-08-21,8.21,8.28,8.13,55747.0,-0.07,-0.85,8.036,8.019,8.465,83813.67,76115.2,96559.68,8.17
2019-08-22,8.19,8.31,8.13,78682.0,0.12,1.47,8.128,8.028,8.414,83777.58,77344.3,92151.33,8.29
2019-08-23,8.3,8.3,8.12,53451.0,-0.04,-0.48,8.206,8.056,8.368,80921.09,74942.29,88988.88,8.25
2019-08-26,8.7,9.0,8.37,233609.95,0.35,4.24,8.31,8.108,8.343,110116.19,91543.65,95668.37,8.6
2019-08-27,8.45,8.58,8.36,179695.0,-0.06,-0.7,8.37,8.173,8.307,120236.99,102743.77,97568.13,8.54
2019-08-28,8.46,8.46,8.29,121859.66,-0.24,-2.81,8.396,8.216,8.27,133459.52,108636.6,97110.36,8.3
2019-08-29,8.28,8.38,8.24,66770.2,-0.04,-0.48,8.39,8.259,8.229,131077.16,107427.37,95450.97,8.26
2019-08-30,8.3,8.34,8.03,77439.96,-0.16,-1.94,8.36,8.283,8.188,135874.95,108398.02,93886.22,8.1
2019-09-02,8.16,8.4,8.14,95283.55,0.25,3.09,8.31,8.31,8.167,108209.67,109162.93,94745.31,8.35
2019-09-03,8.44,8.47,8.35,94459.62,0.08,0.96,8.288,8.329,8.172,91162.6,105699.79,92734.34,8.43
2019-09-04,8.45,8.7,8.36,180000.84,0.21,2.49,8.356,8.376,8.198,102790.83,118125.18,97120.19,8.64
2019-09-05,8.64,8.78,8.58,165238.06,-0.01,-0.12,8.43,8.41,8.219,122484.41,126780.78,102062.54,8.63
2019-09-06,8.63,8.71,8.49,91399.53,-0.03,-0.35,8.53,8.445,8.251,125276.32,130575.64,102758.97,8.6
2019-09-09,8.67,8.9,8.61,142852.47,0.24,2.79,8.628,8.469,8.289,134790.1,121499.89,106521.77,8.84
2019-09-10,8.84,8.99,8.75,121751.41,-0.03,-0.34,8.704,8.496,8.335,140248.46,115705.53,109224.65,8.81
2019-09-11,8.88,8.9,8.72,95909.87,-0.08,-0.91,8.722,8.539,8.378,123430.27,113110.55,110873.57,8.73
2019-09-12,8.76,8.78,8.68,71212.48,0.02,0.23,8.746,8.588,8.424,104625.15,113554.78,110491.08,8.75
2019-09-16,8.75,8.82,8.69,76301.63,0.03,0.34,8.782,8.656,8.47,101605.57,113440.95,110919.48,8.78
2019-09-17,8.8,8.8,8.38,95236.38,-0.33,-3.76,8.704,8.666,8.488,92082.35,113436.23,111299.58,8.45
2019-09-18,8.45,8.53,8.33,57161.0,-0.11,-1.3,8.61,8.657,8.493,79164.27,109706.37,107703.08,8.34
2019-09-19,8.38,8.39,8.28,56838.5,0.05,0.6,8.542,8.632,8.504,71350.0,97390.13,107757.66,8.39
2019-09-20,8.38,8.75,8.3,153147.73,0.29,3.46,8.528,8.637,8.524,87737.05,96181.1,111480.94,8.68
2019-09-23,8.7,8.77,8.42,110544.15,-0.21,-2.42,8.466,8.624,8.535,94585.55,98095.56,114335.6,8.47
2019-09-24,8.47,8.63,8.43,81135.58,0.12,1.42,8.494,8.599,8.534,91765.39,91923.87,106711.88,8.59
2019-09-25,8.53,8.53,8.3,69086.55,-0.26,-3.03,8.492,8.551,8.524,94150.5,86657.39,101181.46,8.33
2019-09-26,8.3,8.47,7.98,77500.18,-0.34,-4.08,8.412,8.477,8.508,98282.84,84816.42,98963.48,7.99
2019-09-27,8.0,8.22,7.97,40765.89,0.08,1.0,8.29,8.409,8.499,75806.47,81771.76,97663.27,8.07
2019-09-30,8.07,8.23,8.05,37279.0,0.0,0.0,8.21,8.338,8.497,61153.44,77869.5,95655.22,8.07
2019-10-08,8.08,8.12,7.87,44382.02,-0.18,-2.23,8.07,8.282,8.474,53802.73,72784.06,93110.14,7.89
2019-10-09,7.82,7.95,7.78,33098.99,0.06,0.76,7.994,8.243,8.45,46605.22,70377.86,90042.11,7.95
2019-10-10,7.92,8.02,7.89,39919.92,0.03,0.38,7.992,8.202,8.417,39089.16,68686.0,83038.07,7.98
2019-10-11,8.01,8.01,7.84,41617.55,-0.01,-0.12,7.972,8.131,8.384,39259.5,57532.98,76857.04,7.97
2019-10-14,8.07,8.12,8.0,54256.94,0.15,1.88,7.982,8.096,8.36,42655.08,51904.26,74999.91,8.12
2019-10-15,8.13,8.13,7.92,34723.0,-0.15,-1.85,7.998,8.034,8.317,40723.28,47263.0,69593.44,7.97
2019-10-16,7.99,8.08,7.96,39162.47,0.03,0.38,8.008,8.001,8.276,41935.98,44270.6,65463.99,8.0
2019-10-17,8.02,8.02,7.85,42508.18,0.0,0.0,8.012,8.002,8.24,42453.63,40771.4,62793.91,8.0
2019-10-18,7.98,8.02,7.88,39377.96,-0.11,-1.38,7.996,7.984,8.197,42005.71,40632.6,61202.18,7.89
2019-10-21,7.88,7.88,7.61,39739.11,-0.14,-1.77,7.922,7.952,8.145,39102.14,40878.61,59374.06,7.75
2019-10-22,7.77,7.8,7.7,22859.04,0.02,0.26,7.882,7.94,8.111,36729.35,38726.32,55755.19,7.77
2019-10-23,7.8,7.84,7.74,23020.19,-0.01,-0.13,7.834,7.921,8.082,33500.9,37718.44,54048.15,7.76
2019-10-24,7.75,7.76,7.58,37220.97,-0.1,-1.29,7.766,7.889,8.046,32443.45,37448.54,53067.27,7.66
2019-10-25,7.69,7.75,7.59,32703.0,0.07,0.91,7.734,7.865,7.998,31108.46,36557.09,47045.03,7.73
2019-10-28,7.76,7.93,7.74,41601.36,0.19,2.46,7.768,7.845,7.971,31480.91,35291.53,43597.9,7.92
2019-10-29,7.98,7.99,7.8,44412.95,-0.09,-1.14,7.78,7.831,7.933,35791.69,36260.52,41761.76,7.83
2019-10-30,7.81,7.88,7.6,46317.29,-0.23,-2.94,7.748,7.791,7.896,40451.11,36976.01,40623.3,7.6
2019-10-31,7.7,7.7,7.43,43864.93,-0.1,-1.32,7.716,7.741,7.872,41779.91,37111.68,38941.54,7.5
2019-11-01,7.51,7.57,7.37,37693.15,0.02,0.27,7.674,7.704,7.844,42777.94,36943.2,38787.9,7.52
2019-11-04,7.54,7.67,7.54,40904.19,0.09,1.2,7.612,7.69,7.821,42638.5,37059.71,38969.16,7.61
2019-11-05,7.62,7.66,7.53,33923.26,0.0,0.0,7.568,7.674,7.807,40540.56,38166.13,38446.22,7.61
2019-11-06,7.61,7.66,7.45,34837.0,-0.04,-0.53,7.562,7.655,7.788,38244.51,39347.81,38533.12,7.57
2019-11-07,7.51,7.57,7.43,28207.77,-0.07,-0.93,7.562,7.639,7.764,35113.07,38446.49,37947.52,7.5
2019-11-08,7.54,7.58,7.42,28509.0,-0.06,-0.8,7.546,7.61,7.738,33276.24,38027.09,37292.09,7.44
2019-11-11,7.49,7.49,7.11,50548.28,-0.32,-4.3,7.448,7.53,7.688,35205.06,38921.78,37106.66,7.12
2019-11-12,7.16,7.18,6.98,31915.49,-0.02,-0.28,7.346,7.457,7.644,34803.51,37672.04,36966.28,7.1
2019-11-13,7.08,7.09,6.96,37259.79,-0.11,-1.55,7.23,7.396,7.594,35288.07,36766.29,36871.15,6.99
2019-11-14,6.98,7.06,6.97,27874.84,0.05,0.71,7.138,7.35,7.546,35221.48,35167.28,36139.48,7.04
2019-11-15,7.04,7.06,6.94,21554.82,-0.09,-1.28,7.04,7.293,7.499,33830.64,33553.44,35248.32,6.95
2019-11-18,6.91,7.02,6.82,32591.75,0.0,0.0,7.006,7.227,7.459,30239.34,32722.2,34890.95,6.95
2019-11-19,7.05,7.18,6.97,43082.61,0.23,3.31,7.022,7.184,7.429,32472.76,33638.14,35902.13,7.18
2019-11-20,7.18,7.22,7.08,29971.87,-0.08,-1.11,7.044,7.137,7.396,31015.18,33151.62,36249.72,7.1
2019-11-21,7.11,7.21,7.07,26772.51,0.01,0.14,7.058,7.098,7.369,30794.71,33008.1,35727.29,7.11
2019-11-22,7.13,7.19,6.98,28713.57,-0.09,-1.27,7.072,7.056,7.333,32226.46,33028.55,35527.82,7.02
2019-11-25,7.08,7.17,6.98,37120.76,0.07,1.0,7.1,7.053,7.292,33132.26,31685.8,35303.79,7.09
2019-11-26,7.11,7.15,7.05,29792.44,0.0,0.0,7.082,7.052,7.255,30474.23,31473.5,34572.77,7.09
2019-11-27,7.06,7.14,7.02,27050.44,0.03,0.42,7.086,7.065,7.231,29889.94,30452.56,33609.42,7.12
2019-11-28,7.12,7.19,7.04,25877.02,-0.05,-0.7,7.078,7.068,7.209,29710.85,30252.78,32710.03,7.07
2019-11-29,7.09,7.09,6.94,25552.19,-0.05,-0.71,7.078,7.075,7.184,29078.57,30652.52,32102.98,7.02
2019-12-02,6.99,7.05,6.95,25674.62,-0.05,-0.71,7.054,7.077,7.152,26789.34,29960.8,31341.5,6.97
2019-12-03,6.96,7.03,6.95,21463.2,0.06,0.86,7.042,7.062,7.123,25123.49,27798.86,30718.5,7.03
2019-12-04,7.0,7.15,6.98,43068.99,0.11,1.56,7.046,7.066,7.102,28327.2,29108.57,31130.1,7.14
2019-12-05,7.14,7.25,7.1,46398.05,0.08,1.12,7.076,7.077,7.088,32431.41,31071.13,32039.61,7.22
2019-12-06,7.19,7.33,7.18,55676.26,0.11,1.52,7.138,7.108,7.082,38456.22,33767.4,33397.98,7.33
2019-12-09,7.25,7.33,7.22,46214.72,-0.02,-0.27,7.206,7.13,7.092,42564.24,34676.79,33181.3,7.31
2019-12-10,7.31,7.43,7.25,49801.79,0.03,0.41,7.268,7.155,7.104,48231.96,36677.73,34075.61,7.34
2019-12-11,7.34,7.55,7.26,73317.09,0.11,1.5,7.33,7.188,7.127,54281.58,41304.39,35878.48,7.45
2019-12-12,7.36,7.43,7.31,68573.8,-0.06,-0.81,7.364,7.22,7.144,58716.73,45574.07,37913.43,7.39
2019-12-13,7.45,7.48,7.36,54459.88,0.04,0.54,7.384,7.261,7.168,58473.46,48464.84,39558.68,7.43
2019-12-16,7.66,7.86,7.51,122655.97,0.14,1.88,7.436,7.321,7.199,73761.71,58162.98,44061.89,7.57
2019-12-17,7.57,7.68,7.52,103346.98,0.08,1.06,7.498,7.383,7.223,84470.74,66351.35,47075.11,7.65
2019-12-18,7.63,7.77,7.61,106078.24,0.09,1.18,7.556,7.443,7.255,91022.97,72652.28,50880.43,7.74
2019-12-19,7.78,7.85,7.7,72375.15,0.02,0.26,7.63,7.497,7.287,91783.24,75249.99,53160.56,7.76
2019-12-20,7.76,7.82,7.58,75466.03,-0.17,-2.19,7.662,7.523,7.316,95984.47,77228.97,55498.18,7.59
2019-12-23,7.58,7.72,7.4,51402.72,-0.18,-2.37,7.63,7.533,7.332,81733.82,77747.77,56212.28,7.41
2019-12-24,7.43,7.66,7.41,60474.0,0.21,2.83,7.624,7.561,7.358,73159.23,78814.99,57746.36,7.62
2019-12-25,7.64,7.8,7.6,82256.63,0.12,1.57,7.624,7.59,7.389,68394.91,79708.94,60506.67,7.74
2019-12-26,7.71,7.8,7.67,52476.92,0.04,0.52,7.628,7.629,7.425,64415.26,78099.25,61836.66,7.78
2019-12-27,7.78,7.99,7.73,103869.45,-0.04,-0.51,7.658,7.66,7.461,70095.94,83040.21,65752.52,7.74
2019-12-30,7.71,7.8,7.59,63090.34,0.04,0.52,7.732,7.681,7.501,72433.47,77083.65,67623.31,7.78
2019-12-31,7.79,7.8,7.68,48649.02,-0.06,-0.77,7.752,7.688,7.536,70068.47,71613.85,68982.6,7.72
2020-01-02,7.78,7.87,7.75,79815.17,0.12,1.55,7.772,7.698,7.571,69580.18,68987.54,70819.91,7.84
2020-01-03,7.84,7.94,7.8,83481.17,0.08,1.02,7.8,7.714,7.606,75781.03,70098.15,72674.07,7.92
2020-01-06,7.89,8.07,7.85,110713.6,0.12,1.51,7.86,7.759,7.641,77149.86,73622.9,75425.93,8.04
2020-01-07,8.01,8.06,7.93,66720.97,-0.02,-0.25,7.908,7.82,7.677,77875.99,75154.73,76451.25,8.02
2020-01-08,8.04,8.04,7.81,78440.0,-0.21,-2.62,7.926,7.839,7.7,83834.18,76951.33,77883.16,7.81
2020-01-09,7.9,8.02,7.86,73639.63,0.15,1.92,7.95,7.861,7.726,82599.07,76089.63,77899.28,7.96
2020-01-10,7.99,8.01,7.79,53745.0,-0.1,-1.26,7.938,7.869,7.749,76651.84,76216.44,77157.84,7.86
2020-01-13,7.89,7.9,7.7,59323.14,0.03,0.38,7.908,7.884,7.772,66373.75,71761.8,77401.01,7.89
2020-01-14,7.94,8.1,7.89,102426.31,0.09,1.14,7.9,7.904,7.793,73514.82,75695.4,76389.52,7.98
2020-01-15,8.0,8.02,7.78,62816.29,-0.13,-1.63,7.908,7.917,7.803,70390.07,77112.13,74362.99,7.85
2020-01-16,7.88,7.93,7.78,48303.8,-0.07,-0.89,7.872,7.911,7.805,65322.91,73960.99,71474.27,7.78
2020-01-17,7.79,7.84,7.68,43064.02,-0.1,-1.28,7.836,7.887,7.801,63186.71,69919.28,70008.71,7.68
2020-01-20,7.7,8.04,7.7,111715.0,0.3,3.91,7.854,7.881,7.82,73665.08,70019.42,71821.16,7.98
2020-01-21,7.99,7.99,7.78,70996.33,-0.2,-2.51,7.814,7.857,7.839,67379.09,70446.95,72800.84,7.78
2020-01-22,7.75,7.75,7.51,76222.83,-0.07,-0.9,7.786,7.847,7.843,70060.4,70225.24,73588.28,7.71
2020-01-23,7.62,7.67,7.26,77138.22,-0.37,-4.8,7.698,7.785,7.823,75827.28,70575.09,73332.36,7.34
