date,open,high,low,volume,price_change,p_change,ma5,ma10,ma20,v_ma5,v_ma10,v_ma20,close
2017-07-25,21.5,21.79,21.25,73571.52,-0.51,-2.34,21.28,21.28,21.28,73571.52,73571.52,73571.52,21.28
2017-07-26,21.17,21.56,21.16,60375.48,0.05,0.23,21.305,21.305,21.305,66973.5,66973.5,66973.5,21.33
2017-07-27,21.35,23.46,20.57,287960.88,2.13,9.99,22.023,22.023,22.023,140635.96,140635.96,140635.96,23.46
2017-07-28,23.66,25.22,23.56,369596.97,1.01,4.3,22.635,22.635,22.635,197876.21,197876.21,197876.21,24.47
2017-07-31,24.35,26.92,24.11,455340.81,1.23,5.03,23.248,23.248,23.248,249369.13,249369.13,249369.13,25.7
2017-10-12,28.27,28.27,28.27,11931.31,2.57,10.0,24.646,24.085,24.085,237041.09,209796.16,209796.16,28.27
2017-10-13,31.1,31.1,26.01,551434.81,-0.57,-2.02,25.92,24.601,24.601,335252.96,258601.68,258601.68,27.7
2017-10-16,27.71,29.56,27.68,351661.75,0.26,0.94,26.82,25.021,25.021,347993.13,270234.19,270234.19,27.96
2017-10-17,26.8,27.09,25.55,301071.28,-2.17,-7.76,27.084,25.107,25.107,334287.99,273660.53,273660.53,25.79
2017-10-18,26.15,26.7,25.26,228627.08,0.28,1.09,27.158,25.203,25.203,288945.25,269157.19,269157.19,26.07
2017-10-19,26.26,28.1,26.0,285725.44,1.2,4.6,26.958,25.802,25.391,343704.07,290372.58,270663.39,27.27
2017-10-20,26.8,27.57,26.3,212203.28,-0.27,-0.99,26.818,26.369,25.525,275857.77,305555.36,265791.72,27.0
2017-10-23,26.6,26.98,25.42,216585.44,-1.42,-5.26,26.342,26.581,25.529,248842.5,298417.82,262006.62,25.58
2017-10-24,25.24,25.48,24.68,159386.44,-0.31,-1.21,26.238,26.661,25.511,220505.54,277396.76,254676.61,25.27
2017-10-25,25.0,25.36,24.81,115114.31,-0.06,-0.24,26.066,26.612,25.491,197802.98,243374.11,245372.45,25.21
2017-10-26,25.08,25.68,24.88,132294.69,0.33,1.31,25.72,26.339,25.494,167116.83,255410.45,238305.09,25.54
2017-10-27,25.33,25.5,24.35,118777.6,-1.16,-4.54,25.196,26.007,25.428,148431.7,212144.73,231274.06,24.38
2017-10-30,24.37,25.18,23.21,173945.22,0.47,1.93,25.05,25.696,25.396,139903.65,194373.08,228089.13,24.85
2017-10-31,24.64,25.4,24.53,130707.38,0.35,1.41,25.036,25.637,25.386,134167.84,177336.69,222963.77,25.2
2017-11-01,25.2,25.67,24.9,133608.67,0.22,0.87,25.078,25.572,25.388,137866.71,167834.85,218496.02,25.42
2017-11-02,25.16,26.38,24.73,193897.41,0.3,1.18,25.114,25.417,25.61,150187.26,158652.04,224512.31,25.72
2017-11-03,25.43,26.14,24.64,146181.06,-0.81,-3.15,25.22,25.208,25.789,155667.95,152049.82,228802.59,24.91
2017-11-06,24.84,25.46,24.5,98479.27,0.42,1.69,25.316,25.183,25.882,140574.76,140239.21,219328.51,25.33
2017-11-07,25.3,26.88,25.18,248485.44,1.52,6.0,25.646,25.341,26.001,164130.37,149149.11,213272.93,26.85
2017-11-08,27.0,27.35,26.4,196909.52,-0.36,-1.34,25.86,25.469,26.041,176790.54,157328.63,200351.37,26.49
2017-11-09,26.41,26.86,26.11,147604.22,0.19,0.72,26.052,25.583,25.961,167531.9,158859.58,207135.02,26.68
2017-11-10,26.53,27.19,26.07,178766.44,-0.58,-2.17,26.29,25.755,25.881,174048.98,164858.46,188501.6,26.1
2017-11-13,26.08,27.79,25.6,296026.12,1.37,5.25,26.718,26.017,25.857,213558.35,177066.55,185719.82,27.47
2017-11-14,27.5,27.66,26.75,210819.48,-0.67,-2.44,26.708,26.177,25.907,206025.16,185077.76,181207.23,26.8
2017-11-15,26.53,26.68,24.27,224910.19,-2.35,-8.77,26.3,26.08,25.826,211625.29,194207.92,181021.38,24.45
2017-11-16,24.69,25.47,24.5,151314.7,0.13,0.53,25.88,25.966,25.692,212367.39,189949.64,174300.84,24.58
2017-11-17,24.48,25.19,23.87,160690.77,-0.46,-1.87,25.484,25.887,25.548,208752.25,191400.62,171725.22,24.12
2017-11-20,23.8,24.48,22.83,118083.83,0.33,1.37,24.88,25.799,25.491,173163.79,193361.07,166800.14,24.45
2017-11-21,24.2,24.93,24.03,127629.36,0.26,1.06,24.462,25.585,25.463,156525.77,181275.46,165212.28,24.71
2017-11-22,24.74,25.38,24.12,141556.59,-0.24,-0.97,24.466,25.383,25.426,139855.05,175740.17,166534.4,24.47
2017-11-23,24.0,24.06,22.59,149140.73,-1.83,-7.48,24.078,24.979,25.281,139420.26,175893.82,167376.7,22.64
2017-11-24,22.5,22.95,22.0,83447.28,-0.58,-2.56,23.666,24.575,25.165,123971.56,166361.91,165610.18,22.06
2017-11-27,22.0,22.28,21.08,65702.6,-0.89,-4.03,23.01,23.945,24.981,113495.31,143329.55,160198.05,21.17
2017-11-28,21.07,22.15,21.07,66452.19,0.83,3.92,22.468,23.465,24.821,101259.88,128892.82,156985.29,22.0
2017-11-29,21.88,21.9,21.22,62599.5,-0.44,-2.0,21.886,23.176,24.628,85468.46,112661.76,153434.84,21.56
2017-11-30,21.55,21.79,21.23,48080.24,-0.18,-0.83,21.634,22.856,24.411,65256.36,102338.31,146143.98,21.38
2017-12-01,21.41,22.1,21.39,68674.98,0.42,1.96,21.582,22.624,24.256,62301.9,93136.73,142268.67,21.8
2017-12-04,21.78,22.68,21.53,96687.24,0.62,2.84,21.832,22.421,24.11,68498.83,90997.07,142179.07,22.42
2017-12-05,22.3,22.35,21.18,90174.38,-0.92,-4.1,21.732,22.1,23.843,73243.27,87251.57,134263.52,21.5
2017-12-06,21.49,21.91,21.21,63563.47,0.41,1.91,21.802,21.844,23.614,73436.06,79452.26,127596.22,21.91
2017-12-07,21.8,22.13,21.55,61199.69,0.08,0.36,21.924,21.779,23.379,76059.95,70658.16,123275.99,21.99
2017-12-08,22.05,22.59,21.86,78529.92,0.18,0.82,21.998,21.79,23.183,78030.94,70166.42,118264.16,22.17
2017-12-11,22.2,22.81,22.2,85709.19,0.42,1.89,22.032,21.932,22.939,75835.33,72167.08,107748.32,22.59
2017-12-12,22.32,22.58,22.12,53559.86,-0.3,-1.33,22.19,21.961,22.713,68512.43,70877.85,99885.34,22.29
2017-12-13,22.32,22.48,22.17,52695.64,0.16,0.72,22.298,22.05,22.613,66338.86,69887.46,91274.61,22.45
2017-12-14,22.4,22.47,22.1,48725.2,-0.19,-0.85,22.352,22.138,22.497,63843.96,69951.96,86145.13,22.26
2017-12-15,22.57,23.3,22.57,117271.67,0.73,3.28,22.516,22.257,22.441,71592.31,74811.63,83974.18,22.99
2017-12-18,22.81,23.1,22.26,68921.15,-0.53,-2.31,22.49,22.261,22.341,68234.7,72035.02,81516.04,22.46
2017-12-19,22.47,22.7,22.1,60406.4,-0.24,-1.07,22.476,22.333,22.217,69604.01,69058.22,78154.9,22.22
2017-12-20,22.2,22.2,21.33,82685.0,-0.83,-3.73,22.264,22.281,22.063,75601.88,70970.37,75211.32,21.39
2017-12-21,21.2,21.3,20.65,67625.03,-0.29,-1.36,22.032,22.192,21.986,79381.85,71612.91,71135.53,21.1
2017-12-22,21.07,21.47,20.94,43121.99,-0.12,-0.57,21.63,22.073,21.932,64551.91,68072.11,69119.27,20.98
2017-12-25,20.86,20.86,20.0,74302.78,-0.89,-4.24,21.156,21.823,21.878,65628.24,66931.47,69549.28,20.09
2017-12-26,20.05,20.33,20.02,52056.9,0.18,0.9,20.766,21.621,21.791,63958.34,66781.18,68829.51,20.27
2017-12-27,19.74,20.17,19.02,80352.78,-0.37,-1.82,20.468,21.366,21.708,63491.9,69546.89,69717.18,19.9
2017-12-28,19.68,20.09,19.51,69545.81,-0.38,-1.91,20.152,21.092,21.615,63876.05,71628.95,70790.45,19.52
2017-12-29,19.7,19.81,19.58,42657.21,0.21,1.08,19.902,20.766,21.512,63783.1,64167.51,69489.57,19.73
2018-01-02,19.8,20.36,19.8,60244.45,0.54,2.74,19.938,20.547,21.404,60971.43,63299.84,67667.43,20.27
2018-01-03,20.31,20.69,20.13,64078.74,0.21,1.04,19.98,20.373,21.353,63375.8,63667.07,66362.64,20.48
2018-01-04,20.48,20.48,20.21,45066.73,-0.22,-1.07,20.052,20.26,21.271,56318.59,59905.24,65437.81,20.26
2018-01-05,20.3,20.51,20.23,45492.36,0.04,0.2,20.208,20.18,21.186,51507.9,57691.98,64652.44,20.3
2018-01-08,20.3,20.49,20.05,44378.8,-0.13,-0.64,20.296,20.099,21.086,51852.22,57817.66,62944.88,20.17
2018-01-09,20.18,20.68,20.08,59328.49,0.29,1.44,20.334,20.136,20.98,51669.02,56320.23,61625.85,20.46
2018-01-10,20.35,20.36,19.8,55008.05,-0.48,-2.35,20.234,20.107,20.864,49854.89,56615.34,61698.26,19.98
2018-01-11,19.81,20.73,19.56,105981.43,0.64,3.2,20.306,20.179,20.773,62037.83,59178.21,64362.55,20.62
2018-01-12,20.46,20.48,19.93,64018.59,-0.64,-3.1,20.242,20.225,20.659,65743.07,58625.49,65127.22,19.98
2018-01-15,20.08,20.15,19.32,52058.26,-0.54,-2.7,20.096,20.196,20.481,67278.96,59565.59,61866.55,19.44
2018-01-16,19.35,19.66,19.27,34776.93,-0.02,-0.1,19.888,20.111,20.329,62368.65,57018.84,60159.34,19.42
2018-01-17,19.42,19.75,18.9,54798.58,0.1,0.52,19.796,20.015,20.194,62326.76,56090.82,59878.95,19.52
2018-01-18,19.49,20.26,19.43,75704.76,0.63,3.23,19.702,20.004,20.132,56271.42,59154.63,59529.93,20.15
2018-01-19,20.08,20.3,19.82,39183.6,-0.18,-0.89,19.7,19.971,20.076,51304.43,58523.75,58107.86,19.97
2018-01-22,19.84,21.95,19.61,145315.78,0.92,4.61,19.99,20.043,20.071,69955.93,68617.45,63217.55,20.89
2018-01-23,20.64,21.29,20.62,69528.27,-0.09,-0.43,20.266,20.077,20.107,76906.2,69637.43,62978.83,20.8
2018-01-24,20.65,21.69,20.47,119560.26,0.59,2.84,20.64,20.218,20.163,89858.53,76092.65,66353.99,21.39
2018-01-25,21.24,21.6,20.95,82894.2,-0.41,-1.92,20.806,20.254,20.217,91296.42,73783.92,66481.07,20.98
2018-01-26,20.78,21.43,20.61,55686.79,0.08,0.38,21.024,20.362,20.294,94597.06,72950.74,65788.11,21.06
2018-01-29,21.05,21.25,20.62,45889.24,-0.32,-1.52,20.994,20.492,20.344,74711.75,72333.84,65949.72,20.74
2018-01-30,20.7,21.47,20.55,62620.86,0.38,1.83,21.058,20.662,20.387,73330.27,75118.23,66068.54,21.12
2018-01-31,21.07,21.43,20.7,78401.74,-0.37,-1.75,20.93,20.785,20.4,65098.57,77478.55,66784.69,20.75
2018-02-01,20.66,20.87,18.99,91955.93,-1.68,-8.1,20.548,20.677,20.341,66910.91,79103.67,69129.15,19.07
2018-02-02,18.9,19.74,18.8,44436.4,0.19,1.0,20.188,20.606,20.289,64660.83,79628.95,69076.35,19.26
2018-02-05,19.05,19.74,18.32,41416.0,0.25,1.3,19.942,20.468,20.256,63766.19,69238.97,68928.21,19.51
2018-02-06,19.07,19.44,17.8,73869.28,-1.47,-7.54,19.326,20.192,20.135,66015.87,69673.07,69655.25,18.04
2018-02-07,18.52,18.85,17.8,54309.49,0.3,1.66,18.844,19.887,20.053,61197.42,63147.99,69620.32,18.34
2018-02-08,18.35,18.86,18.21,33105.48,0.37,2.02,18.772,19.66,19.957,49427.33,58169.12,65976.52,18.71
2018-02-09,18.03,18.55,17.8,48673.44,-0.65,-3.47,18.532,19.36,19.861,50274.74,57467.79,65209.26,18.06
2018-02-12,18.23,18.85,18.12,42429.61,0.69,3.82,18.38,19.161,19.827,50477.46,57121.82,64727.83,18.75
2018-02-13,18.74,18.88,18.51,32518.14,-0.22,-1.17,18.478,18.902,19.782,42207.23,54111.55,64614.89,18.53
2018-02-14,18.51,18.66,18.35,19663.59,0.1,0.54,18.536,18.69,19.738,35278.05,48237.74,62858.14,18.63
2018-02-22,18.88,19.33,18.75,49903.81,0.67,3.6,18.654,18.713,19.695,38637.72,44032.52,61568.1,19.3
2018-02-23,19.31,19.39,19.0,28257.87,-0.16,-0.83,18.87,18.701,19.654,34554.6,42414.67,61021.81,19.14
2018-02-26,19.35,20.31,19.17,79750.06,0.86,4.49,19.12,18.75,19.609,42018.69,46248.08,57743.52,20.0
2018-02-27,20.05,21.2,19.86,100465.21,0.36,1.8,19.486,18.982,19.587,55608.11,48907.67,59290.37,20.36
2018-02-28,20.05,20.69,19.95,67485.35,-0.21,-1.03,19.79,19.163,19.525,65172.46,50225.26,56686.62,20.15
2018-03-01,20.3,21.19,20.15,114693.33,0.85,4.22,20.13,19.392,19.526,78130.36,58384.04,58276.58,21.0
2018-03-02,20.78,21.8,20.66,145474.08,0.03,0.14,20.508,19.689,19.525,101573.61,68064.11,62765.95,21.03
2018-03-05,21.53,21.78,21.06,99716.68,0.48,2.28,20.81,19.965,19.563,105566.93,73792.81,65457.32,21.51
2018-03-06,22.05,23.35,21.8,206202.88,0.79,3.67,21.198,20.342,19.622,126714.46,91161.29,72636.42,22.3
2018-03-07,22.0,22.13,21.6,108319.61,-0.65,-2.92,21.498,20.644,19.667,134881.32,100026.89,74132.31,21.65
2018-03-08,21.53,21.92,21.3,96348.99,-0.24,-1.11,21.58,20.855,19.784,131212.45,104671.41,74351.97,21.41
2018-03-09,21.44,22.3,21.44,118476.95,0.61,2.85,21.778,21.143,19.922,125813.02,113693.31,78053.99,22.02
2018-03-12,23.0,24.22,22.5,331615.47,1.78,8.08,22.236,21.523,20.137,172192.78,138879.86,92563.97,23.8
2018-03-13,23.3,23.54,22.92,215836.55,-0.72,-3.02,22.392,21.795,20.389,174119.51,150416.99,99662.33,23.08
2018-03-14,22.8,23.23,22.7,115559.33,-0.38,-1.65,22.602,22.05,20.607,175567.46,155224.39,102724.82,22.7
2018-03-15,22.69,23.23,21.71,145825.48,-0.11,-0.48,22.838,22.209,20.801,185462.76,158337.6,108360.82,22.59
2018-03-16,22.45,22.85,22.3,91312.45,-0.25,-1.11,22.902,22.34,21.015,180029.86,152921.44,110492.77,22.34
2018-03-19,22.25,22.8,22.05,89211.7,0.05,0.22,22.62,22.428,21.197,131549.1,151870.94,112831.88,22.39
2018-03-20,22.08,22.27,21.52,97622.85,-0.32,-1.43,22.418,22.405,21.374,107906.36,141012.94,116087.11,22.07
2018-03-21,22.1,22.49,21.53,94505.0,-0.52,-2.36,22.188,22.395,21.52,103695.5,139631.48,119829.18,21.55
2018-03-22,21.65,22.05,21.5,69307.39,0.15,0.7,22.01,22.424,21.64,88391.88,136927.32,120799.36,21.7
2018-03-23,20.7,21.21,19.53,137364.48,-2.13,-9.82,21.456,22.179,21.661,97602.28,138816.07,126254.69,19.57
2018-03-26,19.1,20.42,19.01,91464.84,0.74,3.78,21.04,21.83,21.677,98052.91,114801.01,126840.43,20.31
2018-03-27,20.64,21.36,20.51,98010.25,0.88,4.33,20.864,21.641,21.718,98130.39,103018.38,126717.68,21.19
2018-03-28,20.8,21.45,20.72,90482.6,-0.04,-0.19,20.784,21.486,21.768,97325.91,100510.7,127867.55,21.15
2018-03-29,21.47,21.69,21.06,70711.0,0.27,1.28,20.728,21.369,21.789,97606.63,92999.26,125668.43,21.42
2018-03-30,21.3,22.38,21.3,134790.25,0.93,4.34,21.284,21.37,21.855,97091.79,97347.04,125134.24,22.35
2018-04-02,22.36,23.7,22.25,207584.72,0.65,2.91,21.822,21.431,21.93,120315.76,109184.34,130527.64,23.0
2018-04-03,22.4,22.65,21.6,138686.42,-0.91,-3.96,22.002,21.433,21.919,128451.0,113290.7,127151.82,22.09
2018-04-04,22.24,22.48,21.26,103167.0,-0.79,-3.58,22.032,21.408,21.902,130987.88,114156.9,126894.19,21.3
2018-04-09,21.34,21.79,21.13,98994.31,0.49,2.3,22.106,21.417,21.921,136644.54,117125.59,127026.45,21.79
2018-04-10,21.79,21.81,21.14,72994.43,-0.26,-1.19,21.942,21.613,21.896,124285.38,110688.58,124752.33,21.53
2018-04-11,21.59,21.97,21.5,63635.67,0.03,0.14,21.654,21.738,21.784,95495.57,107905.67,111353.34,21.56
2018-04-12,21.4,21.64,20.9,68004.77,-0.53,-2.46,21.442,21.722,21.682,81359.24,104905.12,103961.75,21.03
2018-04-13,21.39,21.67,21.22,53016.49,0.23,1.09,21.434,21.733,21.61,71329.13,101158.51,100834.61,21.26
2018-04-16,21.11,21.75,21.1,79898.08,0.45,2.12,21.418,21.762,21.566,67509.89,102077.21,97538.24,21.71
2018-04-17,21.77,22.2,21.24,95302.1,-0.44,-2.03,21.366,21.654,21.512,71971.42,98128.4,97737.72,21.27
2018-04-18,21.52,22.4,21.0,134185.69,1.02,4.79,21.512,21.583,21.507,86081.43,90788.5,99986.42,22.29
2018-04-19,22.16,22.57,22.1,115842.85,0.1,0.45,21.784,21.613,21.523,95649.04,88504.14,100897.42,22.39
2018-04-20,22.4,22.58,21.36,115311.45,-0.89,-3.98,21.832,21.633,21.521,108108.03,89718.58,101937.74,21.5
2018-04-23,21.1,21.75,20.56,78577.24,-0.57,-2.65,21.676,21.547,21.482,107843.87,87676.88,102401.23,20.93
2018-04-24,21.0,21.57,20.67,77762.11,0.61,2.91,21.73,21.548,21.581,104335.87,88153.65,99421.11,21.54
2018-04-25,21.3,23.69,21.23,290310.25,1.24,5.76,21.828,21.67,21.704,135560.78,110821.1,109363.38,22.78
2018-04-26,22.55,23.19,22.35,210157.0,0.1,0.44,21.926,21.855,21.789,154423.61,125036.33,114970.72,22.88
2018-04-27,23.0,23.04,22.21,112582.86,-0.37,-1.62,22.128,21.98,21.857,153877.89,130992.96,116075.73,22.51
2018-05-02,22.59,22.89,21.18,131178.3,-0.59,-2.62,22.326,22.001,21.882,164398.1,136120.99,119099.1,21.92
2018-05-03,21.72,22.26,21.08,129456.87,0.33,1.5,22.468,22.099,21.877,174737.06,139536.46,118832.43,22.25
2018-05-04,22.1,22.13,21.18,104070.72,-1.03,-4.63,22.156,21.992,21.788,137489.15,136524.97,113656.73,21.22
2018-05-07,21.35,22.88,21.26,169962.0,0.95,4.48,22.014,21.97,21.792,129450.15,141936.88,115220.51,22.17
2018-05-08,22.24,22.51,21.92,129230.74,-0.01,-0.04,21.944,22.036,21.835,132779.73,143328.81,116523.7,22.16
2018-05-09,22.33,22.74,22.03,130753.24,0.33,1.49,22.058,22.192,21.87,132694.71,148546.41,118111.64,22.49
2018-05-10,22.52,23.55,22.36,265382.88,0.84,3.73,22.274,22.371,21.96,159879.92,167308.49,127731.07,23.33
2018-05-11,23.13,23.15,22.65,150148.86,-0.35,-1.5,22.626,22.391,22.031,169095.54,153292.35,132056.73,22.98
2018-05-14,22.99,23.17,22.12,125495.2,-0.55,-2.39,22.678,22.346,22.101,160202.18,144826.17,134931.25,22.43
2018-05-15,22.42,23.1,22.18,115361.08,0.64,2.85,22.86,22.402,22.191,157428.25,145103.99,138048.48,23.07
2018-05-16,22.93,22.93,22.4,100217.62,-0.63,-2.73,22.85,22.454,22.228,151321.13,142007.92,139064.45,22.44
2018-05-17,22.44,22.89,22.22,81602.65,0.36,1.6,22.744,22.509,22.304,114565.08,137222.5,138379.48,22.8
2018-05-18,22.68,22.8,21.91,88670.31,-0.39,-1.72,22.616,22.621,22.307,102269.37,135682.46,136103.71,22.34
2018-05-21,22.57,23.06,22.0,134807.77,0.61,2.73,22.72,22.699,22.335,104131.89,132167.04,137051.96,22.95
2018-05-22,22.8,23.13,22.62,110038.5,0.05,0.22,22.706,22.783,22.41,103067.37,130247.81,136788.31,23.0
2018-05-23,22.9,23.46,22.45,147721.61,-0.21,-0.91,22.776,22.813,22.503,112568.17,131944.65,140245.53,22.79
2018-05-24,22.54,22.65,21.96,126391.75,-0.79,-3.47,22.616,22.68,22.526,121525.99,118045.54,142677.01,22.0
2018-05-25,21.98,21.98,20.75,143395.0,-1.25,-5.68,22.298,22.457,22.424,132470.93,117370.15,135331.25,20.75
2018-05-28,20.5,20.66,19.88,105116.06,-0.7,-3.37,21.718,22.219,22.283,126532.58,115332.24,130079.2,20.05
2018-05-29,20.09,20.23,19.87,62588.17,-0.08,-0.4,21.112,21.909,22.156,117042.52,110054.94,127579.47,19.97
2018-05-30,19.5,19.75,19.0,66703.59,-0.71,-3.56,20.406,21.591,22.023,100838.91,106703.54,124355.73,19.26
2018-05-31,19.5,19.76,19.36,46063.24,0.36,1.87,19.93,21.273,21.891,84773.21,103149.6,120186.05,19.62
2018-06-01,19.41,19.89,19.15,61148.05,-0.37,-1.89,19.63,20.964,21.793,68323.82,100397.37,118039.92,19.25
2018-06-04,19.31,19.5,19.0,46351.14,-0.21,-1.09,19.428,20.573,21.636,56570.84,91551.71,111859.37,19.04
2018-06-05,19.15,19.46,18.98,54791.6,0.38,2.0,19.318,20.215,21.499,55011.52,86027.02,108137.42,19.42
2018-06-06,19.3,19.64,19.24,48789.96,0.07,0.36,19.364,19.885,21.349,51428.8,76133.86,104039.25,19.49
2018-06-07,19.58,19.58,19.04,43813.0,-0.33,-1.69,19.272,19.601,21.141,50978.75,67875.98,92960.76,19.16
2018-06-08,19.2,19.24,18.67,49532.67,-0.35,-1.83,19.184,19.407,20.932,48655.67,58489.75,87929.95,18.81
2018-06-11,18.8,19.15,18.75,41610.5,0.22,1.17,19.182,19.305,20.762,47707.55,52139.19,83735.71,19.03
2018-06-12,19.12,19.28,18.69,39022.12,0.22,1.16,19.148,19.233,20.571,44553.65,49782.59,79918.77,19.25
2018-06-13,19.24,19.4,18.88,38810.51,-0.36,-1.87,19.028,19.196,20.394,42557.76,46993.28,76848.41,18.89
2018-06-14,18.8,19.27,18.72,21681.8,0.07,0.37,18.988,19.13,20.202,38131.52,44555.14,73852.37,18.96
2018-06-15,19.08,19.2,18.2,50841.99,-0.76,-4.01,18.866,19.025,19.995,38393.38,43524.53,71960.95,18.2
2018-06-19,18.19,18.19,16.38,71996.22,-1.82,-10.0,18.336,18.759,19.666,44470.53,46089.04,68820.37,16.38
2018-06-20,16.38,16.91,16.31,49070.99,0.24,1.47,17.81,18.479,19.347,46480.3,45516.98,65772.0,16.62
2018-06-21,16.68,16.83,16.18,56233.95,0.08,0.48,17.372,18.2,19.043,49964.99,46261.38,61197.62,16.7
2018-06-22,16.7,17.08,16.53,35890.32,0.29,1.74,16.978,17.983,18.792,52806.69,45469.11,56672.54,16.99
2018-06-25,17.04,17.25,17.04,34148.66,0.07,0.41,16.75,17.808,18.608,49468.03,43930.71,51210.23,17.06
2018-06-26,16.83,17.48,16.75,39179.18,0.37,2.17,16.96,17.648,18.477,42904.62,43687.57,47913.38,17.43
2018-06-27,17.35,17.48,17.22,29668.0,0.02,0.12,17.126,17.468,18.351,39024.02,42752.16,46267.37,17.45
2018-06-28,17.44,17.67,17.3,31506.46,0.05,0.29,17.286,17.329,18.263,34078.52,42021.76,44507.52,17.5
2018-06-29,17.51,18.59,17.4,64114.85,1.04,5.94,17.596,17.287,18.209,39723.43,46265.06,45410.1,18.54
2018-07-02,18.13,18.52,18.03,41228.42,-0.36,-1.94,17.82,17.285,18.155,41139.38,45303.71,44414.12,18.18
2018-07-03,18.25,18.57,18.01,41240.18,0.3,1.65,18.03,17.495,18.127,41551.58,42228.1,44158.57,18.48
2018-07-04,18.56,18.59,18.11,36486.82,-0.18,-0.97,18.2,17.663,18.071,42915.35,40969.68,43243.33,18.3
2018-07-05,18.4,19.42,18.15,103217.6,1.0,5.46,18.56,17.923,18.062,57257.57,45668.05,45964.71,19.3
2018-07-06,19.12,19.38,18.65,50350.76,-0.52,-2.69,18.608,18.102,18.043,54504.76,47114.09,46291.6,18.78
2018-07-09,18.85,19.28,18.85,40306.75,0.46,2.45,18.82,18.32,18.064,54320.42,47729.9,45830.3,19.24
2018-07-10,19.15,19.5,19.11,44499.95,0.26,1.35,19.024,18.527,18.088,54972.38,48261.98,45974.78,19.5
2018-07-11,19.2,19.3,18.4,47501.88,-0.7,-3.59,19.124,18.662,18.065,57175.39,50045.37,46398.76,18.8
2018-07-12,18.89,19.34,18.69,46247.39,0.5,2.66,19.124,18.842,18.086,45781.35,51519.46,46770.61,19.3
2018-07-13,21.2,21.2,19.55,110760.19,0.29,1.5,19.286,18.947,18.117,57863.23,56183.99,51224.53,19.59
2018-07-16,19.11,19.46,19.03,42386.47,-0.46,-2.35,19.264,19.042,18.164,58279.18,56299.8,50801.75,19.13
2018-07-17,19.04,19.22,18.98,24762.16,-0.11,-0.57,19.168,19.096,18.296,54331.62,54652.0,48440.05,19.02
2018-07-18,19.15,19.53,19.0,34867.6,-0.02,-0.1,19.208,19.166,18.415,51804.76,54490.08,47729.88,19.0
2018-07-19,19.2,19.2,18.55,27257.0,-0.38,-2.0,19.072,19.098,18.511,48006.68,46894.02,46281.03,18.62
2018-07-20,18.62,18.74,18.32,27692.02,0.01,0.05,18.88,19.083,18.593,31393.05,44628.14,45871.12,18.63
2018-07-23,18.63,18.89,18.56,26478.41,0.21,1.13,18.822,19.043,18.682,28211.44,43245.31,45487.6,18.84
2018-07-24,18.84,19.09,18.84,45147.72,0.15,0.8,18.816,18.992,18.76,32288.55,43310.08,45786.03,18.99
2018-07-25,18.87,19.3,18.87,51170.96,0.22,1.16,18.858,19.033,18.848,35549.22,43676.99,46861.18,19.21
2018-07-26,19.24,19.3,18.76,28494.4,-0.33,-1.72,18.91,18.991,18.917,35796.7,41901.69,46710.58,18.88
2018-07-27,18.65,18.96,18.65,15483.67,-0.18,-0.95,18.924,18.902,18.925,33355.03,32374.04,44279.02,18.7
2018-07-30,18.68,18.75,17.73,42891.0,-0.97,-5.19,18.702,18.762,18.902,36637.55,32424.49,44362.15,17.73
2018-07-31,17.73,18.05,17.73,17716.8,0.22,1.24,18.494,18.655,18.876,31151.37,31719.96,43185.98,17.95
2018-08-01,18.15,18.24,17.5,17251.0,-0.35,-1.95,18.172,18.515,18.841,24367.37,29958.3,42224.19,17.6
2018-08-02,17.59,17.77,16.8,32080.0,-0.63,-3.58,17.79,18.35,18.724,25084.49,30440.6,38667.31,16.97
2018-08-03,17.14,17.2,16.92,14989.09,-0.04,-0.24,17.436,18.18,18.632,24985.58,29170.31,36899.22,16.93
2018-08-06,16.93,17.09,16.64,20940.89,-0.23,-1.36,17.23,17.966,18.505,20595.56,28616.55,35930.93,16.7
2018-08-07,16.64,17.1,16.64,19627.2,0.3,1.8,17.04,17.767,18.38,20977.64,26064.5,34687.29,17.0
2018-08-08,16.98,17.06,16.49,18186.0,-0.5,-2.94,16.82,17.496,18.265,21164.64,22766.01,33221.5,16.5
2018-08-09,16.5,17.15,16.43,29758.5,0.45,2.73,16.816,17.303,18.147,20700.34,22892.42,32397.05,16.95
2018-08-10,16.98,17.58,16.95,33711.31,0.41,2.42,16.902,17.169,18.036,24444.78,24715.18,28544.61,17.36
2018-08-13,17.3,17.84,17.13,44031.71,0.41,2.36,17.116,17.173,17.968,29062.94,24829.25,28626.87,17.77
2018-08-14,17.56,17.8,17.53,25598.04,-0.02,-0.11,17.266,17.153,17.904,30257.11,25617.37,28668.67,17.75
2018-08-15,17.75,17.75,17.03,28614.0,-0.72,-4.06,17.372,17.096,17.806,32342.71,26753.67,28355.99,17.03
2018-08-16,16.97,17.34,16.7,20553.2,-0.04,-0.23,17.38,17.098,17.724,30501.65,25600.99,28020.8,16.99
2018-08-17,17.2,17.3,16.88,20558.9,0.01,0.06,17.308,17.105,17.643,27871.17,26157.98,27664.14,17.0
2018-08-20,17.0,17.38,16.9,28159.06,0.28,1.65,17.21,17.163,17.565,24696.64,26879.79,27748.17,17.28
2018-08-21,17.33,17.46,17.21,24221.61,-0.03,-0.17,17.11,17.188,17.478,24421.35,27339.23,26701.87,17.25
2018-08-22,17.36,17.36,16.78,22166.3,-0.44,-2.55,17.066,17.219,17.358,23131.81,27737.26,25251.63,16.81
2018-08-23,16.98,17.36,16.91,33070.09,0.48,2.85,17.126,17.253,17.278,25635.19,28068.42,25480.42,17.29
2018-08-24,17.21,17.4,16.99,20799.0,-0.3,-1.74,17.124,17.216,17.193,25683.21,26777.19,25746.19,16.99
2018-08-27,17.08,17.44,17.03,26972.65,0.34,2.0,17.134,17.172,17.173,25445.93,25071.29,24950.27,17.33
2018-08-28,17.38,17.46,17.23,17870.6,-0.02,-0.12,17.146,17.128,17.141,24175.73,24298.54,24957.96,17.31
2018-08-29,17.45,18.0,17.12,47730.65,0.18,1.04,17.282,17.174,17.135,29288.6,26210.21,26481.94,17.49
2018-08-30,17.31,17.48,17.2,29491.19,-0.27,-1.54,17.268,17.197,17.148,28572.82,27104.01,26352.5,17.22
2018-08-31,17.21,17.34,16.66,29890.95,-0.48,-2.79,17.218,17.171,17.138,30391.21,28037.21,27097.59,16.74
2018-09-03,16.79,16.93,16.61,14934.87,0.07,0.42,17.114,17.124,17.144,27983.65,26714.79,26797.29,16.81
2018-09-04,16.78,17.05,16.72,16284.34,0.14,0.83,17.042,17.094,17.141,27666.4,25921.06,26630.15,16.95
2018-09-05,16.95,17.05,16.67,15904.0,-0.25,-1.48,16.884,17.083,17.151,21301.07,25294.83,26516.05,16.7
2018-09-06,16.68,16.96,16.56,15976.42,-0.01,-0.06,16.778,17.023,17.138,18598.12,23585.47,25826.94,16.69
2018-09-07,16.8,16.97,16.22,26139.0,-0.32,-1.92,16.704,16.961,17.089,17847.73,24119.47,25448.33,16.37
2018-09-10,16.36,16.54,16.2,18640.0,-0.1,-0.61,16.596,16.855,17.014,18588.75,23286.2,24178.74,16.27
2018-09-11,16.4,16.65,16.2,20849.91,0.38,2.34,16.536,16.789,16.959,19501.87,23584.13,23941.34,16.65
2018-09-12,16.64,16.88,16.46,18331.25,-0.07,-0.42,16.512,16.698,16.936,19987.32,20644.19,23427.2,16.58
2018-09-13,16.77,16.86,16.54,17506.6,0.14,0.84,16.518,16.648,16.923,20293.35,19445.73,23274.87,16.72
2018-09-14,17.22,17.49,16.74,28978.52,0.03,0.18,16.594,16.649,16.91,20861.26,19354.49,23695.85,16.75
2018-09-17,16.32,17.3,16.32,26005.03,0.26,1.55,16.742,16.669,16.897,22334.26,20461.51,23588.15,17.01
2018-09-18,16.87,17.12,16.74,27527.82,0.05,0.29,16.824,16.68,16.887,23669.84,21585.86,23753.46,17.06
2018-09-19,17.1,17.17,16.9,31861.99,0.08,0.47,16.936,16.724,16.904,26375.99,23181.65,24238.24,17.14
2018-09-20,17.06,17.06,16.78,21377.45,-0.22,-1.28,16.976,16.747,16.885,27150.16,23721.76,23653.61,16.92
2018-09-21,16.95,17.03,16.82,21910.48,0.1,0.59,17.03,16.812,16.887,25736.55,23298.91,23709.19,17.02
2018-09-25,17.02,17.02,16.77,19475.0,-0.1,-0.59,17.012,16.877,16.866,24430.55,23382.41,23334.3,16.92
2018-09-26,16.98,17.0,16.72,29354.46,0.06,0.35,16.996,16.91,16.85,24795.88,24232.86,23908.5,16.98
2018-09-27,17.02,17.04,16.38,26100.46,-0.44,-2.59,16.876,16.906,16.802,23643.57,25009.78,22826.99,16.54
2018-09-28,16.55,17.12,16.4,39456.19,0.58,3.51,16.916,16.946,16.797,27259.32,27204.74,23325.24,17.12
2018-10-08,16.91,16.96,16.6,17366.97,-0.49,-2.86,16.838,16.934,16.792,26350.62,26043.59,22699.04,16.63
2018-10-09,16.64,16.93,16.58,8108.25,0.05,0.3,16.79,16.901,16.785,24077.27,24253.91,22357.71,16.68
2018-10-10,16.73,16.9,16.49,11780.0,-0.17,-1.02,16.696,16.846,16.763,20562.37,22679.13,22132.49,16.51
2018-10-11,16.1,16.1,14.86,39555.82,-1.65,-9.99,16.36,16.618,16.671,23253.45,23448.51,23315.08,14.86
2018-10-12,14.57,14.6,13.45,37508.39,-0.46,-3.1,15.816,16.366,16.557,22863.89,25061.6,24391.68,14.4
2018-10-15,14.75,14.75,14.05,10893.01,-0.28,-1.94,15.314,16.076,16.444,21569.09,23959.86,23629.38,14.12
2018-10-16,14.2,14.31,13.27,29208.34,-0.13,-0.92,14.776,15.783,16.33,25789.11,24933.19,24157.8,13.99
2018-10-17,13.89,14.21,13.89,21874.0,0.16,1.14,14.304,15.5,16.205,27807.91,24185.14,24209.0,14.15
2018-10-18,14.13,14.18,13.71,16205.0,-0.32,-2.26,14.098,15.229,16.068,23137.75,23195.6,24102.69,13.83
2018-10-19,13.71,14.15,13.6,19697.6,0.25,1.81,14.034,14.925,15.936,19575.59,21219.74,24212.24,14.08
2018-10-22,14.32,14.95,14.1,30247.0,0.64,4.54,14.154,14.734,15.834,23446.39,22507.74,24275.66,14.72
2018-10-23,14.68,14.83,14.38,18288.0,-0.32,-2.17,14.236,14.506,15.704,21262.32,23525.72,23889.81,14.4
2018-10-24,14.57,14.59,14.34,14377.8,0.05,0.35,14.296,14.3,15.573,19763.08,23785.5,23232.31,14.45
2018-10-25,13.89,14.36,13.8,15384.4,-0.28,-1.94,14.364,14.231,15.425,19598.96,21368.35,22408.43,14.17
2018-10-26,14.37,14.4,14.16,11253.02,0.06,0.42,14.394,14.214,15.29,17910.04,18742.82,21902.21,14.23
2018-10-29,14.23,14.39,14.06,10290.0,-0.13,-0.91,14.27,14.212,15.144,13918.64,18682.52,21321.19,14.1
2018-10-30,14.19,14.58,13.95,20834.8,0.42,2.98,14.294,14.265,15.024,14428.0,17845.16,21389.18,14.52
2018-10-31,14.49,14.86,14.46,24243.0,0.28,1.93,14.364,14.33,14.915,16401.04,18082.06,21133.6,14.8
2018-11-01,16.28,16.28,16.01,59960.54,1.48,10.0,14.786,14.575,14.902,25316.27,22457.62,22826.61,16.28
2018-11-02,16.5,16.85,16.22,123889.47,0.52,3.19,15.3,14.847,14.886,47843.56,32876.8,27048.27,16.8
2018-11-05,16.4,16.79,16.27,69546.88,-0.39,-2.32,15.762,15.016,14.875,59694.94,36806.79,29657.27,16.41
2018-11-06,16.4,16.4,15.81,44211.6,-0.46,-2.8,16.048,15.171,14.839,64370.3,39399.15,31462.43,15.95
2018-11-07,15.99,16.33,15.75,40648.7,-0.04,-0.25,16.27,15.317,14.809,67651.44,42026.24,32905.87,15.91
2018-11-08,16.1,16.16,15.6,25486.54,-0.31,-1.95,16.134,15.46,14.846,60756.64,43036.46,32202.4,15.6
2018-11-09,15.67,15.93,15.58,27042.84,0.05,0.32,15.904,15.602,14.908,41387.31,44615.44,31679.13,15.65
2018-11-12,15.65,16.14,15.6,34093.85,0.41,2.62,15.834,15.798,15.005,34296.71,46995.82,32839.17,16.06
2018-11-13,15.88,16.33,15.7,50782.32,0.04,0.25,15.864,15.956,15.111,35610.85,49990.57,33917.87,16.1
2018-11-14,16.1,16.75,15.92,49343.12,0.14,0.87,15.93,16.1,15.215,37349.73,52500.59,35291.32,16.24
2018-11-15,16.19,16.66,16.05,54125.38,0.32,1.97,16.122,16.128,15.352,43077.5,51917.07,37187.34,16.56
2018-11-16,16.43,16.67,16.28,57964.08,-0.18,-1.09,16.268,16.086,15.467,49261.75,45324.53,39100.67,16.38
2018-11-19,16.4,16.41,16.1,28863.88,-0.12,-0.73,16.308,16.071,15.544,48215.76,41256.23,39031.51,16.26
2018-11-20,16.23,17.17,16.13,88219.26,0.12,0.74,16.364,16.114,15.643,55703.14,45657.0,42528.07,16.38
2018-11-21,15.9,16.25,15.61,45527.16,-0.38,-2.32,16.316,16.123,15.72,54939.95,46144.84,44085.54,16.0
2018-11-22,16.01,16.4,16.01,38820.6,0.28,1.75,16.26,16.191,15.826,51879.0,47478.25,45257.35,16.28
2018-11-23,16.12,16.25,15.02,43687.8,-1.12,-6.88,16.016,16.142,15.872,49023.74,49142.75,46879.09,15.16
2018-11-26,15.21,15.46,14.9,21933.11,-0.03,-0.2,15.79,16.049,15.924,47637.59,47926.67,47461.25,15.13
2018-11-27,15.48,15.48,14.91,19270.68,-0.03,-0.2,15.534,15.949,15.953,33847.87,44775.51,47383.04,15.1
2018-11-28,15.1,15.4,15.0,27107.38,0.22,1.46,15.398,15.857,15.979,30163.91,42551.93,47526.26,15.32
2018-11-29,15.45,15.59,15.0,25708.78,-0.3,-1.96,15.146,15.703,15.916,27541.55,39710.27,45813.67,15.02
2018-11-30,14.94,15.31,14.85,19025.0,0.27,1.8,15.172,15.594,15.84,22608.99,35816.37,40570.45,15.29
2018-12-03,15.8,15.86,15.5,30572.76,0.43,2.81,15.29,15.54,15.806,24336.92,35987.25,38621.74,15.72
2018-12-04,15.64,15.76,15.45,22838.0,-0.08,-0.51,15.398,15.466,15.79,25050.38,29449.13,37553.06,15.64
2018-12-05,15.24,15.49,15.22,22648.0,-0.36,-2.3,15.39,15.394,15.759,24158.51,27161.21,36653.03,15.28
2018-12-06,15.28,15.35,15.02,17964.5,-0.21,-1.37,15.4,15.273,15.732,22609.65,25075.6,36276.93,15.07
2018-12-07,15.23,15.28,15.02,12663.4,0.03,0.2,15.362,15.267,15.705,21337.33,21973.16,35557.95,15.1
2018-12-10,15.11,15.14,14.77,15330.2,-0.32,-2.12,15.174,15.232,15.641,18288.82,21312.87,34619.77,14.78
2018-12-11,14.88,14.98,14.76,12158.0,0.12,0.81,15.026,15.212,15.581,16152.82,20601.6,32688.55,14.9
2018-12-12,15.05,15.19,14.97,13320.4,0.11,0.74,14.972,15.181,15.519,14287.3,19222.9,30887.42,15.01
2018-12-13,15.13,15.31,14.95,18014.4,0.12,0.8,14.984,15.192,15.448,14297.28,18453.47,29081.87,15.13
2018-12-14,15.13,15.68,15.09,45089.2,-0.01,-0.07,14.988,15.175,15.385,20782.44,21059.89,28438.13,15.12
2018-12-17,15.06,15.06,14.59,22446.2,-0.27,-1.79,15.002,15.088,15.314,22205.64,20247.23,28117.24,14.85
2018-12-18,14.7,14.84,14.4,23089.8,-0.3,-2.02,14.932,14.979,15.223,24392.0,20272.41,24860.77,14.55
2018-12-19,14.55,14.67,14.42,13255.0,-0.09,-0.62,14.822,14.897,15.146,24378.92,19333.11,23247.16,14.46
2018-12-20,14.5,14.63,14.29,15635.81,0.0,0.0,14.688,14.836,15.055,23903.2,19100.24,22087.92,14.46
2018-12-21,14.41,14.56,14.35,12149.2,0.09,0.62,14.574,14.781,15.024,17315.2,19048.82,20510.99,14.55
2018-12-24,14.56,14.85,14.51,15781.18,0.3,2.06,14.574,14.788,15.01,15982.2,19093.92,20203.39,14.85
2018-12-25,14.65,14.89,13.87,49109.6,0.04,0.27,14.642,14.787,15.0,21186.16,22789.08,21695.34,14.89
2018-12-26,14.7,14.9,14.32,49378.0,0.01,0.07,14.73,14.776,14.979,28410.76,26394.84,22808.87,14.9
2018-12-27,15.0,15.09,14.33,53721.65,0.06,0.4,14.83,14.759,14.976,36027.93,29965.56,24209.52,14.96
2018-12-28,14.78,15.5,14.63,56318.26,0.54,3.61,15.02,14.797,14.986,44861.74,31088.47,26074.18,15.5
2019-01-02,15.28,15.68,15.28,25925.8,-0.12,-0.77,15.126,14.85,14.969,46890.66,31436.43,25841.83,15.38
2019-01-03,14.92,15.47,14.91,27097.07,-0.4,-2.6,15.144,14.893,14.936,42488.16,31837.16,26054.78,14.98
2019-01-04,14.82,15.58,14.81,42932.27,0.38,2.54,15.236,14.983,14.94,41199.01,34804.88,27069.0,15.36
2019-01-07,15.38,16.13,15.38,72903.92,0.48,3.12,15.412,15.121,14.979,45035.46,40531.7,29815.97,15.84
2019-01-08,15.77,15.8,15.39,44997.3,-0.41,-2.59,15.398,15.209,14.995,42771.27,43816.51,31432.66,15.43
2019-01-09,15.54,15.6,15.24,43900.01,-0.18,-1.17,15.372,15.249,15.019,46366.11,46628.39,32861.15,15.25
2019-01-10,15.23,15.42,15.1,27584.0,-0.13,-0.85,15.4,15.272,15.03,46463.5,44475.83,33632.45,15.12
2019-01-11,15.13,15.65,15.13,50412.5,0.5,3.31,15.452,15.344,15.06,47959.55,44579.28,35487.06,15.62
2019-01-14,15.65,15.66,15.02,44264.8,-0.52,-3.33,15.304,15.358,15.059,42231.72,43633.59,36799.58,15.1
2019-01-15,15.14,15.9,14.98,87956.41,0.75,4.97,15.388,15.393,15.095,50823.54,46797.41,38942.94,15.85
2019-01-16,15.75,16.0,15.47,65923.79,-0.28,-1.77,15.452,15.412,15.131,55228.3,50797.21,41116.82,15.57
2019-01-17,15.48,15.53,15.05,45124.91,-0.39,-2.5,15.464,15.432,15.163,58736.48,52599.99,42218.57,15.18
2019-01-18,15.23,15.39,15.1,29223.08,0.09,0.59,15.394,15.423,15.203,54498.6,51229.07,43016.98,15.27
2019-01-21,15.26,15.47,15.19,29845.81,0.03,0.2,15.434,15.369,15.245,51614.8,46923.26,43727.48,15.3
2019-01-22,15.3,15.3,14.8,30788.01,-0.41,-2.68,15.242,15.315,15.262,40181.12,45502.33,44659.42,14.89
2019-01-23,14.85,15.05,14.82,16850.1,-0.02,-0.13,15.102,15.277,15.263,30366.38,42797.34,44712.86,14.87
2019-01-24,14.95,15.19,14.8,22109.39,0.15,1.01,15.07,15.267,15.27,25763.28,42249.88,43362.85,15.02
2019-01-25,15.06,15.06,14.84,20387.0,-0.18,-1.2,14.984,15.189,15.267,23996.06,39247.33,41913.3,14.84
2019-01-28,14.94,15.06,14.77,25376.01,0.1,0.67,14.912,15.173,15.266,23102.1,37358.45,40496.02,14.94
2019-01-29,14.98,15.0,14.3,24465.91,-0.5,-3.35,14.822,15.032,15.213,21837.68,31009.4,38903.4,14.44
2019-01-30,14.4,14.58,14.21,18182.8,-0.23,-1.59,14.69,14.896,15.154,22104.22,26235.3,38516.25,14.21
2019-01-31,14.33,14.45,13.94,26032.01,-0.14,-0.98,14.5,14.785,15.109,22888.75,24326.01,38463.0,14.07
2019-02-01,14.16,14.51,14.12,25355.8,0.43,3.06,14.432,14.708,15.066,23882.51,23939.28,37584.18,14.5
2019-02-11,14.52,14.89,14.52,25229.73,0.36,2.48,14.416,14.664,15.017,23853.25,23477.68,35200.47,14.86
2019-02-12,14.86,15.1,14.8,36190.01,0.19,1.28,14.538,14.68,14.998,26198.07,24017.88,34760.1,15.05
2019-02-13,15.05,15.36,14.87,65731.73,0.21,1.4,14.748,14.719,14.998,35707.86,28906.04,35851.69,15.26
2019-02-14,15.26,15.48,15.1,52791.2,0.02,0.13,14.99,14.745,15.006,41059.69,31974.22,37112.05,15.28
2019-02-15,15.28,16.6,15.17,144392.11,0.51,3.34,15.248,14.84,15.015,64866.96,44374.73,41811.03,15.79
2019-02-18,16.0,16.43,15.86,139381.69,0.62,3.93,15.558,14.987,15.08,87697.35,55775.3,46566.88,16.41
2019-02-19,16.27,16.51,15.91,108385.36,-0.18,-1.1,15.794,15.166,15.099,102136.42,64167.24,47588.32,16.23
2019-02-20,16.13,16.19,15.88,61369.1,-0.18,-1.11,15.952,15.35,15.123,101263.89,68485.87,47360.59,16.05
2019-02-21,16.1,16.34,15.78,86445.25,-0.24,-1.5,16.058,15.524,15.155,107994.7,74527.2,49426.61,15.81
2019-02-22,15.82,16.25,15.81,76017.24,0.44,2.78,16.15,15.699,15.204,94319.73,79593.34,51766.31,16.25
2019-02-25,16.46,17.17,16.3,162447.69,0.77,4.74,16.272,15.915,15.29,98932.93,93315.14,58396.41,17.02
2019-02-26,16.98,18.42,16.43,213151.92,0.35,2.06,16.5,16.147,15.414,119886.24,111011.33,67514.6,17.37
2019-02-27,17.31,17.97,16.92,161783.91,-0.28,-1.61,16.708,16.33,15.525,139969.2,120616.55,74761.29,17.09
2019-02-28,17.25,17.4,16.83,76110.11,0.09,0.53,16.982,16.52,15.633,137902.17,122948.44,77461.33,17.18
2019-03-01,17.31,17.58,17.0,95531.21,0.38,2.21,17.244,16.697,15.769,141804.97,118062.35,81218.54,17.56
2019-03-04,17.72,18.42,17.72,186939.59,0.45,2.56,17.442,16.857,15.922,146703.35,122818.14,89296.72,18.01
2019-03-05,18.39,19.12,18.21,244175.2,1.03,5.72,17.776,17.138,16.152,152908.0,136397.12,100282.18,19.04
2019-03-06,19.42,19.42,18.4,214497.84,-0.11,-0.58,18.144,17.426,16.388,163450.79,151710.0,110097.94,18.93
2019-03-07,18.8,19.45,18.43,195154.45,-0.02,-0.11,18.49,17.736,16.63,187259.66,162580.92,118554.06,18.91
2019-03-08,18.42,19.25,18.12,170138.8,-0.79,-4.18,18.602,17.923,16.811,202181.18,171993.07,125793.21,18.12
2019-03-11,18.43,19.0,18.16,191727.02,0.76,4.19,18.776,18.109,17.012,203138.66,174921.01,134118.07,18.88
2019-03-12,19.2,19.32,18.41,226789.23,-0.01,-0.05,18.742,18.259,17.203,199661.47,176284.74,143648.03,18.87
2019-03-13,18.8,18.8,17.68,167687.19,-1.03,-5.46,18.524,18.334,17.332,190299.34,176875.06,148745.81,17.84
2019-03-14,17.6,18.05,16.9,116179.46,-0.68,-3.81,18.174,18.332,17.426,174504.34,180882.0,151915.22,17.16
2019-03-15,17.28,17.43,17.02,78944.5,0.08,0.47,17.998,18.3,17.499,156265.48,179223.33,148642.84,17.24
2019-03-18,17.32,17.59,16.8,100117.9,0.33,1.91,17.736,18.256,17.557,137943.66,170541.16,146679.65,17.57
2019-03-19,17.5,18.29,17.38,158416.88,0.72,4.1,17.62,18.181,17.66,124269.19,161965.33,149181.22,18.29
2019-03-20,18.4,18.43,17.45,136268.41,-0.45,-2.46,17.62,18.072,17.749,117985.43,154142.38,152926.19,17.84
2019-03-21,17.74,18.24,17.74,108881.4,0.01,0.06,17.758,17.966,17.851,116525.82,145515.08,154048.0,17.85
2019-03-22,17.8,17.89,17.32,82849.82,-0.27,-1.51,17.826,17.912,17.918,117306.88,136786.18,154389.63,17.58
2019-03-25,17.25,17.58,17.13,64985.64,-0.26,-1.48,17.776,17.756,17.933,110280.43,124112.04,149516.52,17.32
2019-03-26,17.42,17.63,17.05,78784.03,-0.24,-1.39,17.534,17.577,17.918,94353.86,109311.52,142798.13,17.08
2019-03-27,17.25,17.33,16.77,60507.1,0.05,0.29,17.392,17.506,17.92,79201.6,98593.51,137734.29,17.13
2019-03-28,17.05,17.38,16.86,59333.33,-0.25,-1.46,17.198,17.478,17.905,69291.98,92908.9,136895.45,16.88
2019-03-29,16.83,17.43,16.77,72560.72,0.51,3.02,17.16,17.493,17.897,67234.16,92270.52,135746.93,17.39
2019-04-01,17.63,18.1,17.55,123119.52,0.69,3.97,17.312,17.544,17.9,78860.94,94570.69,132555.92,18.08
2019-04-02,18.16,18.26,17.88,109468.68,-0.09,-0.5,17.494,17.514,17.848,84997.87,89675.87,125820.6,17.99
2019-04-03,17.88,18.35,17.7,110731.84,0.16,0.89,17.698,17.545,17.809,95042.82,87122.21,120632.3,18.15
2019-04-04,18.4,18.77,18.21,161893.36,0.1,0.55,17.972,17.585,17.776,115554.82,92423.4,118969.24,18.25
2019-04-08,18.42,18.43,17.43,136242.03,-0.68,-3.73,18.008,17.584,17.748,128291.09,97762.63,117274.4,17.57
2019-04-09,17.51,18.2,17.4,111747.41,0.13,0.74,17.932,17.622,17.689,126016.66,102438.8,113275.42,17.7
2019-04-10,17.3,17.3,16.77,180851.02,-0.75,-4.24,17.724,17.609,17.593,140293.13,112645.5,110978.51,16.95
2019-04-11,16.99,17.03,16.52,97305.0,-0.41,-2.42,17.402,17.55,17.528,137607.76,116325.29,107459.4,16.54
2019-04-12,16.6,16.68,16.42,58031.98,0.12,0.73,17.084,17.528,17.503,116835.49,116195.16,104552.03,16.66
2019-04-15,16.88,16.98,16.51,64463.46,-0.11,-0.66,16.88,17.444,17.469,102479.77,115385.43,103827.98,16.55
2019-04-16,16.46,16.92,16.35,65515.6,0.37,2.24,16.724,17.328,17.436,93233.41,109625.04,102097.86,16.92
2019-04-17,16.93,17.06,16.8,68035.53,-0.06,-0.35,16.706,17.215,17.365,70670.31,105481.72,97578.79,16.86
2019-04-18,16.8,16.89,16.66,46750.03,-0.19,-1.13,16.732,17.067,17.306,60559.32,99083.54,93102.88,16.67
2019-04-19,16.65,16.8,16.58,39966.22,0.12,0.72,16.758,16.921,17.253,56946.17,86890.83,89657.12,16.79
2019-04-22,16.83,16.91,16.51,46643.71,-0.25,-1.49,16.756,16.818,17.201,53382.22,77931.0,87846.81,16.54
2019-04-23,16.56,16.62,16.21,41745.1,-0.21,-1.27,16.638,16.681,17.152,48628.12,70930.77,86684.78,16.33
2019-04-24,16.39,16.59,16.25,46035.55,0.26,1.59,16.584,16.645,17.127,44228.12,57449.22,85047.36,16.59
2019-04-25,16.5,16.57,15.86,66794.4,-0.71,-4.28,16.426,16.579,17.065,48237.0,54398.16,85361.72,15.88
2019-04-26,15.82,15.82,15.45,61365.13,-0.28,-1.76,16.188,16.473,17.001,52516.78,54731.47,85463.31,15.6
2019-04-29,15.5,15.65,14.72,62666.0,-0.88,-5.64,15.824,16.29,16.867,55721.24,54551.73,84968.58,14.72
2019-04-30,14.68,15.09,14.68,41212.81,0.37,2.51,15.576,16.107,16.718,55614.78,52121.45,80873.24,15.09
2019-05-06,14.56,14.68,13.81,66455.72,-1.22,-8.09,15.032,15.808,16.512,59698.81,51963.47,78722.6,13.87
2019-05-07,13.99,14.23,13.91,39819.2,0.29,2.09,14.688,15.557,16.312,54303.77,51270.38,75176.96,14.16
2019-05-08,13.92,14.33,13.78,36453.28,-0.02,-0.14,14.396,15.292,16.107,49321.4,50919.09,68904.96,14.14
2019-05-09,14.06,14.24,14.02,27407.59,-0.06,-0.42,14.268,15.046,15.932,42269.72,48995.48,63463.24,14.08
2019-05-10,14.21,14.57,13.9,53426.8,0.46,3.27,14.158,14.867,15.774,44712.52,50163.65,60547.21,14.54
2019-05-13,14.4,14.53,14.26,28375.56,-0.21,-1.44,14.25,14.641,15.643,37096.49,48397.65,52923.43,14.33
2019-05-14,14.23,14.49,14.1,28456.38,-0.14,-0.98,14.256,14.472,15.526,34823.92,44563.85,49481.0,14.19
2019-05-15,14.3,14.45,14.25,46812.96,0.19,1.34,14.304,14.35,15.412,36895.86,43108.63,48920.05,14.38
2019-05-16,14.49,15.82,14.29,289936.38,1.44,10.01,14.652,14.46,15.375,89401.62,65835.67,60193.7,15.82
2019-05-17,15.11,15.6,14.8,181217.52,-0.96,-6.07,14.716,14.437,15.272,114959.76,79836.14,65978.79,14.86
2019-05-20,14.84,15.28,14.52,92768.4,0.38,2.56,14.898,14.574,15.191,127838.33,82467.41,67215.44,15.24
2019-05-21,15.07,15.53,15.01,94889.65,0.1,0.66,15.128,14.692,15.125,141124.98,87974.45,69622.42,15.34
2019-05-22,15.34,15.35,14.81,74216.61,-0.29,-1.89,15.262,14.783,15.038,146605.71,91750.79,71334.94,15.05
2019-05-23,14.95,14.95,14.36,59035.26,-0.63,-4.19,14.982,14.817,14.932,100425.49,94913.55,71954.52,14.42
2019-05-24,14.3,14.69,14.3,36554.6,0.08,0.56,14.91,14.813,14.84,71492.9,93226.33,71694.99,14.5
2019-05-27,14.57,14.95,14.37,65595.35,0.44,3.03,14.85,14.874,14.758,66058.29,96948.31,72672.98,14.94
2019-05-28,14.94,14.98,14.63,50058.0,-0.23,-1.54,14.724,14.926,14.699,57091.96,99108.47,71836.16,14.71
2019-05-29,14.59,14.78,14.5,39624.0,-0.09,-0.61,14.638,14.95,14.65,50173.44,98389.58,70749.1,14.62
2019-05-30,14.58,14.61,14.16,40021.02,-0.29,-1.98,14.62,14.801,14.631,46370.59,73398.04,69616.85,14.33
2019-05-31,14.4,14.57,14.33,29275.02,0.08,0.56,14.602,14.756,14.597,44914.68,58203.79,69019.97,14.41
2019-06-03,14.42,14.51,14.1,34045.5,-0.18,-1.25,14.46,14.655,14.615,38604.71,52331.5,67399.45,14.23
2019-06-04,14.23,14.99,14.1,65173.4,0.28,1.97,14.42,14.572,14.632,41627.79,49359.88,68667.16,14.51
2019-06-05,14.55,14.83,14.42,45796.38,0.08,0.55,14.414,14.526,14.655,42862.26,46517.85,69134.32,14.59
2019-06-06,14.58,14.58,14.17,32373.68,-0.41,-2.81,14.384,14.502,14.66,41332.8,43851.7,69382.62,14.18
2019-06-10,14.19,14.38,14.16,27666.73,0.18,1.27,14.374,14.488,14.651,41011.14,42962.91,68094.62,14.36
2019-06-11,14.37,14.85,14.2,59375.17,0.43,2.99,14.486,14.473,14.674,46077.07,42340.89,69644.6,14.79
2019-06-12,14.75,14.88,14.55,44366.46,-0.21,-1.42,14.5,14.46,14.693,41915.68,41771.74,70440.1,14.58
2019-06-13,14.51,14.53,14.15,66538.66,-0.28,-1.92,14.442,14.428,14.689,46064.14,44463.2,71426.39,14.3
2019-06-14,14.35,14.35,13.76,69738.0,-0.48,-3.36,14.37,14.377,14.589,53537.0,47434.9,60416.47,13.82
2019-06-17,13.82,13.87,13.27,73609.9,-0.31,-2.24,14.2,14.287,14.522,62725.64,51868.39,55036.09,13.51
2019-06-18,13.47,14.36,13.3,102194.55,0.63,4.66,14.07,14.278,14.467,71289.51,58683.29,55507.4,14.14
2019-06-19,14.37,14.42,13.92,94384.59,-0.21,-1.49,13.94,14.22,14.396,81293.14,61604.41,55482.14,13.93
2019-06-20,13.73,13.94,13.53,89162.51,-0.06,-0.43,13.854,14.148,14.337,85817.91,65941.03,56229.44,13.87
2019-06-21,14.03,14.26,13.92,92057.31,0.26,1.88,13.916,14.143,14.323,90281.77,71909.39,57880.54,14.13
2019-06-24,14.12,14.12,13.79,48735.94,-0.27,-1.91,13.986,14.093,14.291,85306.98,74016.31,58489.61,13.86
2019-06-25,13.87,13.91,13.56,36174.0,-0.16,-1.15,13.898,13.984,14.229,72102.87,71696.19,57018.54,13.7
2019-06-26,13.6,14.11,13.55,44458.07,0.11,0.8,13.874,13.907,14.184,62117.57,71705.35,56738.54,13.81
2019-06-27,13.75,13.91,13.51,81125.27,-0.26,-1.88,13.81,13.832,14.13,60510.12,73164.01,58813.61,13.55
2019-06-28,13.46,13.55,12.81,105534.36,-0.53,-3.91,13.588,13.752,14.065,63205.53,76743.65,62089.28,13.02
2019-07-01,13.27,13.34,13.14,95759.0,0.2,1.54,13.46,13.723,14.005,72610.14,78958.56,65413.47,13.22
2019-07-02,13.21,13.29,12.96,73916.98,-0.17,-1.29,13.33,13.614,13.946,80158.74,76130.8,67407.05,13.05
2019-07-03,13.04,13.04,12.74,67852.0,-0.23,-1.76,13.132,13.503,13.862,84837.52,73477.54,67540.98,12.82
2019-07-04,12.82,12.92,12.32,116293.07,-0.42,-3.28,12.902,13.356,13.752,91871.08,76190.6,71065.81,12.4
2019-07-05,12.42,12.58,12.1,130204.97,-0.05,-0.4,12.768,13.178,13.661,96805.2,80005.37,75957.38,12.35
2019-07-08,12.32,12.47,11.62,129588.49,-0.56,-4.53,12.482,12.971,13.532,103571.1,88090.62,81053.47,11.79
2019-07-09,11.8,11.88,11.69,55433.09,0.06,0.51,12.242,12.786,13.385,99874.32,90016.53,80856.36,11.85
2019-07-10,11.85,11.92,11.7,45098.4,-0.15,-1.27,12.018,12.575,13.241,95323.6,90080.56,80892.96,11.7
2019-07-11,11.75,11.86,11.6,47444.31,-0.01,-0.09,11.876,12.389,13.111,81553.85,86712.47,79938.24,11.69
2019-07-12,11.71,11.77,11.61,39203.91,-0.04,-0.34,11.736,12.252,13.002,63353.64,80079.42,78411.54,11.65
2019-07-15,11.6,11.77,11.13,87919.23,0.12,1.03,11.732,12.107,12.915,55019.79,79295.45,79127.0,11.77
2019-07-16,11.73,11.82,11.58,47819.75,-0.08,-0.68,11.684,11.963,12.789,53497.12,76685.72,76408.26,11.61
2019-07-17,11.68,12.6,11.61,122289.0,0.33,2.84,11.732,11.875,12.689,68935.24,82129.42,77803.48,11.94
2019-07-18,11.8,11.92,11.59,64536.0,-0.35,-2.93,11.712,11.794,12.575,72353.58,76953.72,76572.16,11.59
2019-07-19,11.58,11.95,11.58,52832.0,0.15,1.29,11.73,11.733,12.456,75079.2,69216.42,74610.89,11.74
2019-07-22,11.8,11.82,11.33,55490.65,-0.37,-3.15,11.65,11.691,12.331,68593.48,61806.63,74948.63,11.37
2019-07-23,11.38,11.45,11.3,30741.09,0.03,0.26,11.608,11.646,12.216,65177.75,59337.43,74676.98,11.4
2019-07-24,11.45,11.88,11.43,66354.19,0.33,2.9,11.566,11.649,12.112,53990.79,61463.01,75771.79,11.73
2019-07-25,11.7,11.83,11.64,42707.69,0.01,0.09,11.596,11.654,12.022,49625.12,60989.35,73850.91,11.74
2019-07-26,11.74,11.83,11.67,37459.26,-0.06,-0.51,11.584,11.657,11.955,46550.58,60814.89,70447.15,11.68
2019-07-29,11.73,11.76,11.62,32967.0,0.05,0.43,11.656,11.653,11.88,42045.85,55319.66,67307.55,11.73
2019-07-30,11.77,12.08,11.74,71198.0,0.14,1.19,11.75,11.679,11.821,50137.23,57657.49,67171.61,11.87
2019-07-31,11.84,12.39,11.67,118611.8,0.09,0.76,11.796,11.681,11.778,60588.75,57289.77,69709.6,11.96
2019-08-01,11.77,11.9,11.72,55234.0,-0.13,-1.09,11.814,11.705,11.75,63094.01,56359.57,66656.64,11.83
2019-08-02,11.55,11.88,11.42,61856.41,-0.29,-2.45,11.786,11.685,11.709,67973.44,57262.01,63239.21,11.54
2019-08-05,11.55,11.64,11.16,63744.0,-0.36,-3.12,11.676,11.666,11.679,74128.84,58087.34,59946.99,11.18
2019-08-06,10.89,10.89,10.1,111158.77,-0.88,-7.87,11.362,11.556,11.601,82121.0,66129.11,62733.27,10.3
2019-08-07,10.4,10.45,10.15,49140.37,-0.09,-0.87,11.012,11.404,11.527,68226.71,64407.73,62935.37,10.21
2019-08-08,10.26,10.42,10.26,41892.37,0.08,0.78,10.704,11.259,11.457,65558.38,64326.2,62657.77,10.29
2019-08-09,10.37,10.44,9.99,78509.23,-0.26,-2.53,10.402,11.094,11.376,68888.95,68431.2,64623.04,10.03
2019-08-12,10.1,10.42,9.99,72633.26,0.31,3.09,10.234,10.955,11.304,70666.8,72397.82,63858.74,10.34
2019-08-13,10.25,10.44,10.15,49089.69,-0.07,-0.68,10.228,10.795,11.237,58252.98,70186.99,63922.24,10.27
2019-08-14,10.43,10.58,10.21,77701.93,0.02,0.2,10.244,10.628,11.155,63965.3,66096.0,61692.89,10.29
2019-08-15,9.99,10.35,9.9,94954.19,0.02,0.19,10.248,10.476,11.091,74577.66,70068.02,63213.8,10.31
2019-08-16,10.29,10.75,10.25,129044.43,0.2,1.94,10.344,10.373,11.029,84684.7,76786.82,67024.42,10.51
2019-08-19,10.71,11.09,10.61,163335.34,0.58,5.52,10.494,10.364,11.015,102825.12,86745.96,72416.65,11.09
2019-08-20,11.06,11.34,10.99,147860.67,0.05,0.45,10.668,10.448,11.002,122579.31,90416.15,78272.63,11.14
2019-08-21,11.14,11.21,11.03,85960.4,-0.07,-0.63,10.824,10.534,10.969,124231.01,94098.15,79252.94,11.07
2019-08-22,11.1,11.27,11.06,83774.37,0.07,0.63,10.99,10.619,10.939,121995.04,98286.35,81306.27,11.14
2019-08-23,11.16,11.24,10.95,85536.21,-0.1,-0.9,11.096,10.72,10.907,113293.4,98989.05,83710.12,11.04
2019-08-26,10.6,11.38,10.55,147838.0,0.06,0.54,11.098,10.796,10.876,110193.93,106509.52,89453.67,11.1
2019-08-27,11.23,11.54,11.06,202140.78,0.39,3.51,11.168,10.918,10.857,121049.95,121814.63,96000.81,11.49
2019-08-28,11.6,11.6,11.26,177156.41,-0.14,-1.22,11.224,11.024,10.826,139289.15,131760.08,98928.04,11.35
2019-08-29,11.28,11.4,11.08,150367.41,-0.14,-1.23,11.238,11.114,10.795,152607.76,137301.4,103684.71,11.21
2019-08-30,11.36,11.36,10.8,120329.06,-0.35,-3.12,11.202,11.149,10.761,159566.33,136429.87,106608.34,10.86
2019-09-02,10.89,11.39,10.89,150830.27,0.44,4.05,11.242,11.17,10.767,160164.79,135179.36,110962.66,11.3
2019-09-03,11.4,11.54,11.19,165534.06,0.12,1.06,11.228,11.198,10.823,152843.44,136946.7,113681.42,11.42
2019-09-04,11.47,11.7,11.34,188564.2,0.25,2.19,11.292,11.258,10.896,155125.0,147207.08,120652.61,11.67
2019-09-05,11.74,12.1,11.61,225033.59,0.06,0.51,11.396,11.317,10.968,170058.24,161333.0,129809.68,11.73
2019-09-06,11.92,12.26,11.75,194326.94,0.21,1.79,11.612,11.407,11.064,184857.81,172212.07,135600.56,11.94
2019-09-09,12.06,12.45,11.9,217884.42,0.48,4.02,11.836,11.539,11.168,198268.64,179216.71,142863.12,12.42
2019-09-10,12.39,12.39,12.03,174603.56,-0.25,-2.01,11.986,11.607,11.263,200082.54,176462.99,149138.81,12.17
2019-09-11,12.22,12.29,12.1,118142.21,-0.04,-0.33,12.078,11.685,11.355,185998.14,170561.57,151160.83,12.13
2019-09-12,12.14,12.45,12.04,139658.62,0.31,2.56,12.22,11.808,11.461,168923.15,169490.69,153396.05,12.44
2019-09-16,12.32,12.63,12.3,144709.81,-0.07,-0.56,12.306,11.959,11.554,158999.72,171928.77,154179.32,12.37
2019-09-17,12.3,12.31,11.75,156566.31,-0.55,-4.45,12.186,12.011,11.591,146736.1,172502.37,153840.87,11.82
2019-09-18,11.87,11.96,11.71,76842.3,-0.02,-0.17,12.112,12.049,11.624,127183.85,163633.2,150289.95,11.8
2019-09-19,11.84,11.98,11.76,69386.32,0.17,1.44,12.08,12.079,11.669,117432.67,151715.41,149461.24,11.97
2019-09-20,11.98,12.17,11.88,82423.86,-0.03,-0.25,11.98,12.1,11.709,105985.72,137454.44,149393.72,11.94
2019-09-23,11.86,11.88,11.55,88611.8,-0.25,-2.09,11.844,12.075,11.741,94766.12,126882.92,149547.5,11.69
2019-09-24,11.63,11.96,11.63,100157.35,0.01,0.09,11.82,12.003,11.771,83484.33,115110.21,147163.46,11.7
2019-09-25,11.57,12.27,11.5,165461.31,-0.1,-0.85,11.78,11.946,11.777,101208.13,114195.99,145329.49,11.6
2019-09-26,11.53,11.66,10.84,154157.8,-0.76,-6.55,11.554,11.817,11.751,118162.42,117797.55,144179.56,10.84
2019-09-27,10.86,11.14,10.71,78253.31,0.14,1.29,11.362,11.671,11.74,117328.31,111657.02,140573.86,10.98
2019-09-30,10.9,11.02,10.66,61214.39,-0.32,-2.91,11.156,11.5,11.73,111848.83,103307.48,137618.12,10.66
2019-10-08,10.66,10.89,10.63,40870.39,-0.01,-0.09,10.946,11.383,11.697,99991.44,91737.88,132120.13,10.65
2019-10-09,10.6,10.82,10.54,40839.46,0.11,1.03,10.778,11.279,11.664,75067.07,88137.6,125885.4,10.76
2019-10-10,10.76,10.94,10.72,48303.28,0.17,1.58,10.796,11.175,11.627,53896.17,86029.3,118872.35,10.93
2019-10-11,10.91,10.95,10.7,52947.0,-0.14,-1.28,10.758,11.06,11.58,48834.9,83081.61,110268.02,10.79
2019-10-14,10.99,11.06,10.87,64661.42,0.16,1.48,10.816,10.986,11.531,49524.31,80686.57,103784.75,10.95
2019-10-15,10.53,10.55,9.93,152844.88,-0.89,-8.13,10.698,10.822,11.413,71919.21,85955.32,100532.77,10.06
2019-10-16,10.06,10.39,10.0,73892.84,0.06,0.6,10.57,10.674,11.31,78529.88,76798.48,95497.23,10.12
2019-10-17,10.07,10.22,9.99,58499.61,-0.11,-1.09,10.386,10.591,11.204,80569.15,67232.66,92515.1,10.01
2019-10-18,10.1,10.18,9.93,64205.3,-0.04,-0.4,10.222,10.49,11.081,82820.81,65827.86,88742.44,9.97
2019-10-21,9.97,10.1,9.85,41336.28,0.13,1.3,10.052,10.434,10.967,78155.78,63840.05,83573.76,10.1
2019-10-22,10.2,10.2,10.05,44592.18,0.06,0.59,10.072,10.385,10.884,56505.24,64212.23,77975.05,10.16
2019-10-23,10.13,10.17,10.0,37070.86,-0.14,-1.38,10.052,10.311,10.795,49140.85,63835.37,75986.48,10.02
2019-10-24,10.02,10.08,9.96,26841.16,-0.02,-0.2,10.05,10.218,10.697,42809.16,61689.15,73859.22,10.0
2019-10-25,10.0,10.05,9.87,48936.37,-0.01,-0.1,10.054,10.138,10.599,39755.37,61288.09,72184.85,9.99
2019-10-28,10.09,10.64,10.06,143896.52,0.6,6.01,10.152,10.102,10.544,60267.42,69211.6,74949.09,10.59
2019-10-29,10.46,10.81,10.46,105884.71,0.0,0.0,10.238,10.155,10.489,72525.92,64515.58,75235.45,10.59
2019-10-30,10.47,10.77,10.31,80838.77,0.06,0.57,10.364,10.208,10.441,81279.51,65210.18,71004.33,10.65
2019-10-31,10.65,10.75,10.5,54049.0,-0.14,-1.31,10.466,10.258,10.425,86721.07,64765.12,65998.89,10.51
2019-11-01,10.51,10.89,10.32,92441.15,0.38,3.62,10.646,10.35,10.42,95422.03,67588.7,66708.28,10.89
2019-11-04,10.89,10.95,10.57,108268.18,-0.17,-1.56,10.672,10.412,10.423,88296.36,74281.89,69060.97,10.72
2019-11-05,10.65,10.81,9.94,191985.81,-0.67,-6.25,10.564,10.401,10.393,105516.58,89021.25,76616.74,10.05
2019-11-06,10.02,10.02,9.43,146823.38,-0.46,-4.58,10.352,10.358,10.335,118713.5,99996.51,81915.94,9.59
2019-11-07,9.56,9.68,9.52,51021.79,-0.03,-0.31,10.162,10.314,10.266,118108.06,102414.57,82051.86,9.56
2019-11-08,9.58,9.68,9.48,49962.35,-0.07,-0.73,9.882,10.264,10.201,109612.3,102517.17,81902.63,9.49
2019-11-11,9.48,9.48,9.23,49545.01,-0.19,-2.0,9.598,10.135,10.119,97867.67,93082.02,81146.81,9.3
2019-11-12,9.32,9.41,9.23,35197.42,0.11,1.18,9.47,10.017,10.086,66509.99,86013.29,75264.43,9.41
2019-11-13,9.4,9.41,9.28,26743.23,-0.1,-1.06,9.414,9.883,10.046,42493.96,80603.73,72906.95,9.31
2019-11-14,9.34,9.37,9.25,36649.41,-0.04,-0.43,9.356,9.759,10.009,39619.48,78863.77,71814.44,9.27
2019-11-15,9.26,9.35,9.15,35373.63,-0.12,-1.29,9.288,9.585,9.968,36701.74,73157.02,70372.86,9.15
2019-11-18,9.12,9.22,9.01,37858.37,-0.08,-0.87,9.242,9.42,9.916,34364.41,66116.04,70198.97,9.07
2019-11-19,9.07,9.2,9.04,61429.14,0.12,1.32,9.198,9.334,9.868,39610.76,53060.37,71040.81,9.19
2019-11-20,9.17,9.17,8.96,62052.75,-0.15,-1.63,9.144,9.279,9.819,46672.66,44583.31,72289.91,9.04
2019-11-21,9.01,9.06,8.92,39150.36,-0.06,-0.66,9.086,9.221,9.768,47172.85,43396.17,72905.37,8.98
2019-11-22,8.97,9.07,8.73,61685.11,-0.17,-1.89,9.018,9.153,9.709,52435.15,44568.44,73542.8,8.81
2019-11-25,8.85,8.86,8.72,39943.52,-0.02,-0.23,8.962,9.102,9.619,52852.18,43608.29,68345.15,8.79
2019-11-26,8.82,8.86,8.75,28039.42,-0.03,-0.34,8.876,9.037,9.527,46174.23,42892.49,64452.89,8.76
2019-11-27,8.75,8.84,8.63,41104.61,0.03,0.34,8.826,8.985,9.434,41984.6,44328.63,62466.18,8.79
2019-11-28,8.8,8.8,8.6,37386.79,-0.12,-1.36,8.764,8.925,9.342,41631.89,44402.37,61633.07,8.67
2019-11-29,8.66,8.74,8.6,30851.32,0.0,0.0,8.736,8.877,9.231,35465.13,43950.14,58553.58,8.67
2019-12-02,8.7,8.77,8.64,30925.2,0.04,0.46,8.72,8.841,9.131,33661.47,43256.82,54686.43,8.71
2019-12-03,8.68,8.83,8.65,51715.11,0.12,1.38,8.734,8.805,9.07,38396.61,42285.42,47672.9,8.83
2019-12-04,8.78,8.89,8.73,41631.88,0.04,0.45,8.75,8.788,9.034,38502.06,40243.33,42413.32,8.87
2019-12-05,8.86,8.95,8.84,44079.28,0.04,0.45,8.798,8.781,9.001,39840.56,40736.22,42066.2,8.91
2019-12-06,8.9,9.07,8.87,66150.59,0.13,1.46,8.872,8.804,8.979,46900.41,41182.77,42875.61,9.04
2019-12-09,9.09,9.11,8.98,42230.32,-0.04,-0.44,8.93,8.825,8.964,49161.44,41411.45,42509.87,9.0
2019-12-10,8.95,9.1,8.86,53134.69,0.1,1.11,8.984,8.859,8.948,49445.35,43920.98,43406.74,9.1
2019-12-11,9.11,9.11,8.9,43223.0,-0.2,-2.2,8.99,8.87,8.928,49763.58,44132.82,44230.73,8.9
2019-12-12,8.88,9.03,8.88,36237.32,0.03,0.34,8.994,8.896,8.911,48195.18,44017.87,44210.12,8.93
2019-12-13,8.97,9.2,8.96,87386.48,0.24,2.69,9.02,8.946,8.912,52442.36,49671.39,46810.76,9.17
2019-12-16,9.2,9.33,9.14,65877.01,0.14,1.53,9.082,9.006,8.924,57171.7,53166.57,48211.7,9.31
2019-12-17,9.3,9.53,9.3,82257.13,0.11,1.18,9.146,9.065,8.935,62996.19,56220.77,49253.09,9.42
2019-12-18,9.43,10.2,9.39,180147.64,0.28,2.97,9.306,9.148,8.968,90381.12,70072.35,55157.84,9.7
2019-12-19,9.62,9.83,9.55,82738.07,0.02,0.21,9.464,9.229,9.005,99681.27,73938.23,57337.22,9.72
2019-12-20,9.71,9.85,9.47,87957.92,-0.22,-2.26,9.53,9.275,9.04,99795.55,76118.96,58650.87,9.5
2019-12-23,9.45,9.56,9.14,60391.98,-0.33,-3.47,9.502,9.292,9.059,98698.55,77935.12,59673.29,9.17
2019-12-24,9.17,9.31,9.15,43226.67,0.12,1.31,9.476,9.311,9.085,90892.46,76944.32,60432.65,9.29
2019-12-25,9.29,9.34,9.18,43255.8,-0.02,-0.21,9.39,9.348,9.109,63514.09,76947.6,60540.21,9.27
2019-12-26,9.27,9.53,9.23,71833.02,0.24,2.59,9.348,9.406,9.151,61333.08,80507.17,62262.52,9.51
2019-12-27,9.49,9.56,9.3,60902.95,-0.16,-1.68,9.318,9.424,9.185,55922.08,77858.82,63765.1,9.35
2019-12-30,9.29,9.35,9.12,45674.59,-0.02,-0.21,9.35,9.426,9.216,52978.61,75838.58,64502.57,9.33
2019-12-31,9.49,9.54,8.4,64269.97,0.0,0.0,9.358,9.417,9.241,57187.27,74039.86,65130.32,9.33
2020-01-02,9.35,9.57,9.35,82227.23,0.2,2.14,9.41,9.4,9.274,64981.55,64247.82,67160.08,9.53
2020-01-03,9.53,9.65,9.5,62386.24,0.07,0.73,9.428,9.388,9.309,63092.2,62212.64,68075.43,9.6
2020-01-06,9.59,10.08,9.53,166052.27,0.25,2.6,9.528,9.423,9.349,84122.06,70022.07,73070.52,9.85
2020-01-07,9.84,9.94,9.75,90825.6,0.04,0.41,9.64,9.495,9.394,93152.26,73065.43,75500.28,9.89
2020-01-08,9.8,10.06,9.77,108730.08,-0.03,-0.3,9.746,9.552,9.432,102044.28,79615.78,78280.05,9.86
2020-01-09,9.95,10.1,9.88,116427.79,0.22,2.23,9.856,9.633,9.491,108884.4,86932.97,81940.29,10.08
2020-01-10,10.11,10.16,9.72,109663.89,-0.26,-2.58,9.9,9.664,9.535,118339.93,90716.06,85611.62,9.82
2020-01-13,9.82,9.83,9.57,97132.48,-0.09,-0.92,9.876,9.702,9.563,104555.97,94339.01,86098.92,9.73
2020-01-14,9.72,9.85,9.6,119650.51,0.09,0.93,9.862,9.751,9.589,110320.95,101736.61,88787.59,9.82
2020-01-15,9.76,9.78,9.59,59911.35,-0.16,-1.63,9.822,9.784,9.601,100557.2,101300.74,87670.3,9.66
2020-01-16,9.7,9.72,9.53,48124.35,-0.12,-1.24,9.714,9.785,9.593,86896.52,97890.46,81069.14,9.54
2020-01-17,9.56,9.58,9.3,64084.54,-0.21,-2.2,9.616,9.758,9.573,77780.65,98060.29,80136.46,9.33
2020-01-20,8.4,8.59,8.4,181830.0,-0.93,-9.97,9.35,9.613,9.518,94720.15,99638.06,84830.07,8.4
2020-01-21,8.4,8.73,8.13,301044.03,0.2,2.38,9.106,9.484,9.49,130998.85,120659.9,96862.67,8.6
2020-01-22,8.55,8.57,8.32,140678.45,-0.15,-1.74,8.864,9.343,9.448,147152.27,123854.74,101735.26,8.45
2020-01-23,8.35,8.4,7.86,137237.72,-0.41,-4.85,8.564,9.139,9.386,164974.95,125935.73,106434.35,8.04
