date,open,high,low,volume,price_change,p_change,ma5,ma10,ma20,v_ma5,v_ma10,v_ma20,close
2017-07-25,7.29,7.32,7.12,1152941.5,-0.09,-1.24,7.2,7.2,7.2,1152941.5,1152941.5,1152941.5,7.2
2017-07-26,7.19,7.31,7.14,979791.12,0.01,0.14,7.205,7.205,7.205,1066366.31,1066366.31,1066366.31,7.21
2017-07-27,7.2,7.24,7.02,1131060.38,-0.16,-2.22,7.153,7.153,7.153,1087931.0,1087931.0,1087931.0,7.05
2017-07-28,7.05,7.14,7.04,611952.19,0.07,0.99,7.145,7.145,7.145,968936.3,968936.3,968936.3,7.12
2017-07-31,7.19,7.46,7.17,2025577.0,0.32,4.49,7.204,7.204,7.204,1180264.44,1180264.44,1180264.44,7.44
2017-08-01,7.43,7.6,7.39,1311720.25,0.0,0.0,7.252,7.243,7.243,1212020.19,1202173.74,1202173.74,7.44
2017-08-02,7.46,7.64,7.45,1514253.88,0.12,1.61,7.322,7.289,7.289,1318912.74,1246756.62,1246756.62,7.56
2017-08-03,7.5,7.86,7.48,1760737.25,0.21,2.78,7.466,7.349,7.349,1444848.11,1311004.2,1311004.2,7.77
2017-08-04,7.8,8.45,7.8,3084865.25,0.33,4.25,7.662,7.432,7.432,1939430.73,1508099.87,1508099.87,8.1
2017-08-07,8.43,8.77,8.12,3590413.75,0.54,6.67,7.902,7.553,7.553,2252398.08,1716331.26,1716331.26,8.64
2017-08-08,8.6,8.98,8.33,3327663.5,-0.17,-1.97,8.108,7.68,7.636,2655586.73,1933803.46,1862816.01,8.47
2017-08-09,8.49,8.71,8.27,2186413.0,0.17,2.01,8.324,7.823,7.72,2790018.55,2054465.65,1889782.42,8.64
2017-08-10,8.46,8.53,8.19,1603814.25,-0.42,-4.86,8.414,7.94,7.758,2758633.95,2101741.03,1867784.87,8.22
2017-08-11,8.06,8.22,7.61,2395604.0,-0.51,-6.2,8.336,7.999,7.755,2620781.7,2280106.21,1905486.24,7.71
2017-08-14,7.78,7.99,7.72,1682343.75,0.08,1.04,8.166,8.034,7.757,2239167.7,2245782.89,1890610.07,7.79
2017-08-15,7.69,7.94,7.53,1223527.88,0.03,0.39,8.036,8.072,7.761,1818340.58,2236963.65,1848917.43,7.82
2017-08-16,7.8,7.89,7.72,835966.5,0.02,0.26,7.876,8.1,7.766,1548251.28,2169134.91,1789332.09,7.84
2017-08-17,8.0,8.09,7.81,1204396.5,0.12,1.53,7.824,8.119,7.777,1468367.73,2113500.84,1756835.66,7.96
2017-08-18,7.9,7.9,7.7,839167.0,-0.14,-1.76,7.846,8.091,7.779,1157080.33,1888931.01,1708537.31,7.82
2017-08-21,7.87,8.14,7.81,1369956.12,0.31,3.96,7.914,8.04,7.797,1094602.8,1666885.25,1691608.25,8.13
2017-08-22,8.13,8.35,8.0,1134340.75,0.09,1.11,7.994,8.015,7.848,1076765.37,1447552.98,1690678.22,8.22
2017-08-23,8.0,8.1,7.87,955194.0,-0.31,-3.77,8.008,7.942,7.883,1100610.87,1324431.08,1689448.36,7.91
2017-08-24,7.94,8.13,7.94,825121.06,0.13,1.64,8.024,7.924,7.932,1024755.79,1246561.76,1674151.39,8.04
2017-08-25,7.96,8.24,7.93,1476560.12,0.04,0.5,8.076,7.961,7.98,1152234.41,1154657.37,1717381.79,8.08
2017-08-28,7.99,8.05,7.81,1525131.0,-0.08,-0.99,8.05,7.982,8.008,1183269.39,1138936.09,1692359.49,8.0
2017-08-29,7.97,8.18,7.87,1271848.62,-0.02,-0.25,8.002,7.998,8.035,1210770.96,1143768.17,1690365.91,7.98
2017-08-30,7.94,8.42,7.94,2064250.75,0.32,4.01,8.08,8.044,8.072,1432582.31,1266596.59,1717865.75,8.3
2017-08-31,8.25,8.36,8.04,1714289.25,-0.1,-1.21,8.112,8.068,8.094,1610415.95,1317585.87,1715543.35,8.2
2017-09-01,8.19,8.9,8.19,3038424.25,0.37,4.51,8.21,8.143,8.117,1922788.77,1537511.59,1713221.3,8.57
2017-09-04,8.72,8.88,8.36,2035450.0,0.07,0.82,8.338,8.194,8.117,2024852.57,1604060.98,1635473.12,8.64
2017-09-05,8.61,8.62,8.3,1166259.0,-0.25,-2.89,8.42,8.211,8.113,2003734.65,1607252.81,1527402.89,8.39
2017-09-06,8.3,8.54,8.27,851837.38,0.0,0.0,8.438,8.259,8.101,1761251.98,1596917.14,1460674.11,8.39
2017-09-07,8.38,8.38,8.12,1203059.62,-0.23,-2.74,8.43,8.271,8.098,1659006.05,1634711.0,1440636.38,8.16
2017-09-08,8.15,8.22,7.98,1149189.38,-0.14,-1.72,8.32,8.265,8.113,1281159.08,1601973.93,1378315.65,8.02
2017-09-11,7.95,7.99,7.8,1153811.62,-0.04,-0.5,8.188,8.263,8.123,1104831.4,1564841.99,1351889.04,7.98
2017-09-12,8.08,8.15,7.95,1113376.38,0.06,0.75,8.118,8.269,8.134,1094254.88,1548994.76,1346381.47,8.04
2017-09-13,8.05,8.16,7.95,1194957.0,0.01,0.12,8.05,8.244,8.144,1162878.8,1462065.39,1364330.99,8.05
2017-09-14,8.04,8.04,7.7,1877975.88,-0.29,-3.6,7.97,8.2,8.134,1297862.05,1478434.05,1398009.96,7.76
2017-09-15,7.76,7.77,7.32,2621720.75,-0.36,-4.64,7.846,8.083,8.113,1592368.33,1436763.7,1487137.65,7.4
2017-09-18,7.3,7.38,7.29,1261219.38,-0.03,-0.41,7.724,7.956,8.075,1613849.88,1359340.64,1481700.81,7.37
2017-09-19,7.41,7.43,7.33,939271.81,-0.01,-0.14,7.588,7.853,8.032,1579028.96,1336641.92,1471947.36,7.36
2017-09-20,7.36,7.45,7.33,888160.75,0.07,0.95,7.464,7.757,8.008,1517669.71,1340274.26,1468595.7,7.43
2017-09-21,7.42,7.45,7.31,935652.12,-0.11,-1.48,7.376,7.673,7.972,1329204.96,1313533.51,1474122.25,7.32
2017-09-22,7.18,7.24,7.06,1371284.25,-0.15,-2.05,7.33,7.588,7.927,1079117.66,1335742.99,1468858.46,7.17
2017-09-25,7.15,7.21,7.11,558306.19,-0.04,-0.56,7.282,7.503,7.883,938535.02,1276192.45,1420517.22,7.13
2017-09-26,7.12,7.33,7.12,796487.62,0.14,1.96,7.264,7.426,7.848,909978.19,1244503.58,1396749.17,7.27
2017-09-27,7.36,7.49,7.34,1255824.38,0.19,2.61,7.27,7.367,7.806,983510.91,1250590.31,1356327.85,7.46
2017-09-28,7.44,7.44,7.32,621502.94,-0.12,-1.61,7.274,7.325,7.763,920681.08,1124943.02,1301688.54,7.34
2017-09-29,7.33,7.45,7.32,356910.22,0.05,0.68,7.318,7.324,7.704,717806.27,898461.97,1167612.83,7.39
2017-10-09,7.53,7.58,7.44,698926.06,0.07,0.95,7.384,7.333,7.645,745930.24,842232.63,1100786.64,7.46
2017-10-10,7.43,7.44,7.3,643872.88,-0.12,-1.61,7.398,7.331,7.592,715407.3,812692.74,1074667.33,7.34
2017-10-11,7.34,7.36,7.16,757991.12,-0.06,-0.82,7.362,7.316,7.537,615840.64,799675.78,1069975.02,7.28
2017-10-12,7.28,7.38,7.23,676551.81,0.09,1.24,7.368,7.321,7.497,626850.42,773765.75,1043649.63,7.37
2017-10-13,7.39,7.54,7.37,992075.62,0.16,2.17,7.396,7.357,7.473,753883.5,735844.88,1035793.94,7.53
2017-10-16,7.57,7.69,7.55,1003146.56,0.08,1.06,7.426,7.405,7.454,814727.6,780328.92,1028260.69,7.61
2017-10-17,7.58,7.59,7.46,567920.81,-0.13,-1.71,7.454,7.426,7.426,799537.18,757472.24,1000987.91,7.48
2017-10-18,7.48,7.54,7.34,493516.91,-0.08,-1.07,7.478,7.42,7.394,746642.34,681241.49,965915.9,7.4
2017-10-19,7.34,7.46,7.31,732520.81,0.05,0.68,7.494,7.431,7.378,757836.14,692343.28,908643.15,7.45
2017-10-20,7.42,7.56,7.39,488057.91,0.1,1.34,7.498,7.447,7.386,657032.6,705458.05,801960.01,7.55
2017-10-23,7.53,7.57,7.46,425320.97,-0.03,-0.4,7.48,7.453,7.393,541467.48,678097.54,760165.09,7.52
2017-10-24,7.5,7.66,7.5,926917.88,0.13,1.73,7.514,7.484,7.408,613266.9,706402.04,759547.39,7.65
2017-10-25,7.63,7.73,7.63,588777.06,0.06,0.78,7.576,7.527,7.422,632318.93,689480.63,744578.21,7.71
2017-10-26,7.68,7.95,7.65,1045020.75,0.15,1.95,7.658,7.576,7.449,694818.91,726327.53,750046.64,7.86
2017-10-27,7.9,7.97,7.68,847909.5,-0.16,-2.04,7.688,7.593,7.475,766789.23,711910.92,723877.9,7.7
2017-10-30,7.82,7.87,7.55,1082511.0,0.01,0.13,7.726,7.603,7.504,898227.24,719847.36,750088.14,7.71
2017-10-31,7.68,7.73,7.6,492265.62,-0.04,-0.52,7.73,7.622,7.524,811296.79,712281.84,734877.04,7.67
2017-11-01,7.71,7.92,7.71,981932.19,0.18,2.35,7.758,7.667,7.544,889927.81,761123.37,721182.43,7.85
2017-11-02,7.87,7.93,7.74,735917.5,0.03,0.38,7.762,7.71,7.571,828107.16,761463.04,726903.16,7.88
2017-11-03,7.86,7.9,7.61,1041407.38,-0.01,-0.13,7.796,7.742,7.595,866806.74,816797.99,761128.02,7.87
2017-11-06,7.85,8.12,7.81,1364918.5,0.24,3.05,7.876,7.801,7.627,923288.24,910757.74,794427.64,8.11
2017-11-07,8.09,8.45,8.06,2055878.88,0.11,1.36,7.986,7.858,7.671,1236010.89,1023653.84,865027.94,8.22
2017-11-08,8.23,8.36,8.1,1130647.12,0.0,0.0,8.06,7.909,7.718,1265753.88,1077840.84,883660.74,8.22
2017-11-09,8.3,8.43,8.15,1047320.0,0.07,0.85,8.142,7.952,7.764,1328034.38,1078070.77,902199.15,8.29
2017-11-10,8.27,8.37,8.11,919667.06,0.05,0.6,8.236,8.016,7.805,1303686.31,1085246.53,898578.72,8.34
2017-11-13,8.35,8.73,8.31,1958688.38,0.33,3.96,8.348,8.112,7.858,1422440.29,1172864.26,946355.81,8.67
2017-11-14,8.7,9.02,8.67,2206682.0,0.17,1.96,8.47,8.228,7.925,1452600.91,1344305.9,1028293.87,8.83
2017-11-15,8.71,8.8,8.55,1497779.62,-0.08,-0.91,8.576,8.318,7.993,1526027.41,1395890.64,1078507.01,8.75
2017-11-16,8.72,8.74,8.5,1088506.5,-0.13,-1.49,8.642,8.392,8.051,1534264.71,1431149.54,1096306.29,8.62
2017-11-17,8.6,8.86,8.52,1667359.75,0.21,2.43,8.742,8.489,8.116,1683803.25,1493744.78,1155271.38,8.84
2017-11-20,8.75,8.78,8.41,1201633.12,-0.17,-1.92,8.742,8.545,8.173,1532392.2,1477416.24,1194086.99,8.67
2017-11-21,8.67,9.09,8.64,1722820.5,0.26,3.0,8.762,8.616,8.237,1435619.9,1444110.41,1233882.12,8.93
2017-11-22,9.08,9.18,8.86,1458415.25,0.16,1.79,8.83,8.703,8.306,1427747.02,1476887.22,1277364.03,9.09
2017-11-23,9.05,9.31,8.74,1567632.0,-0.18,-1.98,8.888,8.765,8.359,1523572.12,1528918.42,1303494.59,8.91
2017-11-24,8.82,8.94,8.62,1095131.25,0.02,0.23,8.9,8.821,8.419,1409126.42,1546464.84,1315855.68,8.9
2017-11-27,9.0,9.13,8.66,1358693.0,0.01,0.11,8.948,8.845,8.479,1440538.4,1486465.3,1329664.78,8.91
2017-11-28,8.81,9.17,8.56,1615776.75,0.21,2.36,8.986,8.874,8.551,1419129.65,1427374.77,1385840.34,9.12
2017-11-29,9.1,9.49,9.1,2369613.5,0.31,3.4,9.054,8.942,8.63,1601369.3,1514558.16,1455224.4,9.43
2017-11-30,9.47,9.53,9.26,1334084.88,-0.02,-0.21,9.152,9.02,8.706,1554659.88,1539116.0,1485132.77,9.4
2017-12-01,9.29,9.34,8.9,1788024.12,-0.27,-2.88,9.194,9.047,8.768,1693238.45,1551182.44,1522463.61,9.11
2017-12-04,9.16,9.2,8.86,1367854.88,-0.12,-1.32,9.21,9.079,8.812,1695070.83,1567804.61,1522610.43,8.99
2017-12-05,8.92,9.25,8.9,2331671.25,0.0,0.0,9.186,9.086,8.851,1838249.73,1628689.69,1536400.05,9.0
2017-12-06,8.89,8.9,8.3,2168402.25,-0.5,-5.56,9.0,9.027,8.865,1798007.48,1699688.39,1588287.8,8.5
2017-12-07,8.4,8.47,8.24,987072.62,-0.25,-2.94,8.77,8.961,8.863,1728605.02,1641632.45,1585275.43,8.25
2017-12-08,8.22,8.49,8.1,1246786.12,0.14,1.7,8.628,8.911,8.866,1620357.42,1656797.94,1601631.39,8.4
2017-12-11,8.42,8.53,8.4,703549.62,0.11,1.31,8.532,8.871,8.858,1487496.37,1591283.6,1538874.45,8.51
2017-12-12,8.52,8.7,8.35,695989.75,-0.15,-1.76,8.406,8.796,8.835,1160360.07,1499304.9,1463339.84,8.37
2017-12-13,8.31,8.55,8.27,522404.72,0.1,1.2,8.398,8.699,8.821,831160.57,1314584.02,1414571.09,8.46
2017-12-14,8.51,8.52,8.39,403665.28,0.0,0.0,8.442,8.606,8.813,714479.1,1221542.06,1380329.03,8.47
2017-12-15,8.43,8.45,8.15,698440.75,-0.26,-3.07,8.404,8.516,8.782,604810.02,1112583.72,1331883.08,8.21
2017-12-18,8.3,8.41,8.18,576918.19,0.18,2.19,8.382,8.457,8.768,579483.74,1033490.06,1300647.33,8.4
2017-12-19,8.34,8.51,8.32,587293.44,0.1,1.19,8.408,8.407,8.747,557744.48,859052.27,1243870.98,8.5
2017-12-20,8.5,8.51,8.21,684488.69,-0.26,-3.06,8.364,8.381,8.704,590161.27,710660.92,1205174.65,8.24
2017-12-21,8.23,8.45,8.21,532807.5,0.16,1.94,8.35,8.396,8.679,615989.71,665234.41,1153433.43,8.4
2017-12-22,8.45,8.5,8.37,461114.62,0.02,0.24,8.394,8.399,8.655,568524.49,586667.26,1121732.6,8.43
2017-12-25,8.4,8.46,8.3,473273.28,-0.11,-1.3,8.378,8.38,8.626,547795.51,563639.62,1077461.61,8.32
2017-12-26,8.3,8.38,8.23,355345.06,0.03,0.36,8.35,8.379,8.588,501405.83,529575.15,1014440.03,8.36
2017-12-27,8.34,8.52,8.3,630842.81,0.01,0.12,8.374,8.369,8.534,490676.65,540418.96,927501.49,8.36
2017-12-28,8.32,8.69,8.29,948683.5,0.28,3.35,8.424,8.387,8.497,573851.85,594920.78,908231.42,8.65
2017-12-29,8.64,8.75,8.61,436796.0,0.0,0.0,8.468,8.431,8.474,568988.13,568756.31,840670.02,8.65
2018-01-02,8.69,8.99,8.66,1091647.0,0.34,3.94,8.6,8.489,8.473,692662.87,620229.19,826859.62,8.98
2018-01-03,8.98,9.2,8.88,842728.31,-0.03,-0.34,8.714,8.532,8.47,790139.52,645772.68,752412.48,8.93
2018-01-04,8.91,9.14,8.9,748724.88,0.01,0.11,8.83,8.602,8.492,813715.94,652196.3,681428.61,8.94
2018-01-05,8.96,9.02,8.81,646156.06,-0.06,-0.67,8.876,8.65,8.523,753210.45,663531.15,664382.78,8.88
2018-01-08,8.87,9.34,8.83,1434779.12,0.42,4.74,9.004,8.736,8.568,952807.07,760897.6,673782.43,9.29
2018-01-09,9.29,9.29,9.01,1025350.5,-0.19,-2.04,9.028,8.814,8.597,939547.77,816105.32,689872.47,9.1
2018-01-10,9.0,9.13,8.94,686459.38,-0.05,-0.55,9.052,8.883,8.631,908293.99,849216.76,689395.95,9.05
2018-01-11,9.05,9.06,8.78,846260.75,-0.22,-2.43,9.03,8.93,8.65,927801.16,870758.55,705588.76,8.83
2018-01-12,8.88,9.11,8.81,954940.62,0.27,3.06,9.074,8.975,8.681,989558.07,871384.26,733152.52,9.1
2018-01-15,9.03,9.04,8.75,1052895.75,-0.26,-2.86,8.982,8.993,8.712,913181.4,932994.24,750875.27,8.83
2018-01-16,8.82,8.89,8.75,719908.62,0.05,0.57,8.936,8.982,8.736,852093.02,895820.4,758024.79,8.87
2018-01-17,8.85,9.09,8.78,1047563.06,0.07,0.79,8.914,8.983,8.758,924313.76,916303.87,781038.28,8.94
2018-01-18,8.95,9.34,8.86,2322397.0,0.28,3.13,8.994,9.012,8.807,1219541.01,1073671.09,862933.69,9.23
2018-01-19,9.25,9.65,9.15,4229888.5,0.09,0.98,9.036,9.055,8.853,1874530.59,1432044.33,1047787.74,9.31
2018-01-22,9.4,9.51,9.23,2897357.25,0.02,0.21,9.136,9.059,8.898,2243422.89,1578302.14,1169599.87,9.33
2018-01-23,9.31,9.33,9.13,2852061.75,-0.08,-0.86,9.21,9.073,8.944,2669853.51,1760973.27,1288539.3,9.24
2018-01-24,9.26,9.47,9.19,2325136.0,0.08,0.87,9.286,9.1,8.992,2925368.1,1924840.93,1387028.84,9.32
2018-01-25,9.31,9.77,9.26,3091455.25,0.44,4.73,9.388,9.191,9.061,3079179.75,2149360.38,1510059.47,9.74
2018-01-26,9.73,9.96,9.54,3255863.0,-0.04,-0.41,9.466,9.251,9.113,2884374.65,2379452.62,1625418.44,9.7
2018-01-29,9.87,10.21,9.86,2592557.75,0.31,3.19,9.604,9.37,9.182,2823414.75,2533418.82,1733206.53,10.02
2018-01-30,10.01,10.17,9.73,1781167.5,-0.25,-2.5,9.708,9.459,9.221,2609235.9,2639544.71,1767682.55,9.76
2018-01-31,9.73,10.03,9.58,1620565.38,0.21,2.15,9.84,9.563,9.273,2468321.78,2696844.94,1806574.41,9.98
2018-02-01,10.18,10.55,10.03,2209584.75,0.29,2.91,9.946,9.667,9.34,2291947.68,2685563.71,1879617.4,10.27
2018-02-02,10.18,11.13,10.01,2784745.75,0.83,8.07,10.228,9.847,9.451,2197724.23,2541049.44,1986546.88,11.11
2018-02-05,10.92,11.45,10.87,2681711.25,0.13,1.17,10.47,10.037,9.548,2215554.93,2519484.84,2048893.49,11.23
2018-02-06,10.85,11.1,10.7,3226768.0,-0.14,-1.25,10.736,10.222,9.648,2504675.03,2556955.46,2158964.37,11.09
2018-02-07,11.3,11.48,10.42,3241323.5,-0.44,-3.98,10.866,10.353,9.727,2828826.65,2648574.21,2286707.57,10.63
2018-02-08,10.4,10.49,9.82,2504293.0,-0.51,-4.79,10.84,10.393,9.792,2887768.3,2589857.99,2369609.18,10.14
2018-02-09,9.8,10.06,9.24,3293746.0,-0.15,-1.48,10.616,10.422,9.837,2989568.35,2593646.29,2486549.45,9.99
2018-02-12,9.76,10.05,9.61,1615429.38,-0.01,-0.1,10.368,10.419,9.895,2776311.98,2495933.45,2514676.13,9.99
2018-02-13,10.04,10.25,9.83,1619508.88,0.0,0.0,10.148,10.442,9.951,2454860.15,2479767.59,2559656.15,9.99
2018-02-14,9.99,10.35,9.92,1159478.75,0.3,3.0,10.08,10.473,10.018,2038491.2,2433658.93,2565251.93,10.29
2018-02-22,10.41,10.46,10.03,1628218.38,0.14,1.36,10.136,10.488,10.078,1863276.28,2375522.29,2530543.0,10.42
2018-02-23,10.31,10.56,10.24,1367478.75,0.08,0.77,10.238,10.427,10.137,1478022.83,2233795.59,2387422.51,10.5
2018-02-26,10.75,10.93,10.52,1586879.25,0.11,1.05,10.362,10.365,10.201,1472312.8,2124312.39,2321898.61,10.61
2018-02-27,10.57,10.6,9.97,2157808.75,-0.49,-4.61,10.39,10.269,10.246,1579972.78,2017416.46,2287185.96,10.13
2018-02-28,10.02,10.13,9.8,1308824.5,-0.1,-0.99,10.34,10.21,10.282,1609841.93,1824166.56,2236370.39,10.04
2018-03-01,9.95,10.11,9.9,1032072.75,-0.03,-0.3,10.258,10.197,10.295,1490612.8,1676944.54,2133401.26,10.01
2018-03-02,9.79,9.79,9.46,1405199.38,-0.39,-3.9,10.08,10.159,10.291,1498156.93,1488089.88,2040868.08,9.61
2018-03-05,9.62,9.65,9.33,1359952.5,-0.09,-0.94,9.862,10.112,10.266,1452771.58,1462542.19,1979237.82,9.52
2018-03-06,9.57,9.69,9.38,1210461.5,0.14,1.47,9.766,10.078,10.26,1263302.13,1421637.45,1950702.52,9.65
2018-03-07,9.61,9.66,9.36,801308.19,-0.22,-2.28,9.642,9.991,10.232,1161798.86,1385820.4,1909739.66,9.42
2018-03-08,9.38,9.45,9.28,730813.25,-0.04,-0.42,9.516,9.887,10.188,1101546.96,1296079.88,1835801.09,9.38
2018-03-09,9.42,9.43,9.0,1766723.12,-0.28,-2.98,9.414,9.747,10.087,1173851.71,1336004.32,1784899.95,9.1
2018-03-12,9.11,9.28,9.01,1413940.25,0.12,1.32,9.354,9.608,9.987,1184649.26,1318710.42,1721511.4,9.22
2018-03-13,9.18,9.36,9.14,1019731.81,0.02,0.22,9.27,9.518,9.894,1146503.32,1204902.73,1611159.59,9.23
2018-03-14,9.19,9.58,9.12,1273801.62,0.31,3.36,9.294,9.468,9.839,1241002.01,1201400.44,1512783.5,9.54
2018-03-15,9.48,9.59,9.37,809776.75,0.0,0.0,9.324,9.42,9.809,1256794.71,1179170.84,1428057.69,9.53
2018-03-16,9.55,9.59,9.4,651215.25,-0.13,-1.36,9.386,9.4,9.78,1033693.14,1103772.42,1295931.15,9.41
2018-03-19,9.28,9.28,9.07,895296.5,-0.28,-2.98,9.368,9.361,9.737,929964.39,1057306.82,1259924.51,9.13
2018-03-20,9.01,9.22,8.99,552739.06,0.04,0.44,9.354,9.312,9.695,836565.84,991534.58,1206586.02,9.16
2018-03-21,9.19,9.23,9.04,671542.06,-0.02,-0.22,9.276,9.285,9.638,716113.92,978557.97,1182189.18,9.15
2018-03-22,9.15,9.17,9.0,589294.5,-0.11,-1.2,9.18,9.252,9.57,672017.47,964406.09,1130242.99,9.05
2018-03-23,8.6,8.7,8.35,2083089.88,-0.35,-3.87,9.038,9.212,9.48,958392.4,996042.77,1166023.54,8.7
2018-03-26,8.5,8.5,8.18,1440480.25,-0.35,-4.03,8.878,9.123,9.366,1067429.15,998696.77,1158703.59,8.33
2018-03-27,8.43,8.49,8.34,876992.19,0.07,0.84,8.726,9.04,9.279,1132279.78,984422.81,1094662.77,8.4
2018-03-28,8.2,8.51,8.18,615176.88,-0.05,-0.59,8.566,8.921,9.195,1121006.74,918560.33,1059980.38,8.35
2018-03-29,8.45,8.69,8.27,1016189.88,0.3,3.59,8.486,8.833,9.127,1206385.82,939201.65,1059186.24,8.65
2018-03-30,8.65,8.68,8.4,805084.25,-0.11,-1.27,8.452,8.745,9.073,950784.69,954588.55,1029180.48,8.53
2018-04-02,8.59,8.78,8.54,849300.19,0.03,0.35,8.496,8.687,9.024,832548.68,949988.91,1003647.87,8.55
2018-04-03,8.49,8.51,8.35,572490.25,-0.19,-2.22,8.49,8.608,8.96,771648.29,951964.03,971749.31,8.37
2018-04-04,8.42,8.47,8.21,572378.5,-0.14,-1.67,8.466,8.516,8.901,763088.61,942047.68,960302.82,8.23
2018-04-09,8.26,8.58,8.26,764064.12,0.34,4.13,8.45,8.468,8.86,712663.46,959524.64,961965.37,8.57
2018-04-10,8.63,8.9,8.63,1001820.56,0.32,3.74,8.52,8.486,8.849,752010.72,851397.71,923720.24,8.88
2018-04-11,8.92,9.05,8.76,751743.94,-0.1,-1.13,8.566,8.531,8.827,732499.47,782524.08,890610.42,8.78
2018-04-12,8.81,8.81,8.69,376828.5,-0.06,-0.68,8.636,8.563,8.802,693367.12,732507.71,858465.26,8.72
2018-04-13,8.79,8.81,8.65,483768.66,0.03,0.34,8.74,8.603,8.762,675645.16,719366.89,818963.61,8.75
2018-04-16,8.71,8.75,8.36,858644.81,-0.26,-2.97,8.724,8.587,8.71,694561.29,703612.38,821407.01,8.49
2018-04-17,8.47,8.62,8.37,548665.75,-0.06,-0.71,8.636,8.578,8.662,603930.33,677970.53,816279.54,8.44
2018-04-18,8.64,8.96,8.64,1081554.5,0.28,3.31,8.626,8.596,8.642,669892.44,701195.96,825592.44,8.73
2018-04-19,8.88,9.13,8.81,1092412.62,0.38,4.35,8.706,8.671,8.64,813009.27,753188.2,852576.11,9.12
2018-04-20,9.05,9.26,8.96,869347.25,-0.05,-0.55,8.77,8.755,8.636,890124.99,782885.07,862466.37,9.07
2018-04-23,9.05,9.29,9.01,614939.5,0.05,0.55,8.9,8.812,8.64,841383.92,767972.61,863748.62,9.14
2018-04-24,9.3,9.56,9.21,1182229.88,0.11,1.21,9.06,8.848,8.667,968096.75,786013.54,818705.62,9.24
2018-04-25,9.17,9.24,9.06,469178.88,-0.05,-0.54,9.154,8.89,8.711,845621.63,757757.04,770140.56,9.2
2018-04-26,9.23,9.27,9.03,525273.0,-0.02,-0.22,9.168,8.937,8.75,732193.7,772601.49,752554.6,9.19
2018-04-27,9.2,9.3,8.98,603825.94,0.04,0.43,9.2,8.985,8.794,679089.44,784607.21,751987.05,9.23
2018-05-02,9.0,9.18,8.61,1356655.25,-0.45,-4.87,9.13,9.015,8.801,827432.59,834408.26,769010.32,8.79
2018-05-03,8.8,8.95,8.75,661851.5,0.14,1.59,9.068,9.064,8.821,723356.91,845726.83,761848.68,8.93
2018-05-04,8.96,9.08,8.91,554761.88,0.06,0.67,9.028,9.091,8.844,740473.51,793047.57,747121.76,9.0
2018-05-07,9.03,9.15,8.85,495806.62,0.05,0.56,9.0,9.084,8.878,734580.24,733386.97,743287.58,9.05
2018-05-08,9.08,9.17,9.03,509767.31,0.02,0.22,8.968,9.084,8.92,715768.51,697428.98,740157.02,9.07
2018-05-09,9.09,9.13,8.8,685064.88,-0.17,-1.87,8.99,9.06,8.936,581450.44,704441.51,736207.06,8.9
2018-05-10,8.91,8.98,8.85,317105.72,0.04,0.45,8.992,9.03,8.939,512501.28,617929.1,701971.32,8.94
2018-05-11,9.0,9.04,8.86,519223.78,0.09,1.01,8.996,9.012,8.951,505393.66,622933.59,690345.31,9.02
2018-05-14,9.02,9.15,9.0,599252.88,0.13,1.44,9.014,9.007,8.972,526082.91,630331.58,701466.53,9.14
2018-05-15,9.16,9.16,8.86,799983.5,-0.16,-1.75,8.996,8.982,8.984,584126.15,649947.33,717277.27,8.98
2018-05-16,8.91,8.94,8.82,424232.56,-0.13,-1.45,8.986,8.988,9.002,531959.69,556705.06,695556.66,8.85
2018-05-17,8.86,8.89,8.7,453538.94,-0.14,-1.58,8.942,8.967,9.016,559246.33,535873.81,690800.32,8.72
2018-05-18,8.71,8.81,8.64,432511.62,0.08,0.92,8.896,8.946,9.019,541903.9,523648.78,658348.18,8.79
2018-05-21,8.87,8.93,8.7,644492.06,0.0,0.0,8.824,8.919,9.002,550951.74,538517.33,635952.15,8.78
2018-05-22,8.78,8.79,8.59,479882.88,-0.14,-1.59,8.756,8.876,8.98,486931.61,535528.88,616478.93,8.64
2018-05-23,8.63,8.63,8.43,488457.44,-0.19,-2.2,8.674,8.83,8.945,499776.59,515868.14,610154.83,8.44
2018-05-24,8.46,8.5,8.41,254683.34,0.01,0.12,8.622,8.782,8.906,460005.47,509625.9,563777.5,8.46
2018-05-25,8.48,8.53,8.33,459937.16,0.0,0.0,8.556,8.726,8.869,465490.58,503697.24,563315.41,8.46
2018-05-28,8.43,8.5,8.38,278265.56,-0.04,-0.47,8.484,8.654,8.831,392245.28,471598.51,550965.04,8.42
2018-05-29,8.4,8.62,8.33,653365.12,0.15,1.78,8.47,8.613,8.798,426941.72,456936.67,553442.0,8.57
2018-05-30,8.46,8.48,8.24,577515.25,-0.33,-3.85,8.43,8.552,8.77,444753.29,472264.94,514485.0,8.24
2018-05-31,8.3,8.44,8.29,571028.31,0.18,2.18,8.424,8.523,8.745,508022.28,484013.87,509943.84,8.43
2018-06-01,8.38,8.65,8.37,584766.25,0.11,1.31,8.438,8.497,8.722,532988.1,499239.34,511444.06,8.53
2018-06-04,8.67,8.81,8.62,745321.88,0.24,2.81,8.508,8.496,8.708,626399.36,509322.32,523919.82,8.77
2018-06-05,8.8,8.81,8.7,420422.72,0.0,0.0,8.548,8.509,8.693,579810.88,503376.3,519452.59,8.77
2018-06-06,8.8,8.92,8.79,627743.62,0.12,1.37,8.68,8.555,8.693,589856.56,517304.92,516586.53,8.9
2018-06-07,8.95,9.23,8.95,1056240.38,0.29,3.26,8.832,8.628,8.705,686898.97,597460.63,553543.26,9.19
2018-06-08,8.72,8.76,8.57,742799.19,-0.02,-0.23,8.87,8.654,8.69,718505.56,625746.83,564722.03,8.72
2018-06-11,8.63,9.0,8.61,670886.38,0.1,1.15,8.878,8.693,8.674,703618.46,665008.91,568303.71,8.81
2018-06-12,8.86,8.97,8.69,518511.19,0.12,1.36,8.912,8.73,8.672,723236.15,651523.52,554230.09,8.94
2018-06-13,8.82,9.07,8.8,603519.5,0.0,0.0,8.918,8.799,8.676,718391.33,654123.94,563194.44,8.93
2018-06-14,8.85,9.05,8.64,841674.38,-0.02,-0.22,8.86,8.846,8.685,675478.13,681188.55,582601.21,8.9
2018-06-15,8.86,9.06,8.82,865545.56,0.04,0.45,8.906,8.888,8.693,700027.4,709266.48,604252.91,8.95
2018-06-19,8.82,8.94,8.43,1095334.62,-0.41,-4.57,8.856,8.867,8.682,784917.05,744267.75,626795.04,8.56
2018-06-20,8.6,8.7,8.43,602398.0,0.08,0.93,8.8,8.856,8.683,801694.41,762465.28,632920.79,8.66
2018-06-21,8.62,8.95,8.61,692194.62,0.03,0.35,8.752,8.835,8.695,819429.44,768910.38,643107.65,8.69
2018-06-22,8.62,8.75,8.41,596383.44,0.01,0.12,8.712,8.786,8.707,770371.25,722924.69,660192.66,8.7
2018-06-25,8.68,8.72,8.45,584511.25,-0.22,-2.53,8.616,8.761,8.708,714164.39,707095.89,666421.36,8.47
2018-06-26,8.35,8.35,7.97,718829.25,-0.37,-4.37,8.522,8.689,8.691,638863.31,711890.18,688449.55,8.09
2018-06-27,8.09,8.14,7.71,877984.81,-0.37,-4.57,8.334,8.567,8.649,693980.67,747837.54,699680.53,7.72
2018-06-28,7.77,7.87,7.6,622505.88,-0.06,-0.78,8.13,8.441,8.62,680042.93,749736.18,701930.06,7.67
2018-06-29,7.7,7.84,7.61,690495.69,0.14,1.83,7.95,8.331,8.589,698865.38,734618.31,707903.43,7.8
2018-07-02,7.74,7.76,7.28,662204.31,-0.45,-5.78,7.724,8.17,8.529,714403.99,714284.19,711775.33,7.34
2018-07-03,7.39,7.43,6.98,826468.44,-0.09,-1.23,7.556,8.039,8.453,735931.83,687397.57,715832.66,7.25
2018-07-04,7.25,7.49,7.24,565705.25,0.01,0.14,7.464,7.899,8.378,673475.91,683728.29,723096.79,7.26
2018-07-05,7.21,7.24,7.01,454994.0,-0.18,-2.48,7.348,7.739,8.287,639973.54,660008.23,714459.31,7.09
2018-07-06,7.09,7.28,7.05,559628.06,0.13,1.84,7.23,7.59,8.188,613800.01,656332.69,689628.69,7.21
2018-07-09,7.25,7.53,7.23,628611.62,0.28,3.89,7.258,7.491,8.126,607081.47,660742.73,683919.31,7.48
2018-07-10,7.48,7.66,7.43,774893.56,0.12,1.6,7.33,7.443,8.066,596766.5,666349.16,689119.67,7.61
2018-07-11,7.4,7.48,7.27,476743.25,-0.19,-2.5,7.362,7.413,7.99,578974.1,626225.01,687031.27,7.42
2018-07-12,7.5,7.68,7.5,610362.12,0.2,2.69,7.468,7.408,7.925,610047.72,625010.63,687373.41,7.62
2018-07-13,7.68,7.72,7.56,454343.25,0.02,0.26,7.552,7.391,7.861,588990.76,601395.39,668006.85,7.63
2018-07-16,7.65,7.66,7.42,435397.56,-0.14,-1.83,7.556,7.407,7.789,550347.95,578714.71,646499.45,7.5
2018-07-17,7.46,7.51,7.27,447855.19,-0.16,-2.13,7.504,7.417,7.728,484940.27,540853.39,614125.48,7.35
2018-07-18,7.4,7.54,7.37,518424.66,0.03,0.41,7.496,7.429,7.664,493276.56,536125.33,609926.81,7.38
2018-07-19,7.49,7.74,7.47,1283208.12,0.35,4.74,7.518,7.493,7.616,627845.76,618946.74,639477.49,7.73
2018-07-20,7.72,7.94,7.63,816999.06,0.18,2.33,7.574,7.563,7.577,700376.92,644683.84,650508.27,7.91
2018-07-23,7.83,8.29,7.8,748376.06,0.28,3.54,7.71,7.633,7.562,762972.62,656660.28,658701.51,8.18
2018-07-24,8.47,8.89,8.47,1420257.0,0.37,4.52,7.95,7.727,7.585,957452.98,721196.63,693772.89,8.55
2018-07-25,8.62,8.76,8.48,741413.0,0.08,0.94,8.198,7.847,7.63,1002050.65,747663.6,686944.3,8.62
2018-07-26,8.63,8.7,8.29,738059.44,-0.23,-2.67,8.33,7.924,7.666,893020.91,760433.33,692721.98,8.39
2018-07-27,8.54,8.58,8.35,506238.72,0.13,1.55,8.452,8.013,7.702,830868.84,765622.88,683509.13,8.52
2018-07-30,8.53,8.95,8.5,1048764.0,0.26,3.05,8.572,8.141,7.774,890946.43,826959.53,702837.12,8.78
2018-07-31,8.7,8.77,8.55,400911.91,-0.08,-0.91,8.6,8.275,7.846,687077.41,822265.2,681559.29,8.69
2018-08-01,8.88,8.94,8.32,931313.56,-0.33,-3.8,8.548,8.373,7.901,725057.53,863554.09,699839.71,8.36
2018-08-02,8.36,8.49,8.17,925692.0,-0.09,-1.08,8.524,8.427,7.96,762584.04,827802.48,723374.61,8.27
2018-08-03,8.33,8.54,8.26,543930.75,0.01,0.12,8.478,8.465,8.014,770122.44,800495.64,722589.74,8.29
2018-08-06,8.33,8.41,7.96,497306.09,-0.11,-1.33,8.358,8.465,8.049,659830.86,775388.65,716024.47,8.18
2018-08-07,8.25,8.58,8.21,595071.62,0.38,4.64,8.332,8.466,8.097,698662.8,692870.11,707033.37,8.56
2018-08-08,8.6,8.83,8.54,780318.62,0.1,1.17,8.392,8.47,8.159,668463.82,696760.67,722212.14,8.66
2018-08-09,8.58,8.77,8.43,562950.94,0.02,0.23,8.474,8.499,8.212,595915.6,679249.82,719841.58,8.68
2018-08-10,8.69,8.72,8.52,351033.53,-0.08,-0.92,8.534,8.506,8.26,557336.16,663729.3,714676.09,8.59
2018-08-13,8.5,8.75,8.42,564428.0,0.12,1.4,8.64,8.499,8.32,570760.54,615295.7,721127.61,8.71
2018-08-14,8.68,8.68,8.42,644552.88,-0.24,-2.75,8.622,8.477,8.376,580656.79,639659.8,730962.5,8.47
2018-08-15,8.48,8.51,8.22,417307.59,-0.22,-2.6,8.538,8.465,8.419,508054.59,588259.2,725906.64,8.24
2018-08-16,8.14,8.24,7.97,510083.0,-0.15,-1.82,8.418,8.446,8.437,497481.0,546698.3,687250.39,8.08
2018-08-17,8.21,8.25,8.06,358922.5,0.02,0.25,8.32,8.427,8.446,499058.79,528197.48,664346.56,8.1
2018-08-20,8.2,8.35,8.11,447505.41,0.25,3.09,8.248,8.444,8.455,475674.28,523217.41,649303.03,8.35
2018-08-21,8.34,8.49,8.31,475819.59,0.0,0.0,8.224,8.423,8.445,441927.62,511292.21,602081.16,8.35
2018-08-22,8.3,8.43,8.3,235074.98,-0.02,-0.24,8.242,8.39,8.43,405481.1,456767.84,576764.26,8.33
2018-08-23,8.31,8.33,8.06,520677.5,-0.21,-2.52,8.25,8.334,8.417,407600.0,452540.5,565895.16,8.12
2018-08-24,8.09,8.16,8.01,378689.88,-0.05,-0.62,8.244,8.282,8.394,411553.47,455306.13,559517.72,8.07
2018-08-27,8.11,8.23,8.0,546835.0,0.12,1.49,8.212,8.23,8.365,431419.39,453546.83,534421.27,8.19
2018-08-28,8.2,8.25,8.11,549086.75,-0.01,-0.12,8.178,8.201,8.339,446072.82,444000.22,541830.01,8.18
2018-08-29,8.15,8.17,8.03,369030.56,-0.12,-1.47,8.124,8.183,8.324,472863.94,439172.52,513715.86,8.06
2018-08-30,8.06,8.09,7.85,736309.0,-0.13,-1.61,8.086,8.168,8.307,515990.24,461795.12,504246.71,7.93
2018-08-31,7.89,7.92,7.76,595634.69,-0.05,-0.63,8.048,8.146,8.287,559379.2,485466.34,506831.91,7.88
2018-09-03,7.81,7.85,7.61,489066.75,-0.19,-2.41,7.948,8.08,8.262,547825.55,489622.47,506419.94,7.69
2018-09-04,7.67,7.82,7.63,400250.19,0.09,1.17,7.868,8.023,8.223,518058.24,482065.53,496678.87,7.78
2018-09-05,7.74,7.77,7.55,459761.06,-0.23,-2.96,7.766,7.945,8.168,536204.34,504534.14,480650.99,7.55
2018-09-06,7.51,7.64,7.4,525203.62,-0.11,-1.46,7.668,7.877,8.106,493983.26,504986.75,478763.62,7.44
2018-09-07,7.52,7.67,7.51,463751.53,0.12,1.61,7.604,7.826,8.054,467606.63,513492.92,484399.52,7.56
2018-09-10,7.6,7.66,7.52,337637.41,0.05,0.66,7.588,7.768,7.999,437320.76,492573.16,473059.99,7.61
2018-09-11,7.55,7.55,7.12,1232654.5,-0.44,-5.78,7.466,7.667,7.934,603801.62,560929.93,502465.08,7.17
2018-09-12,7.15,7.26,7.05,540912.0,0.03,0.42,7.396,7.581,7.882,620031.81,578118.08,508645.3,7.2
2018-09-13,7.3,7.33,7.13,444034.59,0.04,0.56,7.356,7.512,7.84,603798.01,548890.63,505342.88,7.24
2018-09-14,7.25,7.34,7.18,413232.09,0.1,1.38,7.312,7.458,7.802,593694.12,530650.37,508058.36,7.34
2018-09-17,7.31,7.31,7.22,248538.73,-0.11,-1.5,7.236,7.412,7.746,575874.38,506597.57,498110.02,7.23
2018-09-18,7.26,7.61,7.23,583173.75,0.36,4.98,7.32,7.393,7.708,445978.23,524889.93,503477.73,7.59
2018-09-19,7.56,7.72,7.55,567435.81,0.08,1.05,7.414,7.405,7.675,451282.99,535657.4,520095.77,7.67
2018-09-20,7.67,7.76,7.61,293742.53,0.03,0.39,7.506,7.431,7.654,421224.58,512511.29,508749.02,7.7
2018-09-21,7.68,8.01,7.64,465979.53,0.25,3.25,7.628,7.47,7.648,431774.07,512734.09,513113.5,7.95
2018-09-25,7.86,7.86,7.75,261479.81,-0.16,-2.01,7.74,7.488,7.628,434362.29,505118.33,498845.75,7.79
2018-09-26,7.95,8.02,7.88,573360.56,0.09,1.16,7.798,7.559,7.613,432399.65,439188.94,500059.44,7.88
2018-09-27,7.95,7.99,7.89,304755.97,0.03,0.38,7.846,7.63,7.606,379863.68,415573.34,496845.71,7.91
2018-09-28,7.82,7.9,7.68,640992.75,-0.06,-0.76,7.876,7.691,7.602,449313.72,435269.15,492079.89,7.85
2018-10-08,7.66,7.73,7.28,939433.19,-0.48,-6.12,7.76,7.694,7.576,544004.46,487889.26,509269.82,7.37
2018-10-09,7.35,7.42,7.34,414761.09,0.01,0.14,7.678,7.709,7.561,574660.71,504511.5,505554.54,7.38
2018-10-10,7.39,7.54,7.38,422673.31,0.1,1.35,7.598,7.698,7.546,544523.26,488461.46,506675.69,7.48
2018-10-11,7.27,7.35,7.14,612347.19,-0.3,-4.01,7.452,7.649,7.527,606041.51,492952.59,514305.0,7.18
2018-10-12,7.22,7.5,7.13,704500.19,0.3,4.18,7.378,7.627,7.529,618742.99,534028.36,523269.83,7.48
2018-10-15,7.48,7.5,7.25,438867.78,-0.18,-2.41,7.364,7.562,7.516,518629.91,531317.18,522025.64,7.3
2018-10-16,7.3,7.47,7.21,372322.09,-0.05,-0.69,7.338,7.508,7.498,510142.11,542401.41,523759.87,7.25
2018-10-17,7.35,7.42,7.25,381428.03,0.16,2.21,7.324,7.461,7.51,501893.06,523208.16,481198.55,7.41
2018-10-18,7.31,7.37,7.17,443291.88,-0.22,-2.97,7.326,7.389,7.51,468081.99,537061.75,476317.54,7.19
2018-10-19,7.14,7.42,7.06,501971.88,0.23,3.2,7.314,7.346,7.519,427576.33,523159.66,479214.41,7.42
2018-10-22,7.51,7.77,7.44,994507.38,0.34,4.58,7.406,7.385,7.54,538704.25,528667.08,508278.17,7.76
2018-10-23,7.68,7.71,7.37,745778.81,-0.34,-4.38,7.44,7.389,7.549,613395.6,561768.85,533140.18,7.42
2018-10-24,7.42,7.63,7.35,564236.31,0.04,0.54,7.45,7.387,7.543,649957.25,575925.15,532193.3,7.46
2018-10-25,7.3,7.58,7.21,548504.56,0.1,1.34,7.524,7.425,7.537,670999.79,569540.89,531246.74,7.56
2018-10-26,7.59,7.74,7.52,479057.97,0.02,0.27,7.556,7.435,7.531,666417.01,546996.67,540512.51,7.58
2018-10-29,7.6,7.63,7.35,418746.47,-0.19,-2.51,7.482,7.444,7.503,551264.82,544984.54,538150.86,7.39
2018-10-30,7.45,7.56,7.39,437040.19,0.12,1.62,7.5,7.47,7.489,489517.1,551456.35,546928.88,7.51
2018-10-31,7.5,7.7,7.44,612805.56,0.14,1.86,7.538,7.494,7.478,499230.95,574594.1,548901.13,7.65
2018-11-01,7.75,7.77,7.55,532847.5,-0.08,-1.05,7.54,7.532,7.461,496099.54,583549.66,560305.71,7.57
2018-11-02,7.65,7.75,7.55,521583.38,0.17,2.25,7.572,7.564,7.455,504604.62,585510.81,554335.24,7.74
2018-11-05,7.7,7.74,7.57,373379.53,-0.08,-1.03,7.626,7.554,7.47,495531.23,523398.03,526032.56,7.66
2018-11-06,7.65,7.65,7.56,230621.38,-0.04,-0.52,7.648,7.574,7.482,454247.47,471882.29,516825.57,7.62
2018-11-07,7.65,7.7,7.51,267780.75,-0.07,-0.92,7.628,7.583,7.485,385242.51,442236.73,509080.94,7.55
2018-11-08,7.61,7.63,7.5,292070.09,0.01,0.13,7.626,7.583,7.504,337087.03,416593.28,493067.09,7.56
2018-11-09,7.52,7.6,7.47,222030.25,-0.09,-1.19,7.572,7.572,7.504,277176.4,390890.51,468943.59,7.47
2018-11-12,7.44,7.5,7.39,225809.88,0.02,0.27,7.538,7.582,7.513,247662.47,371596.85,458290.69,7.49
2018-11-13,7.41,7.54,7.4,331806.62,-0.01,-0.13,7.51,7.579,7.525,267899.52,361073.49,456264.92,7.48
2018-11-14,7.47,7.59,7.41,432337.09,-0.05,-0.67,7.486,7.557,7.526,300810.79,343026.65,458810.37,7.43
2018-11-15,7.43,7.49,7.39,302254.31,0.05,0.67,7.47,7.548,7.54,302847.63,319967.33,451758.5,7.48
2018-11-16,7.47,7.49,7.41,305664.81,-0.05,-0.67,7.462,7.517,7.541,319574.54,298375.47,441943.14,7.43
2018-11-19,7.45,7.48,7.36,474670.12,0.02,0.27,7.454,7.496,7.525,369346.59,308504.53,415951.28,7.45
2018-11-20,7.4,7.4,7.27,555883.75,-0.15,-2.01,7.418,7.464,7.519,414162.02,341030.77,406456.53,7.3
2018-11-21,7.19,7.55,7.18,747938.5,0.13,1.78,7.418,7.452,7.518,477282.3,389046.54,415641.64,7.43
2018-11-22,7.3,7.34,7.25,412873.91,-0.16,-2.15,7.376,7.423,7.503,499406.22,401126.92,408860.1,7.27
2018-11-23,7.25,7.27,7.11,427986.5,-0.16,-2.2,7.312,7.387,7.48,523870.56,421722.55,406306.53,7.11
2018-11-26,7.09,7.09,6.92,482943.34,-0.17,-2.39,7.21,7.332,7.457,525525.2,447435.9,409516.37,6.94
2018-11-27,6.97,6.99,6.81,371494.53,-0.1,-1.44,7.118,7.268,7.424,488647.36,451404.69,406239.09,6.84
2018-11-28,6.83,6.87,6.78,341968.94,0.01,0.15,7.002,7.21,7.384,407453.44,442367.87,392697.26,6.85
2018-11-29,6.92,6.92,6.7,416774.88,-0.15,-2.19,6.888,7.132,7.34,408233.64,453819.93,386893.63,6.7
2018-11-30,6.68,6.75,6.62,429626.09,0.02,0.3,6.81,7.061,7.289,408561.56,466216.06,382295.76,6.72
2018-12-03,6.86,6.91,6.82,665132.0,0.12,1.79,6.79,7.0,7.248,444999.29,485262.24,396883.39,6.84
2018-12-04,6.86,7.05,6.83,688046.25,0.16,2.34,6.822,6.97,7.217,508309.63,498478.49,419754.63,7.0
2018-12-05,6.9,6.98,6.87,337605.16,-0.06,-0.86,6.84,6.921,7.187,507436.88,457445.16,423245.85,6.94
2018-12-06,6.87,6.92,6.84,254476.97,-0.06,-0.86,6.876,6.882,7.153,474977.29,441605.47,421366.2,6.88
2018-12-07,6.88,6.94,6.85,233357.59,0.04,0.58,6.916,6.863,7.125,435723.59,422142.58,421932.56,6.92
2018-12-10,6.85,6.9,6.76,269564.91,-0.02,-0.29,6.928,6.859,7.096,356610.18,400804.73,424120.31,6.9
2018-12-11,6.85,6.89,6.81,217423.5,-0.01,-0.14,6.906,6.864,7.066,262485.63,385397.63,418401.16,6.89
2018-12-12,6.95,6.95,6.82,211535.38,-0.06,-0.87,6.884,6.862,7.036,237271.67,372354.27,407361.07,6.83
2018-12-13,6.84,6.95,6.78,404867.31,0.08,1.17,6.89,6.883,7.008,267349.74,371163.52,412491.72,6.91
2018-12-14,6.87,6.89,6.75,526944.12,-0.14,-2.03,6.86,6.888,6.975,326067.04,380895.32,423555.69,6.77
2018-12-17,6.76,6.82,6.74,305998.62,0.03,0.44,6.84,6.884,6.942,333353.79,344981.98,415122.11,6.8
2018-12-18,6.74,6.8,6.67,287712.12,-0.09,-1.32,6.804,6.855,6.913,347411.51,304948.57,401713.53,6.71
2018-12-19,6.7,6.75,6.65,267840.59,-0.06,-0.89,6.768,6.826,6.874,358672.55,297972.11,377708.64,6.65
2018-12-20,6.62,6.67,6.57,363935.44,-0.07,-1.05,6.702,6.796,6.839,350486.18,308917.96,375261.71,6.58
2018-12-21,6.58,6.65,6.55,353770.06,0.04,0.61,6.672,6.766,6.815,315851.37,320959.21,371550.89,6.62
2018-12-24,6.58,6.64,6.57,226302.48,0.0,0.0,6.636,6.738,6.799,299912.14,316632.96,358718.85,6.62
2018-12-25,6.57,6.59,6.31,503209.44,-0.23,-3.47,6.572,6.688,6.776,343011.6,345211.56,365304.59,6.39
2018-12-26,6.39,6.41,6.32,234343.94,-0.06,-0.94,6.508,6.638,6.75,336312.27,347492.41,359923.34,6.33
2018-12-27,6.41,6.55,6.39,503430.69,0.1,1.58,6.478,6.59,6.737,364211.32,357348.75,364256.13,6.43
2018-12-28,6.44,6.54,6.43,364659.72,0.07,1.09,6.454,6.563,6.726,366389.25,341120.31,361007.81,6.5
2019-01-02,6.46,6.51,6.3,375812.75,-0.15,-2.31,6.4,6.518,6.701,396291.31,348101.72,346541.85,6.35
2019-01-03,6.34,6.44,6.33,246502.95,0.08,1.26,6.408,6.49,6.673,344950.01,343980.81,324464.69,6.43
2019-01-04,6.38,6.54,6.36,421531.62,0.08,1.24,6.444,6.476,6.651,382387.55,359349.91,328661.01,6.51
2019-01-07,6.57,6.62,6.53,461663.91,0.06,0.92,6.472,6.475,6.636,374034.19,369122.76,339020.36,6.57
2019-01-08,6.61,6.71,6.58,341903.62,0.07,1.06,6.5,6.477,6.622,369482.97,367936.11,344447.66,6.64
2019-01-09,6.71,6.85,6.68,451904.34,0.09,1.35,6.576,6.488,6.613,384701.29,390496.3,353564.63,6.73
2019-01-10,6.72,6.8,6.67,300893.59,-0.05,-0.74,6.626,6.517,6.603,395579.42,370264.71,357738.13,6.68
2019-01-11,6.71,6.79,6.7,244867.09,0.06,0.9,6.672,6.558,6.598,360246.51,371317.03,359404.72,6.74
2019-01-14,6.74,6.83,6.69,293636.69,0.01,0.15,6.708,6.59,6.59,326641.07,350337.63,353843.19,6.75
2019-01-15,6.76,6.82,6.74,304009.47,0.04,0.59,6.738,6.619,6.591,319062.24,344272.6,342696.46,6.79
2019-01-16,6.78,6.83,6.76,237018.97,0.02,0.29,6.754,6.665,6.592,276085.16,330393.23,339247.47,6.81
2019-01-17,6.86,6.87,6.76,272193.5,-0.04,-0.59,6.772,6.699,6.595,270345.14,332962.28,338471.54,6.77
2019-01-18,6.82,6.98,6.77,650355.69,0.16,2.36,6.81,6.741,6.609,351442.86,355844.69,357597.3,6.93
2019-01-21,6.94,7.1,6.94,515033.38,0.14,2.02,6.874,6.791,6.633,395722.2,361181.63,365152.2,7.07
2019-01-22,7.09,7.09,6.95,269433.75,-0.12,-1.7,6.906,6.822,6.65,388807.06,353934.65,360935.38,6.95
2019-01-23,6.93,6.98,6.81,365601.5,-0.07,-1.01,6.92,6.837,6.663,414523.56,345304.36,367900.33,6.88
2019-01-24,6.91,6.91,6.76,347645.12,-0.01,-0.14,6.94,6.856,6.687,429613.89,349979.52,360122.11,6.87
2019-01-25,6.88,6.98,6.88,352721.19,0.08,1.16,6.944,6.877,6.718,370086.99,360764.93,366040.98,6.95
2019-01-28,6.94,7.02,6.82,447028.12,-0.1,-1.44,6.9,6.887,6.739,356485.94,376104.07,363220.85,6.85
2019-01-29,6.83,6.99,6.8,431503.5,0.12,1.75,6.904,6.905,6.762,388899.89,388853.47,366563.04,6.97
2019-01-30,6.93,7.02,6.88,307743.66,-0.03,-0.43,6.916,6.918,6.792,377328.32,395925.94,363159.58,6.94
2019-01-31,6.95,7.03,6.94,389891.97,0.07,1.01,6.944,6.942,6.821,385777.69,407695.79,370329.03,7.01
2019-02-01,7.06,7.08,6.98,298839.47,0.06,0.86,6.968,6.956,6.849,375001.34,372544.17,364194.43,7.07
2019-02-11,7.07,7.15,7.02,455705.0,0.02,0.28,7.016,6.958,6.875,376736.72,366611.33,363896.48,7.09
2019-02-12,7.07,7.1,7.0,504845.75,-0.03,-0.42,7.034,6.969,6.896,391405.17,390152.53,372043.59,7.06
2019-02-13,7.08,7.2,7.03,590487.0,0.11,1.56,7.08,6.998,6.918,447953.84,412641.08,378972.72,7.17
2019-02-14,7.13,7.22,7.11,519433.25,0.01,0.14,7.114,7.029,6.943,473862.09,429819.89,389899.7,7.18
2019-02-15,7.16,7.16,7.0,467519.12,-0.16,-2.23,7.104,7.036,6.957,507598.02,441299.68,401032.31,7.02
2019-02-18,7.04,7.15,7.04,625428.44,0.11,1.57,7.112,7.064,6.976,541542.71,459139.72,417621.89,7.13
2019-02-19,7.15,7.21,7.12,620184.25,0.01,0.14,7.128,7.081,6.993,564610.41,478007.79,433430.63,7.14
2019-02-20,7.16,7.2,7.12,372849.69,0.04,0.56,7.13,7.105,7.012,521082.95,484518.39,440222.17,7.18
2019-02-21,7.17,7.21,7.08,444507.22,-0.07,-0.97,7.116,7.115,7.029,506097.74,489979.92,448837.85,7.11
2019-02-22,7.15,7.16,7.06,399936.22,0.04,0.56,7.142,7.123,7.04,492581.16,500089.59,436316.88,7.15
2019-02-25,7.17,7.68,7.16,1301555.12,0.42,5.87,7.23,7.171,7.065,627806.5,584674.61,475642.97,7.57
2019-02-26,7.6,7.91,7.54,1558758.38,0.07,0.93,7.33,7.229,7.099,815521.33,690065.87,540109.2,7.64
2019-02-27,7.62,7.75,7.46,786883.19,-0.11,-1.44,7.4,7.265,7.132,898328.03,709705.49,561173.28,7.53
2019-02-28,7.53,7.63,7.46,534831.38,-0.03,-0.4,7.478,7.297,7.163,916392.86,711245.3,570532.6,7.5
2019-03-01,7.56,7.63,7.48,710400.94,0.11,1.47,7.57,7.356,7.196,978485.8,735533.48,588416.58,7.61
2019-03-04,7.66,7.82,7.62,922842.81,0.09,1.18,7.596,7.413,7.239,902743.34,765274.92,612207.32,7.7
2019-03-05,7.69,7.72,7.64,534986.06,0.01,0.13,7.61,7.47,7.276,697988.88,756755.1,617381.45,7.71
2019-03-06,7.69,7.89,7.64,1068238.75,0.11,1.43,7.668,7.534,7.32,754259.99,826294.01,655406.2,7.82
2019-03-07,7.82,7.85,7.72,923536.06,-0.04,-0.51,7.724,7.601,7.358,832000.92,874196.89,682088.41,7.78
2019-03-08,7.58,7.65,7.32,854190.38,-0.4,-5.14,7.678,7.624,7.374,860758.81,919622.31,709855.95,7.38
2019-03-11,7.36,7.44,7.31,745900.69,0.03,0.41,7.62,7.608,7.39,825370.39,864056.86,724365.74,7.41
2019-03-12,7.51,7.62,7.41,861885.88,0.07,0.94,7.574,7.592,7.411,890750.35,794369.61,742217.74,7.48
2019-03-13,7.46,7.48,7.33,613612.94,-0.09,-1.2,7.488,7.578,7.422,799825.19,777042.59,743374.04,7.39
2019-03-14,7.37,7.46,7.26,657804.62,-0.09,-1.22,7.392,7.558,7.428,746678.9,789339.91,750292.61,7.3
2019-03-15,7.3,7.38,7.28,625539.56,0.02,0.27,7.38,7.529,7.443,700948.74,780853.78,758193.63,7.32
2019-03-18,7.34,7.58,7.34,992562.31,0.25,3.42,7.412,7.516,7.465,750281.06,787825.73,776550.32,7.57
2019-03-19,7.53,7.58,7.47,672942.56,-0.06,-0.79,7.418,7.496,7.483,712492.4,801621.38,779188.24,7.51
2019-03-20,7.51,7.58,7.38,625653.19,-0.06,-0.8,7.43,7.459,7.497,714900.45,757362.82,791828.41,7.45
2019-03-21,7.47,7.51,7.41,680793.94,-0.03,-0.4,7.454,7.423,7.512,719498.31,733088.61,803642.75,7.42
2019-03-22,7.42,7.44,7.32,472900.53,-0.01,-0.14,7.472,7.426,7.525,688970.51,694959.62,807290.96,7.41
2019-03-25,7.3,7.35,7.2,775310.19,-0.21,-2.83,7.398,7.405,7.507,645520.08,697900.57,780978.72,7.2
2019-03-26,7.24,7.26,7.08,567288.12,-0.1,-1.39,7.316,7.367,7.48,624389.19,668440.8,731405.21,7.1
2019-03-27,7.14,7.15,7.08,412887.59,0.03,0.42,7.252,7.341,7.46,581836.07,648368.26,712705.43,7.13
2019-03-28,7.1,7.12,7.05,359576.28,-0.05,-0.7,7.184,7.319,7.439,517592.54,618545.43,703942.67,7.08
2019-03-29,7.07,7.25,7.07,762021.69,0.15,2.12,7.148,7.31,7.42,575416.77,632193.64,706523.71,7.23
2019-04-01,7.27,7.57,7.27,1528880.5,0.31,4.29,7.216,7.307,7.412,726130.84,685825.46,736825.59,7.54
2019-04-02,7.54,7.61,7.48,1017797.5,0.04,0.53,7.312,7.314,7.405,816232.71,720310.95,760966.16,7.58
2019-04-03,7.6,7.83,7.56,1078275.5,0.2,2.64,7.442,7.347,7.403,949310.29,765573.18,761468.0,7.78
2019-04-04,7.78,7.88,7.68,1005089.19,-0.02,-0.26,7.578,7.381,7.402,1078412.88,798002.71,765545.66,7.76
2019-04-08,7.8,8.0,7.72,1395185.0,0.22,2.83,7.728,7.438,7.432,1205045.54,890231.16,792595.39,7.98
2019-04-09,7.99,7.99,7.78,817106.75,-0.14,-1.75,7.788,7.502,7.454,1062690.79,894410.81,796155.69,7.84
2019-04-10,7.78,7.93,7.73,659504.56,-0.03,-0.38,7.834,7.573,7.47,991032.2,903632.46,786036.63,7.81
2019-04-11,7.84,7.89,7.66,538366.38,-0.13,-1.67,7.814,7.628,7.485,883050.38,916180.34,782274.3,7.68
2019-04-12,7.65,7.66,7.52,595309.44,-0.11,-1.43,7.776,7.677,7.498,801094.43,939753.65,779149.54,7.57
2019-04-15,7.7,7.75,7.5,567897.19,-0.05,-0.66,7.684,7.706,7.508,635636.86,920341.2,776267.42,7.52
2019-04-16,7.5,7.68,7.47,530980.81,0.15,2.0,7.65,7.719,7.513,578411.68,820551.23,753188.35,7.67
2019-04-17,7.68,7.7,7.6,445021.31,-0.01,-0.13,7.62,7.727,7.521,535515.03,763273.61,741792.28,7.66
2019-04-18,7.66,7.82,7.64,485860.69,0.06,0.78,7.628,7.721,7.534,525013.89,704032.13,734802.66,7.72
2019-04-19,7.76,7.81,7.65,406365.56,0.02,0.26,7.662,7.719,7.55,487225.11,644159.77,721081.24,7.74
2019-04-22,7.74,7.76,7.55,455895.62,-0.16,-2.07,7.674,7.679,7.559,464824.8,550230.83,720230.99,7.58
2019-04-23,7.58,7.62,7.5,427459.53,-0.03,-0.4,7.65,7.65,7.576,444120.54,511266.11,702838.46,7.55
2019-04-24,7.56,7.59,7.5,327134.28,0.01,0.13,7.63,7.625,7.599,420543.14,478029.08,690830.77,7.56
2019-04-25,7.45,7.46,7.21,1049120.5,-0.33,-4.37,7.532,7.58,7.604,533195.1,529104.49,722642.41,7.23
2019-04-26,7.19,7.27,7.14,522871.78,-0.04,-0.55,7.422,7.542,7.61,556496.34,521860.73,730807.19,7.19
2019-04-29,7.24,7.25,7.15,437893.84,-0.03,-0.42,7.338,7.506,7.606,552895.99,508860.39,714600.8,7.16
2019-04-30,7.15,7.22,7.15,306533.97,0.01,0.14,7.262,7.456,7.588,528710.87,486415.71,653483.47,7.17
2019-05-06,7.08,7.08,6.76,887207.19,-0.27,-3.77,7.13,7.38,7.554,640725.46,530634.3,646953.95,6.9
2019-05-07,6.93,6.96,6.8,551464.06,-0.03,-0.43,7.058,7.295,7.508,541194.17,537194.63,620613.38,6.87
2019-05-08,6.78,6.8,6.69,493347.84,-0.13,-1.89,6.968,7.195,7.457,535289.38,545892.86,595026.32,6.74
2019-05-09,6.75,6.78,6.64,374967.22,-0.06,-0.89,6.872,7.105,7.392,522704.06,537800.02,544015.43,6.68
2019-05-10,6.74,6.88,6.68,585066.06,0.19,2.84,6.812,7.037,7.344,578410.47,553560.67,532413.39,6.87
2019-05-13,6.79,6.83,6.75,317037.84,-0.11,-1.6,6.784,6.957,7.291,464376.6,552551.03,515290.06,6.76
2019-05-14,6.68,6.79,6.66,416763.72,-0.09,-1.33,6.744,6.901,7.241,437436.54,489315.35,509209.92,6.67
2019-05-15,6.69,6.83,6.69,362242.22,0.13,1.95,6.756,6.862,7.202,411215.41,473252.4,497556.56,6.8
2019-05-16,6.79,6.92,6.77,385592.91,0.04,0.59,6.788,6.83,7.168,413340.55,468022.3,488441.35,6.84
2019-05-17,6.85,6.87,6.74,366049.25,-0.08,-1.17,6.766,6.789,7.123,369537.19,473973.83,480194.77,6.76
2019-05-20,6.73,6.82,6.71,323772.81,-0.01,-0.15,6.764,6.774,7.077,370884.18,417630.39,474132.34,6.75
2019-05-21,6.73,6.8,6.72,521685.31,0.01,0.15,6.782,6.763,7.029,391868.5,414652.52,475923.58,6.76
2019-05-22,6.75,6.76,6.64,565288.75,-0.1,-1.48,6.754,6.755,6.975,432477.81,421846.61,483869.74,6.66
2019-05-23,6.63,6.67,6.59,326305.44,-0.04,-0.6,6.71,6.749,6.927,420620.31,416980.43,477390.23,6.62
2019-05-24,6.63,6.69,6.62,196124.66,0.04,0.6,6.69,6.728,6.883,386635.39,378086.29,465823.48,6.66
2019-05-27,6.69,6.78,6.67,464531.91,0.09,1.35,6.69,6.727,6.842,414787.21,392835.7,472693.36,6.75
2019-05-28,6.78,7.0,6.78,889129.44,0.25,3.7,6.738,6.76,6.831,488276.04,440072.27,464693.81,7.0
2019-05-29,6.97,6.98,6.91,343636.22,-0.06,-0.86,6.794,6.774,6.818,443945.53,438211.67,455732.03,6.94
2019-05-30,6.91,6.98,6.9,455309.84,-0.02,-0.29,6.854,6.782,6.806,469746.41,445183.36,456602.83,6.92
2019-05-31,6.42,6.43,6.3,601336.81,-0.12,-1.87,6.782,6.736,6.763,550788.84,468712.12,471342.98,6.3
2019-06-03,6.34,6.42,6.31,320760.56,0.08,1.27,6.708,6.699,6.737,522034.57,468410.89,443020.64,6.38
2019-06-04,6.37,6.39,6.3,186373.48,-0.03,-0.47,6.578,6.658,6.711,381483.38,434879.71,424766.11,6.35
2019-06-05,6.4,6.42,6.33,205905.91,-0.01,-0.16,6.458,6.626,6.691,353937.32,398941.43,410394.02,6.34
2019-06-06,6.38,6.38,6.3,186693.66,-0.04,-0.63,6.334,6.594,6.672,300214.08,384980.25,400980.34,6.3
2019-06-10,6.36,6.38,6.3,260817.23,0.05,0.79,6.344,6.563,6.646,232110.17,391449.51,384767.9,6.35
2019-06-11,6.35,6.49,6.35,492856.91,0.12,1.89,6.362,6.535,6.631,266529.44,394282.01,393558.85,6.47
2019-06-12,6.44,6.45,6.38,256621.86,-0.07,-1.08,6.372,6.475,6.618,280579.11,331031.25,385551.76,6.4
2019-06-13,6.4,6.44,6.34,269165.78,-0.01,-0.16,6.382,6.42,6.597,293231.09,323584.2,380897.94,6.39
2019-06-14,6.39,6.41,6.37,236699.05,-0.01,-0.16,6.398,6.366,6.574,303232.17,301723.13,373453.24,6.38
2019-06-17,6.39,6.46,6.36,253110.62,0.04,0.63,6.412,6.378,6.557,301690.84,266900.51,367806.31,6.42
2019-06-18,6.46,6.46,6.39,198612.62,0.0,0.0,6.402,6.382,6.541,242841.99,254685.71,361548.3,6.42
2019-06-19,6.51,6.55,6.44,280457.91,0.04,0.62,6.414,6.393,6.526,247609.2,264094.16,349486.93,6.46
2019-06-20,6.46,6.55,6.4,410151.38,0.05,0.77,6.438,6.41,6.518,275806.32,284518.7,341730.06,6.51
2019-06-21,6.5,6.55,6.49,339518.28,0.03,0.46,6.47,6.434,6.514,296370.16,299801.16,342390.71,6.54
2019-06-24,6.56,6.72,6.56,534328.81,0.12,1.83,6.518,6.465,6.514,352613.8,327152.32,359300.91,6.66
2019-06-25,6.66,6.67,6.53,288195.59,-0.09,-1.35,6.548,6.475,6.505,370530.39,306686.19,350484.1,6.57
2019-06-26,6.55,6.57,6.51,192775.62,-0.05,-0.76,6.56,6.487,6.481,352993.94,300301.57,315666.41,6.52
2019-06-27,6.54,6.61,6.49,409369.62,0.02,0.31,6.566,6.502,6.461,352837.58,314321.95,318953.08,6.54
2019-06-28,6.54,6.54,6.46,214585.55,-0.04,-0.61,6.558,6.514,6.44,327851.04,312110.6,306916.86,6.5
2019-07-01,6.57,6.63,6.55,430934.47,0.1,1.54,6.546,6.532,6.455,307172.17,329892.99,298396.75,6.6
2019-07-02,6.59,6.65,6.57,350047.78,0.04,0.61,6.56,6.554,6.468,319542.61,345036.5,299861.11,6.64
2019-07-03,6.66,6.66,6.53,305419.84,-0.03,-0.45,6.578,6.569,6.481,342071.45,347532.69,305813.42,6.61
2019-07-04,6.62,6.66,6.59,247185.41,0.0,0.0,6.592,6.579,6.495,309634.61,331236.1,307877.4,6.61
2019-07-05,6.62,6.62,6.54,172658.28,-0.02,-0.3,6.61,6.584,6.509,301249.16,314550.1,307175.63,6.59
2019-07-08,6.56,6.57,6.43,282899.12,-0.15,-2.28,6.578,6.562,6.514,271642.09,289407.13,308279.73,6.44
2019-07-09,6.44,6.47,6.4,196338.89,-0.02,-0.31,6.534,6.547,6.511,240900.31,280221.46,293453.82,6.42
2019-07-10,6.43,6.45,6.33,234372.02,-0.07,-1.09,6.482,6.53,6.509,226690.74,284381.1,292341.33,6.35
2019-07-11,6.39,6.43,6.3,237726.2,-0.01,-0.16,6.428,6.51,6.506,224798.9,267216.76,290769.35,6.34
2019-07-12,6.34,6.37,6.31,200571.95,-0.01,-0.16,6.376,6.493,6.504,230381.64,265815.4,288963.0,6.33
2019-07-15,6.31,6.32,6.13,488507.19,-0.08,-1.26,6.338,6.458,6.495,271503.25,271572.67,300732.83,6.25
2019-07-16,6.24,6.27,6.21,202993.45,0.0,0.0,6.304,6.419,6.487,272834.16,256867.24,300951.87,6.25
2019-07-17,6.23,6.27,6.21,175940.98,0.0,0.0,6.284,6.383,6.476,261147.95,243919.35,295726.02,6.25
2019-07-18,6.24,6.25,6.21,142607.52,-0.03,-0.48,6.26,6.344,6.462,242124.22,233461.56,282348.83,6.22
2019-07-19,6.23,6.31,6.22,187561.91,0.05,0.8,6.248,6.312,6.448,239522.21,234951.92,274751.01,6.27
2019-07-22,6.25,6.27,6.16,289861.12,-0.08,-1.28,6.236,6.287,6.425,199793.0,235648.12,262527.63,6.19
2019-07-23,6.2,6.28,6.2,225715.97,0.07,1.13,6.238,6.271,6.409,204337.5,238585.83,259403.64,6.26
2019-07-24,6.29,6.34,6.28,190817.66,0.05,0.8,6.25,6.267,6.399,207312.84,234230.4,259305.75,6.31
2019-07-25,6.33,6.33,6.27,189635.27,-0.02,-0.32,6.264,6.262,6.386,216718.39,229421.3,248319.03,6.29
2019-07-26,6.27,6.31,6.26,145905.5,0.0,0.0,6.268,6.258,6.376,208387.1,223954.66,244885.03,6.29
2019-07-29,6.29,6.33,6.28,248490.62,0.03,0.48,6.294,6.265,6.362,200113.0,199953.0,235762.83,6.32
2019-07-30,6.33,6.38,6.31,341720.72,0.06,0.95,6.318,6.278,6.349,223313.95,213825.73,235346.48,6.38
2019-07-31,6.35,6.39,6.34,225395.59,0.0,0.0,6.332,6.291,6.337,230229.54,218771.19,231345.27,6.38
2019-08-01,6.36,6.37,6.26,279937.66,-0.12,-1.88,6.326,6.295,6.32,248290.02,232504.2,232982.88,6.26
2019-08-02,6.2,6.21,6.14,319957.88,-0.08,-1.28,6.304,6.286,6.299,283100.49,245743.8,240347.86,6.18
2019-08-05,6.15,6.16,6.04,371919.19,-0.14,-2.27,6.248,6.271,6.279,307786.21,253949.61,244798.86,6.04
2019-08-06,5.99,6.0,5.86,475337.38,-0.13,-2.15,6.154,6.236,6.254,334509.54,278911.75,258748.79,5.91
2019-08-07,5.91,5.94,5.86,247967.09,-0.05,-0.85,6.05,6.191,6.229,339023.84,284626.69,259428.54,5.86
2019-08-08,5.89,5.92,5.87,214596.34,0.04,0.68,5.978,6.152,6.207,325955.58,287122.8,258272.05,5.9
2019-08-09,5.9,5.92,5.86,190312.38,-0.01,-0.17,5.92,6.112,6.185,300026.48,291563.49,257759.07,5.89
2019-08-12,5.89,5.92,5.85,245102.97,0.03,0.51,5.896,6.072,6.169,274663.23,291224.72,245588.86,5.92
2019-08-13,5.9,5.9,5.85,164716.06,-0.05,-0.84,5.888,6.021,6.15,212538.97,273524.25,243674.99,5.87
2019-08-14,5.91,5.94,5.88,136849.23,0.02,0.34,5.894,5.972,6.132,190315.4,264669.62,241720.4,5.89
2019-08-15,5.83,5.88,5.74,289883.88,-0.04,-0.68,5.884,5.931,6.113,205372.9,265664.24,249084.22,5.85
2019-08-16,5.85,5.88,5.83,187005.02,-0.01,-0.17,5.874,5.897,6.092,204711.43,252368.95,249056.38,5.84
2019-08-19,5.88,5.94,5.83,303230.03,0.09,1.54,5.876,5.886,6.079,216336.84,245500.04,249724.82,5.93
2019-08-20,5.91,5.96,5.9,208379.25,-0.01,-0.17,5.886,5.887,6.062,225069.48,218804.23,248857.99,5.92
2019-08-21,5.91,5.92,5.89,149787.91,-0.01,-0.17,5.89,5.892,6.042,227657.22,208986.31,246806.5,5.91
2019-08-22,5.93,5.93,5.86,151784.16,-0.02,-0.34,5.898,5.891,6.022,200037.27,202705.09,244913.94,5.89
2019-08-23,5.87,5.92,5.85,223430.66,0.03,0.51,5.914,5.894,6.003,207322.4,206016.92,248790.2,5.92
2019-08-26,5.81,5.88,5.8,161640.84,-0.07,-1.18,5.898,5.887,5.98,179004.56,197670.7,244447.71,5.85
2019-08-27,5.86,5.95,5.85,401751.88,0.1,1.71,5.904,5.895,5.958,217679.09,221374.29,247449.27,5.95
2019-08-28,5.94,5.97,5.88,216661.56,-0.06,-1.01,5.9,5.895,5.934,231053.82,229355.52,247012.57,5.89
2019-08-29,5.88,5.9,5.81,204155.52,-0.03,-0.51,5.894,5.896,5.914,241528.09,220782.68,243223.46,5.86
2019-08-30,5.89,5.89,5.8,271969.97,-0.05,-0.85,5.872,5.893,5.895,251235.95,229279.18,240824.07,5.81
2019-09-02,5.81,5.88,5.81,299590.44,0.06,1.03,5.876,5.887,5.887,278825.87,228915.22,237207.63,5.87
2019-09-03,5.87,5.9,5.85,246606.95,0.02,0.34,5.864,5.884,5.886,247796.89,232737.99,225771.11,5.89
2019-09-04,5.89,6.1,5.87,634881.25,0.21,3.56,5.906,5.903,5.898,331440.83,281247.32,245116.82,6.1
2019-09-05,6.13,6.21,6.06,649176.12,-0.03,-0.49,5.948,5.921,5.906,420444.95,330986.52,266845.8,6.07
2019-09-06,6.09,6.12,6.02,336098.38,-0.01,-0.17,5.998,5.935,5.915,433270.63,342253.29,274135.1,6.06
2019-09-09,6.1,6.14,6.06,258101.34,0.05,0.82,6.046,5.961,5.924,424972.81,351899.34,274785.02,6.11
2019-09-10,6.11,6.13,6.08,207856.73,0.0,0.0,6.09,5.977,5.936,417222.76,332509.83,276942.06,6.11
2019-09-11,6.13,6.16,6.09,278795.22,0.03,0.49,6.098,6.002,5.949,346005.56,338723.19,284039.36,6.14
2019-09-12,6.17,6.28,6.15,438170.12,0.11,1.79,6.134,6.041,5.969,303804.36,362124.65,291453.67,6.25
2019-09-16,6.27,6.34,6.22,399981.81,0.05,0.8,6.182,6.09,5.992,316581.04,374925.84,302102.51,6.3
2019-09-17,6.3,6.33,6.2,336172.38,-0.09,-1.43,6.202,6.124,6.006,332195.25,378584.03,303749.62,6.21
2019-09-18,6.22,6.24,6.14,206185.69,-0.07,-1.13,6.208,6.149,6.017,331861.04,374541.9,303639.95,6.14
2019-09-19,6.15,6.21,6.11,176033.19,0.04,0.65,6.216,6.157,6.03,311308.64,328657.1,304952.21,6.18
2019-09-20,6.19,6.2,6.13,277601.03,-0.01,-0.16,6.2,6.167,6.044,279194.82,291499.59,311243.05,6.17
2019-09-23,6.15,6.16,6.02,269302.5,-0.05,-0.81,6.164,6.173,6.054,253058.96,284820.0,313536.65,6.12
2019-09-24,6.12,6.14,6.05,207385.8,-0.05,-0.82,6.136,6.169,6.065,227301.64,279748.45,315823.89,6.07
2019-09-25,6.05,6.06,5.99,183570.52,-0.06,-0.99,6.11,6.159,6.068,222778.61,277319.83,304914.83,6.01
2019-09-26,6.02,6.04,5.98,181894.48,0.02,0.33,6.08,6.148,6.075,223950.87,267629.75,303176.47,6.03
2019-09-27,6.03,6.03,5.91,344771.84,-0.11,-1.82,6.03,6.115,6.078,237385.03,258289.92,310207.29,5.92
2019-09-30,5.91,5.96,5.9,180312.27,-0.01,-0.17,5.988,6.076,6.083,219586.98,236322.97,305624.4,5.91
2019-10-08,5.91,5.94,5.89,240310.59,-0.01,-0.17,5.954,6.045,6.085,226171.94,226736.79,302660.41,5.9
2019-10-09,5.86,5.9,5.85,212098.31,-0.01,-0.17,5.93,6.02,6.085,231877.5,227328.05,300934.98,5.89
2019-10-10,5.89,5.92,5.87,159120.23,0.03,0.51,5.908,5.994,6.076,227322.65,225636.76,277146.93,5.92
2019-10-11,5.94,5.98,5.88,223122.84,0.04,0.68,5.916,5.973,6.07,202992.85,220188.94,255844.26,5.96
2019-10-14,5.97,6.03,5.97,315119.06,0.04,0.67,5.934,5.961,6.067,229954.21,224770.59,254795.3,6.0
2019-10-15,6.01,6.01,5.97,152167.09,-0.03,-0.5,5.948,5.951,6.06,212325.51,219248.72,249498.59,5.97
2019-10-16,5.98,6.01,5.94,178060.06,-0.02,-0.34,5.96,5.945,6.052,205517.86,218697.68,248008.75,5.95
2019-10-17,5.94,5.98,5.91,138077.31,-0.02,-0.34,5.962,5.935,6.042,201309.27,214315.96,240972.86,5.93
2019-10-18,5.95,5.95,5.85,250742.38,-0.05,-0.84,5.946,5.931,6.023,206833.18,204913.01,231601.47,5.88
2019-10-21,5.86,5.87,5.81,210741.61,-0.06,-1.02,5.91,5.922,5.999,185957.69,207955.95,222139.46,5.82
2019-10-22,5.87,5.87,5.78,323447.62,0.0,0.0,5.88,5.914,5.98,220213.8,216269.65,221503.22,5.82
2019-10-23,5.82,5.83,5.75,284276.41,-0.05,-0.86,5.844,5.902,5.961,241457.07,223487.46,225407.76,5.77
2019-10-24,5.77,5.83,5.76,239942.11,0.04,0.69,5.82,5.891,5.943,261830.03,231569.65,228603.2,5.81
2019-10-25,5.84,5.84,5.77,261465.25,0.01,0.17,5.808,5.877,5.925,263974.6,235403.89,227796.41,5.82
2019-10-28,5.82,5.92,5.82,370150.66,0.1,1.72,5.828,5.869,5.915,295856.41,240907.05,232838.82,5.92
2019-10-29,5.9,5.9,5.87,206001.95,-0.03,-0.51,5.842,5.861,5.906,272367.28,246290.54,232769.63,5.89
2019-10-30,5.88,5.89,5.81,179823.03,-0.04,-0.68,5.858,5.851,5.898,251476.6,246466.83,232582.26,5.85
2019-10-31,5.82,5.85,5.77,206374.7,-0.05,-0.85,5.856,5.838,5.887,244763.12,253296.57,233806.27,5.8
2019-11-01,5.8,5.81,5.74,452659.81,0.0,0.0,5.852,5.83,5.881,283002.03,273488.32,239200.66,5.8
2019-11-04,5.8,5.8,5.69,697710.44,-0.08,-1.38,5.812,5.82,5.871,348513.99,322185.2,265070.57,5.72
2019-11-05,5.7,5.73,5.66,576207.06,-0.02,-0.35,5.774,5.808,5.861,422555.01,347461.14,281865.4,5.7
2019-11-06,5.71,5.73,5.68,421663.06,0.0,0.0,5.744,5.801,5.852,470923.01,361199.81,292343.63,5.7
2019-11-07,5.7,5.71,5.66,446452.84,-0.03,-0.53,5.718,5.787,5.839,518938.64,381850.88,306710.26,5.67
2019-11-08,5.68,5.69,5.61,487612.91,-0.06,-1.06,5.68,5.766,5.822,525929.26,404465.65,319934.77,5.61
2019-11-11,5.6,5.61,5.46,519198.81,-0.13,-2.32,5.632,5.722,5.796,490226.94,419370.46,330138.76,5.48
2019-11-12,5.49,5.5,5.41,443793.47,-0.05,-0.91,5.578,5.676,5.769,463744.22,443149.61,344720.07,5.43
2019-11-13,5.42,5.43,5.32,555267.12,-0.08,-1.47,5.508,5.626,5.739,490465.03,480694.02,363580.43,5.35
2019-11-14,5.34,5.38,5.31,507822.75,-0.01,-0.19,5.442,5.58,5.709,502739.01,510838.83,382067.7,5.34
2019-11-15,5.34,5.35,5.26,562052.06,-0.06,-1.12,5.376,5.528,5.679,517626.84,521778.05,397633.18,5.28
2019-11-18,5.28,5.33,5.22,1146191.5,-0.01,-0.19,5.334,5.483,5.652,643025.38,566626.16,444405.68,5.27
2019-11-19,5.25,5.37,5.23,1112420.38,0.1,1.9,5.322,5.45,5.629,776750.76,620247.49,483854.32,5.37
2019-11-20,5.36,5.42,5.31,1115771.25,0.01,0.19,5.328,5.418,5.61,888851.59,689658.31,525429.06,5.38
2019-11-21,5.34,5.4,5.29,882637.69,0.0,0.0,5.336,5.389,5.588,963814.58,733276.79,557563.84,5.38
2019-11-22,5.4,5.52,5.38,1589536.0,0.12,2.23,5.38,5.378,5.572,1169311.36,843469.1,623967.37,5.5
2019-11-25,5.6,5.81,5.56,2107810.25,0.26,4.73,5.478,5.406,5.564,1361635.11,1002330.25,710850.35,5.76
2019-11-26,5.75,5.75,5.6,1193579.25,-0.1,-1.74,5.536,5.429,5.553,1377866.89,1077308.83,760229.22,5.66
2019-11-27,5.63,5.67,5.53,852372.19,-0.06,-1.06,5.58,5.454,5.54,1325187.08,1107019.33,793856.68,5.6
2019-11-28,5.57,5.59,5.48,584378.0,-0.1,-1.79,5.604,5.47,5.525,1265535.14,1114674.86,812756.84,5.5
2019-11-29,5.5,5.54,5.45,586371.5,-0.03,-0.55,5.598,5.489,5.509,1064902.24,1117106.8,819442.43,5.47
2019-12-02,5.47,5.5,5.43,634064.5,-0.01,-0.18,5.538,5.508,5.496,770153.09,1065894.1,816260.13,5.46
2019-12-03,5.44,5.45,5.36,734466.69,-0.07,-1.28,5.484,5.51,5.48,678330.58,1028098.73,824173.11,5.39
2019-12-04,5.36,5.44,5.35,615264.56,0.04,0.74,5.45,5.515,5.467,630909.05,978048.06,833853.19,5.43
2019-12-05,5.43,5.43,5.35,692337.75,-0.03,-0.55,5.43,5.517,5.453,652501.0,959018.07,846147.43,5.4
2019-12-06,5.37,5.41,5.37,384614.69,0.01,0.18,5.418,5.508,5.443,612149.64,838525.94,840997.52,5.41
2019-12-09,5.43,5.65,5.42,1673757.5,0.22,4.07,5.452,5.495,5.451,820088.24,795120.66,898725.46,5.63
2019-12-10,5.68,5.68,5.6,733543.62,-0.02,-0.35,5.496,5.49,5.46,819903.62,749117.1,913212.96,5.61
2019-12-11,5.64,5.72,5.63,843887.12,0.05,0.89,5.542,5.496,5.475,865628.14,748268.59,927643.96,5.66
2019-12-12,5.66,5.67,5.54,867767.0,-0.1,-1.77,5.574,5.502,5.486,900713.99,776607.49,945641.18,5.56
2019-12-13,5.6,5.69,5.56,1427982.12,0.13,2.34,5.63,5.524,5.507,1109387.47,860768.56,988937.68,5.69
2019-12-16,5.67,5.73,5.66,1077505.88,0.04,0.7,5.65,5.551,5.53,990137.15,905112.69,985503.4,5.73
2019-12-17,5.71,5.86,5.68,1338584.25,0.07,1.22,5.688,5.592,5.551,1111145.27,965524.45,996811.59,5.8
2019-12-18,5.8,5.85,5.73,971983.5,-0.04,-0.69,5.708,5.625,5.57,1136764.55,1001196.34,989622.2,5.76
2019-12-19,5.73,5.75,5.68,747103.62,-0.03,-0.52,5.742,5.658,5.588,1112631.87,1006672.93,982845.5,5.73
2019-12-20,5.72,5.73,5.61,1103271.25,-0.11,-1.92,5.728,5.679,5.594,1047689.7,1078538.59,958532.26,5.62
2019-12-23,5.63,5.68,5.55,709842.69,-0.04,-0.71,5.698,5.674,5.585,974157.06,982147.11,888633.88,5.58
2019-12-24,5.59,5.64,5.55,496584.97,0.06,1.07,5.666,5.677,5.584,805757.21,958451.24,853784.17,5.64
2019-12-25,5.62,5.62,5.56,477064.31,-0.06,-1.06,5.63,5.669,5.583,706773.37,921768.96,835018.78,5.58
2019-12-26,5.59,5.64,5.57,543532.5,0.05,0.9,5.61,5.676,5.589,666059.14,889345.51,832976.5,5.63
2019-12-27,5.63,5.73,5.61,1082320.75,0.05,0.89,5.622,5.675,5.6,661869.04,854779.37,857773.96,5.68
2019-12-30,5.67,5.76,5.64,1233965.5,0.07,1.23,5.656,5.677,5.614,766693.61,870425.33,887769.01,5.75
2019-12-31,5.73,5.76,5.67,991989.56,-0.01,-0.17,5.676,5.671,5.632,865774.52,835765.87,900645.16,5.74
2020-01-02,5.77,5.88,5.77,1608745.62,0.06,1.04,5.72,5.675,5.65,1092110.79,899442.08,950319.21,5.8
2020-01-03,5.82,5.84,5.77,810379.38,0.0,0.0,5.754,5.682,5.67,1145480.16,905769.65,956221.29,5.8
2020-01-06,5.77,5.8,5.72,1051389.25,-0.05,-0.86,5.768,5.695,5.687,1139293.86,900581.45,989560.02,5.75
2020-01-07,5.75,5.83,5.74,978161.38,0.08,1.39,5.784,5.72,5.697,1088133.04,927413.32,954780.21,5.83
2020-01-08,5.8,5.8,5.73,884021.31,-0.09,-1.54,5.784,5.73,5.704,1066539.39,966156.96,962304.1,5.74
2020-01-09,5.78,5.8,5.75,593861.88,0.06,1.04,5.784,5.752,5.711,863562.64,977836.71,949802.84,5.8
2020-01-10,5.81,5.81,5.71,686215.25,-0.06,-1.03,5.772,5.763,5.72,838729.81,992104.99,940725.25,5.74
2020-01-13,5.75,5.75,5.67,661753.31,-0.01,-0.17,5.768,5.768,5.722,760802.63,950048.24,902413.81,5.73
2020-01-14,5.73,5.78,5.71,722092.88,-0.01,-0.17,5.746,5.765,5.721,709588.93,898860.98,884643.16,5.72
2020-01-15,5.73,5.75,5.65,672453.0,-0.04,-0.7,5.734,5.759,5.715,667275.26,866907.33,851336.6,5.68
2020-01-16,5.68,5.69,5.62,571811.5,-0.04,-0.7,5.702,5.743,5.709,662865.19,763213.91,831328.0,5.64
2020-01-17,5.64,5.72,5.63,709131.88,0.08,1.42,5.698,5.735,5.709,667448.51,753089.16,829429.41,5.72
2020-01-20,5.73,5.75,5.68,655365.31,0.02,0.35,5.7,5.734,5.715,666170.91,713486.77,807034.11,5.74
2020-01-21,5.72,5.72,5.58,752290.38,-0.14,-2.44,5.676,5.711,5.716,672210.41,690899.67,809156.5,5.6
2020-01-22,5.57,5.61,5.53,497234.41,0.0,0.0,5.66,5.697,5.714,637166.7,652220.98,809188.97,5.6
2020-01-23,5.55,5.55,5.4,729195.81,-0.17,-3.04,5.618,5.66,5.706,668643.56,665754.37,821795.54,5.43
