date,open,high,low,volume,price_change,p_change,ma5,ma10,ma20,v_ma5,v_ma10,v_ma20,close
2017-07-25,18.38,18.93,18.35,89092.3,0.47,2.56,18.85,18.85,18.85,89092.3,89092.3,89092.3,18.85
2017-07-26,18.86,18.94,18.49,60707.9,-0.3,-1.59,18.7,18.7,18.7,74900.1,74900.1,74900.1,18.55
2017-07-27,18.57,19.9,18.57,166222.59,1.18,6.36,19.043,19.043,19.043,105340.93,105340.93,105340.93,19.73
2017-07-28,19.57,19.73,19.08,101975.39,-0.56,-2.84,19.075,19.075,19.075,104499.55,104499.55,104499.55,19.17
2017-07-31,19.11,19.15,18.75,77349.66,-0.15,-0.78,19.064,19.064,19.064,99069.57,99069.57,99069.57,19.02
2017-08-01,19.05,19.24,18.81,66121.72,0.2,1.05,19.138,19.09,19.09,94475.45,93578.26,93578.26,19.22
2017-08-02,19.22,19.22,18.76,61722.08,-0.42,-2.19,19.188,19.049,19.049,94678.29,89027.38,89027.38,18.8
2017-08-03,18.78,19.22,18.6,53785.16,-0.03,-0.16,18.996,19.014,19.014,72190.8,84622.1,84622.1,18.77
2017-08-04,18.74,18.98,18.61,54098.28,-0.15,-0.8,18.886,18.97,18.97,62615.38,81230.56,81230.56,18.62
2017-08-07,18.63,18.93,18.63,33527.02,0.1,0.54,18.826,18.945,18.945,53850.85,76460.21,76460.21,18.72
2017-08-08,18.73,19.0,18.45,54906.84,0.27,1.44,18.78,18.959,18.949,51607.88,73041.66,74500.81,18.99
2017-08-09,18.89,18.98,18.73,38894.01,-0.25,-1.32,18.768,18.978,18.932,47042.26,70860.28,71533.58,18.74
2017-08-10,18.8,18.95,18.6,41059.3,0.04,0.21,18.77,18.883,18.92,44497.09,58343.95,69189.4,18.78
2017-08-11,18.68,18.93,18.31,61222.39,-0.41,-2.18,18.72,18.803,18.881,45921.91,54268.65,68620.33,18.37
2017-08-14,18.45,19.33,18.37,142850.3,0.83,4.52,18.816,18.821,18.902,67786.57,60818.71,73569.0,19.2
2017-08-15,19.14,19.26,18.89,93409.29,-0.2,-1.04,18.818,18.799,18.908,75487.06,63547.47,74809.01,19.0
2017-08-16,19.03,19.71,18.95,190468.77,0.4,2.1,18.95,18.859,18.937,105802.01,76422.14,81612.53,19.4
2017-08-17,19.35,21.29,19.15,288743.94,0.99,5.1,19.272,19.021,19.018,155338.94,99918.01,93119.83,20.39
2017-08-18,20.1,20.82,20.0,171493.2,-0.17,-0.83,19.642,19.181,19.081,177393.1,111657.51,97244.74,20.22
2017-08-21,20.2,20.88,20.11,124583.5,0.13,0.64,19.872,19.344,19.145,173739.74,120763.15,98611.68,20.35
2017-08-22,20.34,20.34,19.76,127951.11,-0.09,-0.44,20.124,19.471,19.215,180648.1,128067.58,100554.62,20.26
2017-08-23,20.1,21.43,20.02,245209.41,0.52,2.57,20.4,19.675,19.327,191596.23,148699.12,109779.7,20.78
2017-08-24,20.46,20.5,19.9,133220.81,-0.78,-3.75,20.322,19.797,19.34,160491.61,157915.27,108129.61,20.0
2017-08-25,19.95,20.45,19.85,87050.7,0.25,1.25,20.328,19.985,19.394,143603.11,160498.1,107383.37,20.25
2017-08-28,20.33,20.85,20.16,141125.06,0.24,1.19,20.356,20.114,19.468,146911.42,160325.58,110572.14,20.49
2017-08-29,20.5,20.55,20.06,91977.77,-0.13,-0.63,20.376,20.25,19.525,139716.75,160182.43,111864.95,20.36
2017-08-30,20.2,20.54,20.15,89352.61,-0.1,-0.49,20.272,20.336,19.598,108545.39,150070.81,113246.47,20.26
2017-08-31,19.9,20.09,19.72,121119.18,-0.35,-1.73,20.254,20.288,19.655,106125.06,133308.34,116613.17,19.91
2017-09-01,19.97,20.48,19.81,127763.87,0.5,2.51,20.286,20.307,19.744,114267.7,128935.4,120296.45,20.41
2017-09-04,20.4,21.64,20.21,309090.78,0.88,4.31,20.446,20.401,19.873,147860.84,147386.13,134074.64,21.29
2017-09-05,21.34,21.34,20.8,149702.03,-0.38,-1.78,20.556,20.466,19.969,159405.69,149561.22,138814.4,20.91
2017-09-06,20.79,21.58,20.71,180756.84,0.57,2.73,20.8,20.536,20.106,177686.54,143115.97,145907.54,21.48
2017-09-07,21.4,21.6,20.8,177778.22,-0.66,-3.07,20.982,20.618,20.208,189018.35,147571.71,152743.49,20.82
2017-09-08,20.76,21.16,20.51,111411.1,0.2,0.96,21.104,20.695,20.34,185747.79,150007.75,155252.92,21.02
2017-09-11,21.1,21.35,20.87,121315.85,0.13,0.62,21.076,20.761,20.438,148192.81,148026.83,154176.2,21.15
2017-09-12,21.0,22.7,20.95,400737.94,0.94,4.44,21.312,20.934,20.592,198399.99,178902.84,169542.63,22.09
2017-09-13,21.88,21.98,21.35,179448.98,-0.42,-1.9,21.35,21.075,20.706,198138.42,187912.48,168991.65,21.67
2017-09-14,21.55,22.13,21.53,181731.38,0.03,0.14,21.526,21.254,20.771,198929.05,193973.7,163641.02,21.7
2017-09-15,21.5,21.55,21.02,127118.02,-0.58,-2.67,21.546,21.325,20.816,202070.43,193909.11,161422.26,21.12
2017-09-18,21.25,21.5,21.05,82128.28,0.03,0.14,21.546,21.311,20.856,194232.92,171212.86,159299.5,21.15
2017-09-19,21.13,21.34,20.89,83833.34,-0.1,-0.47,21.338,21.325,20.896,130852.0,164626.0,157093.61,21.05
2017-09-20,21.05,21.43,20.74,100701.02,0.35,1.66,21.284,21.317,20.927,115102.41,156620.41,149868.19,21.4
2017-09-21,21.4,21.53,20.81,98338.6,-0.56,-2.62,21.112,21.319,20.969,98423.85,148676.45,148124.08,20.84
2017-09-22,20.8,20.8,20.13,86254.54,-0.62,-2.98,20.932,21.239,20.967,90251.16,146160.8,148084.27,20.22
2017-09-25,20.2,20.47,19.88,53062.03,-0.33,-1.63,20.68,21.113,20.937,84437.91,139335.41,143681.12,19.89
2017-09-26,19.82,20.19,19.82,36403.56,0.27,1.36,20.502,20.92,20.927,74951.95,102901.98,140902.41,20.16
2017-09-27,20.1,20.38,20.05,36786.86,0.08,0.4,20.27,20.777,20.926,62169.12,88635.76,138274.12,20.24
2017-09-28,20.12,20.68,20.12,64868.18,0.08,0.4,20.166,20.639,20.947,55475.03,76949.44,135461.57,20.32
2017-09-29,20.34,20.49,20.12,45952.69,-0.08,-0.39,20.17,20.551,20.938,47414.66,68832.91,131371.01,20.24
2017-10-09,20.49,20.86,20.45,75186.38,0.43,2.12,20.326,20.503,20.907,51839.53,68138.72,119675.79,20.67
2017-10-10,20.75,22.74,20.62,163753.41,2.07,10.02,20.842,20.672,20.999,77309.5,76130.73,120378.36,22.74
2017-10-11,23.0,23.86,22.24,526090.56,-0.44,-1.94,21.254,20.762,21.04,175170.24,118669.68,137645.05,22.3
2017-10-12,22.05,23.3,21.83,337439.44,0.43,1.93,21.736,20.951,21.135,229684.5,142579.77,145628.11,22.73
2017-10-13,22.51,22.7,22.0,200556.77,-0.41,-1.8,22.152,21.161,21.2,260605.31,154009.99,150085.39,22.32
2017-10-16,22.29,22.76,21.6,217336.72,-0.55,-2.46,22.372,21.349,21.231,289035.38,170437.46,154886.44,21.77
2017-10-17,21.55,21.89,21.4,116591.92,-0.1,-0.46,22.158,21.5,21.21,279603.08,178456.29,140679.13,21.67
2017-10-18,21.7,21.95,20.59,158862.16,-1.0,-4.62,21.832,21.543,21.16,206157.4,190663.82,139649.79,20.67
2017-10-19,20.59,20.95,20.1,119267.74,-0.36,-1.74,21.348,21.542,21.091,162523.06,196103.78,136526.61,20.31
2017-10-20,20.16,20.96,20.06,96336.51,0.57,2.81,21.06,21.606,21.079,141679.01,201142.16,134987.54,20.88
2017-10-23,20.58,20.86,20.46,81398.33,-0.17,-0.81,20.848,21.61,21.057,114491.33,201763.36,134951.04,20.71
2017-10-24,20.62,20.63,20.04,86248.36,-0.27,-1.3,20.602,21.38,21.026,108422.62,194012.85,135071.79,20.44
2017-10-25,20.34,20.7,20.27,65586.24,0.21,1.03,20.598,21.215,20.989,89767.44,147962.42,133316.05,20.65
2017-10-26,20.68,20.87,20.44,73338.73,0.15,0.73,20.696,21.022,20.987,80581.63,121552.35,132066.06,20.8
2017-10-27,20.7,21.0,20.2,77405.01,-0.38,-1.83,20.604,20.832,20.997,76795.33,109237.17,131623.58,20.42
2017-10-30,20.06,20.3,18.66,121996.87,-1.2,-5.88,20.306,20.577,20.963,84915.04,99703.19,135070.32,19.22
2017-10-31,19.02,19.51,19.02,49513.43,0.14,0.73,20.09,20.346,20.923,77568.06,92995.34,135725.82,19.36
2017-11-01,19.5,19.7,19.28,56184.0,-0.02,-0.1,19.828,20.213,20.878,75687.61,82727.52,136695.67,19.34
2017-11-02,19.23,19.53,19.07,48704.15,0.13,0.67,19.562,20.129,20.836,70760.69,75671.16,135887.47,19.47
2017-11-03,19.55,19.75,19.19,57192.21,-0.21,-1.08,19.33,19.967,20.787,66718.13,71756.73,136449.45,19.26
2017-11-06,19.15,19.49,19.15,39256.05,0.21,1.09,19.38,19.843,20.727,50169.97,67542.51,134652.93,19.47
2017-11-07,19.52,19.98,19.4,83664.31,0.49,2.52,19.5,19.795,20.588,57000.14,67284.1,130648.48,19.96
2017-11-08,19.87,20.07,19.8,77893.6,-0.09,-0.45,19.606,19.717,20.466,61342.06,68514.84,108238.63,19.87
2017-11-09,19.76,20.45,19.71,103335.29,0.34,1.71,19.754,19.658,20.34,72268.29,71514.49,96533.42,20.21
2017-11-10,20.1,21.39,19.9,118754.3,0.25,1.24,19.994,19.662,20.247,84580.71,75649.42,92443.3,20.46
2017-11-13,20.18,20.85,20.11,107012.94,0.33,1.61,20.256,19.818,20.198,98132.09,74151.03,86927.11,20.78
2017-11-14,20.63,21.98,20.6,252964.44,0.51,2.45,20.522,20.011,20.179,131992.11,94496.13,93745.73,21.29
2017-11-15,21.1,21.19,20.4,126027.59,-0.88,-4.13,20.632,20.119,20.166,141618.91,101480.49,92104.01,20.42
2017-11-16,20.4,20.78,20.22,82627.35,-0.09,-0.44,20.658,20.206,20.168,137477.32,104872.81,90271.99,20.34
2017-11-17,20.31,20.62,19.15,120252.28,-0.97,-4.77,20.442,20.218,20.093,137776.92,111178.82,91467.77,19.38
2017-11-20,19.08,20.09,19.01,101428.53,0.65,3.36,20.284,20.27,20.057,136660.04,117396.06,92469.28,19.99
2017-11-21,19.9,19.98,19.58,70862.89,-0.3,-1.5,19.964,20.243,20.019,100239.73,116115.92,91700.01,19.69
2017-11-22,19.7,20.44,19.61,95853.51,0.4,2.03,19.896,20.264,19.991,94204.91,117911.91,93213.37,20.08
2017-11-23,19.9,20.23,19.3,78436.31,-0.73,-3.64,19.696,20.177,19.918,93366.7,115422.01,93468.25,19.34
2017-11-24,19.13,19.63,19.08,41258.69,-0.1,-0.52,19.674,20.058,19.86,77567.99,107672.45,91660.94,19.27
2017-11-27,19.3,19.4,18.66,60974.18,-0.49,-2.54,19.43,19.857,19.838,69477.12,103068.58,88609.8,18.77
2017-11-28,18.9,19.17,18.77,37085.2,0.33,1.76,19.314,19.639,19.825,62721.58,81480.65,87988.39,19.11
2017-11-29,19.14,19.15,18.42,62022.11,-0.32,-1.68,19.054,19.475,19.797,55955.3,75080.11,88280.3,18.78
2017-11-30,18.68,18.88,18.51,32569.66,-0.21,-1.12,18.898,19.297,19.752,46781.97,70074.34,87473.57,18.56
2017-12-01,18.58,18.93,18.55,39448.0,0.2,1.08,18.796,19.235,19.727,46419.83,61993.91,86586.36,18.76
2017-12-04,18.8,18.8,18.31,38116.84,-0.37,-1.97,18.722,19.076,19.673,41848.36,55662.74,86529.4,18.4
2017-12-05,18.43,18.55,17.25,70073.79,-0.89,-4.84,18.402,18.858,19.551,48446.08,55583.83,85849.88,17.51
2017-12-06,17.5,17.83,17.34,38949.37,0.25,1.43,18.198,18.626,19.445,43831.53,49893.42,83902.66,17.76
2017-12-07,17.78,17.86,17.6,27167.37,-0.18,-1.01,18.008,18.453,19.315,42751.07,44766.52,80094.27,17.61
2017-12-08,17.58,17.89,17.55,34104.06,0.25,1.42,17.83,18.313,19.186,41682.29,44051.06,75861.76,17.87
2017-12-11,18.6,18.91,18.3,87749.05,0.67,3.75,17.856,18.289,19.073,51608.73,46728.55,74898.56,18.53
2017-12-12,18.47,18.48,18.06,47122.81,-0.37,-2.0,17.986,18.194,18.917,47018.53,47732.31,64606.48,18.16
2017-12-13,18.15,18.29,18.01,25536.45,0.08,0.44,18.082,18.14,18.808,44335.95,44083.74,59581.92,18.24
2017-12-14,18.21,18.42,18.19,40437.27,0.13,0.71,18.232,18.12,18.709,46989.93,44870.5,57472.42,18.36
2017-12-15,18.28,18.45,18.06,36612.12,-0.23,-1.25,18.284,18.057,18.646,47491.54,44586.91,53290.41,18.13
2017-12-18,18.1,18.25,17.7,32029.16,-0.28,-1.54,18.146,18.001,18.539,36347.56,43978.15,49820.44,17.84
2017-12-19,17.85,18.35,17.85,40623.23,0.39,2.19,18.158,18.072,18.465,35047.65,41033.09,48308.46,18.22
2017-12-20,18.19,18.24,17.89,31677.42,-0.26,-1.43,18.102,18.092,18.359,36275.84,40305.89,45099.65,17.96
2017-12-21,17.8,18.09,17.6,34221.22,-0.03,-0.17,18.014,18.123,18.288,35032.63,41011.28,42888.9,17.92
2017-12-22,17.83,18.5,17.76,31764.52,0.3,1.67,18.032,18.158,18.236,34063.11,40777.33,42414.19,18.22
2017-12-25,17.86,17.96,17.71,29902.16,-0.48,-2.63,18.018,18.082,18.186,33637.71,34992.64,40860.59,17.77
2017-12-26,17.86,17.97,17.75,27471.65,0.14,0.79,17.956,18.057,18.126,31007.39,33027.52,40379.91,17.91
2017-12-27,17.9,17.9,17.68,30249.33,-0.24,-1.34,17.9,18.001,18.071,30721.78,33498.81,38791.27,17.68
2017-12-28,17.65,17.87,17.53,33005.38,-0.07,-0.4,17.842,17.928,18.024,30478.61,32755.62,38813.06,17.63
2017-12-29,17.63,17.84,17.61,26002.73,0.17,0.96,17.754,17.893,17.975,29326.25,31694.68,38140.8,17.78
2018-01-02,17.82,18.08,17.82,36725.19,0.22,1.24,17.802,17.91,17.956,30690.86,32164.28,38071.21,18.01
2018-01-03,18.01,18.38,17.9,67142.41,0.28,1.56,17.876,17.916,17.994,38625.01,34816.2,37924.65,18.28
2018-01-04,18.21,18.28,18.03,46994.29,-0.11,-0.6,17.97,17.935,18.014,41974.0,36347.89,38326.89,18.15
2018-01-05,18.15,18.3,18.03,45850.49,-0.01,-0.06,18.07,17.956,18.04,44543.02,37510.82,39261.05,18.13
2018-01-08,18.16,18.16,17.75,53189.47,-0.31,-1.71,18.078,17.916,18.037,49980.37,39653.31,40215.32,17.82
2018-01-09,17.8,17.91,17.7,28858.01,-0.05,-0.28,18.03,17.916,17.999,48406.93,39548.9,37270.77,17.77
2018-01-10,17.88,18.72,17.72,171343.7,0.77,4.33,18.082,17.979,18.018,69247.19,53936.1,43481.81,18.54
2018-01-11,18.3,19.02,18.11,159895.88,0.3,1.62,18.222,18.096,18.049,91827.51,66900.76,50199.78,18.85
2018-01-12,18.66,19.01,18.35,89604.54,-0.44,-2.34,18.274,18.172,18.05,100578.32,72560.67,52658.15,18.39
2018-01-15,18.21,18.25,17.48,87447.71,-0.77,-4.19,18.23,18.154,18.024,107429.97,78705.17,55199.92,17.6
2018-01-16,17.6,17.86,17.35,46433.31,0.09,0.51,18.216,18.123,18.017,110945.03,79675.98,55920.13,17.7
2018-01-17,17.5,17.62,17.09,48928.05,-0.19,-1.07,18.012,18.047,17.982,86461.9,77854.55,56335.37,17.52
2018-01-18,17.49,17.64,17.4,22831.02,-0.03,-0.17,17.74,17.981,17.958,59048.93,75438.22,55893.05,17.49
2018-01-19,17.47,17.67,17.42,28764.03,0.01,0.06,17.562,17.918,17.937,46880.82,73729.57,55620.19,17.5
2018-01-22,17.46,17.88,17.25,42802.8,0.21,1.2,17.586,17.908,17.912,37951.84,72690.91,56172.11,17.72
2018-01-23,17.72,18.08,17.6,45265.13,0.08,0.45,17.606,17.911,17.914,37718.21,74331.62,56940.26,17.8
2018-01-24,17.77,18.12,17.58,78001.31,0.29,1.63,17.72,17.866,17.923,43532.86,64997.38,59466.74,18.09
2018-01-25,18.0,18.22,17.76,55117.51,-0.32,-1.77,17.778,17.759,17.928,49990.16,54519.54,60710.15,17.78
2018-01-26,17.76,18.04,17.64,46918.74,0.11,0.62,17.854,17.708,17.94,53621.1,50250.96,61405.82,17.88
2018-01-29,17.77,17.87,17.31,53053.09,-0.51,-2.85,17.786,17.686,17.92,55671.16,46811.5,62758.33,17.38
2018-01-30,17.38,17.5,17.16,31283.01,-0.08,-0.46,17.684,17.645,17.884,52874.73,45296.47,62486.23,17.29
2018-01-31,17.32,17.33,16.42,63432.24,-0.73,-4.23,17.374,17.547,17.797,49960.92,46746.89,62300.72,16.54
2018-02-01,16.59,16.69,14.97,82989.71,-1.42,-8.58,16.844,17.311,17.646,55535.36,52762.76,64100.49,15.13
2018-02-02,15.05,15.35,14.51,39871.11,-0.12,-0.79,16.266,17.06,17.489,54125.83,53873.47,63801.52,14.99
2018-02-05,14.75,15.04,14.6,27347.11,-0.13,-0.87,15.76,16.773,17.341,48984.64,52327.9,62509.4,14.85
2018-02-06,14.85,14.85,13.37,87724.75,-1.49,-10.03,14.976,16.33,17.121,60272.98,56573.86,65452.74,13.37
2018-02-07,13.74,13.87,12.84,67115.96,0.13,0.97,14.368,15.871,16.869,61009.73,55485.32,60241.35,13.5
2018-02-08,13.5,13.79,13.37,31970.19,0.19,1.41,14.078,15.461,16.61,50805.82,53170.59,53845.07,13.68
2018-02-09,13.16,13.5,12.88,50594.89,-0.64,-4.67,13.69,14.978,16.343,52950.58,53538.21,51894.58,13.05
2018-02-12,13.15,14.08,13.15,49993.41,0.65,4.98,13.46,14.61,16.148,57479.84,53232.24,50021.87,13.7
2018-02-13,13.77,14.75,13.66,79728.74,0.44,3.21,13.614,14.295,15.97,55880.64,58076.81,51686.64,14.14
2018-02-14,14.01,14.12,13.85,28704.97,-0.19,-1.34,13.704,14.036,15.792,48198.44,54604.08,50675.49,13.95
2018-02-22,14.1,14.42,14.01,31532.43,0.29,2.08,13.816,13.947,15.629,48110.89,49458.36,51110.56,14.24
2018-02-23,14.3,14.45,14.12,34136.14,0.0,0.0,14.054,13.872,15.466,44819.14,48884.86,51379.16,14.24
2018-02-26,14.29,14.75,14.17,57882.56,0.32,2.25,14.226,13.843,15.308,46396.97,51938.4,52133.15,14.56
2018-02-27,14.56,15.31,14.56,96520.0,0.31,2.13,14.372,13.993,15.162,49755.22,52817.93,54695.89,14.87
2018-02-28,14.72,15.7,14.42,123960.45,0.24,1.61,14.604,14.154,15.013,68806.32,58502.38,56993.85,15.11
2018-03-01,15.0,16.63,14.91,210417.67,1.51,9.99,15.082,14.449,14.955,104583.36,76347.13,64758.86,16.63
2018-03-02,16.45,16.78,15.92,181351.69,-0.57,-3.43,15.446,14.75,14.864,134026.47,89422.81,71480.51,16.06
2018-03-05,16.1,16.35,15.86,104915.11,0.23,1.43,15.792,15.009,14.81,143432.98,94914.98,74073.61,16.29
2018-03-06,16.2,16.75,16.05,115326.49,-0.05,-0.31,16.068,15.22,14.758,147194.28,98474.75,78275.78,16.25
2018-03-07,16.09,16.39,15.89,63397.45,-0.1,-0.61,16.276,15.44,14.738,135081.68,101944.0,78274.04,16.15
2018-03-08,16.11,16.48,16.01,85916.52,0.11,0.68,16.2,15.641,14.794,110181.45,107382.41,78420.38,16.25
2018-03-09,16.3,16.93,16.12,128098.32,0.36,2.22,16.308,15.877,14.875,99530.78,116778.63,82831.74,16.6
2018-03-12,16.65,17.33,16.62,148659.45,0.14,0.84,16.4,16.096,14.97,108279.65,125856.32,88897.36,16.75
2018-03-13,16.7,17.98,16.3,218862.98,0.39,2.33,16.576,16.322,15.158,128986.94,138090.61,95454.27,17.13
2018-03-14,16.8,17.03,16.33,116933.64,-0.74,-4.32,16.624,16.45,15.302,139694.18,137387.93,97945.16,16.39
2018-03-15,16.32,16.5,16.01,70256.24,-0.01,-0.06,16.644,16.422,15.436,136562.13,123371.79,99859.46,16.35
2018-03-16,16.35,16.48,16.1,48148.69,-0.24,-1.47,16.546,16.427,15.589,120572.2,110051.49,99737.15,16.11
2018-03-19,16.03,16.75,16.03,71916.5,0.35,2.17,16.488,16.444,15.727,105223.61,106751.63,100833.3,16.46
2018-03-20,16.24,16.74,16.01,87325.92,0.17,1.03,16.386,16.481,15.851,78916.2,103951.57,101213.16,16.62
2018-03-21,16.53,16.9,16.11,77543.91,-0.42,-2.53,16.344,16.484,15.962,71038.25,105366.22,103655.11,16.18
2018-03-22,16.2,16.6,16.05,68783.44,0.14,0.86,16.342,16.493,16.067,70743.69,103652.91,105517.66,16.34
2018-03-23,15.7,17.19,15.3,121454.6,-0.67,-4.1,16.254,16.4,16.139,85404.87,102988.54,109883.58,15.67
2018-03-26,15.35,16.75,15.01,145572.05,0.96,6.13,16.286,16.387,16.242,100135.98,102679.8,114268.06,16.62
2018-03-27,16.75,18.1,16.5,291173.19,1.14,6.86,16.516,16.451,16.387,140905.44,109910.82,124000.72,17.77
2018-03-28,17.27,17.55,17.18,161628.91,-0.47,-2.64,16.742,16.543,16.497,157722.44,114380.35,125884.14,17.31
2018-03-29,17.49,18.65,17.31,265064.25,0.52,3.0,17.04,16.691,16.557,196978.6,133861.15,128616.47,17.83
2018-03-30,17.95,18.55,17.7,218627.7,0.47,2.64,17.564,16.909,16.668,216413.22,150909.05,130480.27,18.29
2018-04-02,18.25,19.69,17.92,331943.22,0.61,3.34,18.016,17.151,16.798,253687.45,176911.72,141831.67,18.88
2018-04-03,18.5,18.58,17.9,181832.28,-0.54,-2.86,18.132,17.324,16.903,231819.27,186362.36,145156.96,18.35
2018-04-04,18.5,18.63,17.77,115403.3,-0.53,-2.89,18.234,17.488,16.986,222574.15,190148.29,147757.26,17.82
2018-04-09,17.73,18.37,17.71,122720.53,0.29,1.63,18.292,17.666,17.08,194105.41,195542.0,149597.46,18.12
2018-04-10,18.17,18.17,17.36,117682.57,-0.2,-1.1,18.214,17.889,17.145,173916.38,195164.8,149076.67,17.9
2018-04-11,17.91,18.35,17.76,125202.62,0.13,0.73,18.04,18.028,17.208,132568.26,193127.86,147903.83,18.01
2018-04-12,18.0,18.17,17.68,92473.31,-0.3,-1.67,17.914,18.023,17.237,114696.47,173257.87,141584.34,17.72
2018-04-13,17.89,18.14,17.6,97085.95,0.21,1.19,17.932,18.083,17.313,111033.0,166803.57,140591.96,17.91
2018-04-16,17.89,19.1,17.71,296258.94,1.05,5.87,18.098,18.195,17.443,145740.68,169923.04,151892.09,18.95
2018-04-17,18.8,18.93,18.03,192657.8,-0.7,-3.69,18.17,18.192,17.551,160735.72,167326.05,159117.55,18.26
2018-04-18,18.3,19.99,17.93,310266.06,1.17,6.4,18.456,18.248,17.7,197748.41,165158.34,171035.03,19.44
2018-04-19,19.32,20.78,19.2,400842.97,0.11,0.56,18.828,18.371,17.848,259422.34,187059.41,186710.88,19.58
2018-04-20,19.21,20.58,19.21,351959.78,0.36,1.84,19.234,18.583,18.036,310397.11,210715.05,200431.67,19.94
2018-04-23,20.0,20.5,18.44,318087.75,-0.52,-2.61,19.324,18.711,18.189,314762.87,230251.78,212896.89,19.4
2018-04-24,19.01,21.32,18.6,410376.31,1.94,10.01,19.936,19.053,18.471,358306.57,259521.15,227342.97,21.32
2018-04-25,21.15,22.47,20.91,664791.88,0.33,1.55,20.378,19.417,18.723,429211.74,313480.08,253303.97,21.65
2018-04-26,21.4,23.83,21.1,970635.12,1.66,7.66,21.126,19.977,19.0,543170.17,401296.26,287277.06,23.32
2018-04-27,23.0,23.45,21.1,666515.94,-1.89,-8.11,21.422,20.328,19.206,606081.4,458239.26,312521.41,21.42
2018-05-02,20.99,21.5,19.9,463027.38,-1.05,-4.9,21.62,20.472,19.334,635069.33,474916.1,322419.57,20.39
2018-05-03,20.51,21.64,19.77,518414.88,1.11,5.46,21.648,20.792,19.492,656677.04,507491.81,337408.93,21.46
2018-05-04,20.8,20.89,19.71,404424.38,-1.46,-6.81,21.314,20.846,19.547,604603.54,516907.64,341032.99,19.98
2018-05-07,20.11,20.68,19.95,251218.17,0.43,2.15,20.736,20.931,19.651,460720.15,501945.16,344502.28,20.43
2018-05-08,20.35,20.59,20.01,239745.62,0.16,0.78,20.568,20.995,19.789,375366.09,490723.74,350719.4,20.58
2018-05-09,20.46,20.87,20.1,208127.44,-0.25,-1.22,20.556,21.088,19.9,324386.1,479727.71,354989.74,20.33
2018-05-10,20.4,20.57,19.9,176479.25,-0.13,-0.64,20.3,20.974,20.014,255998.97,456338.01,357929.58,20.18
2018-05-11,20.18,20.28,19.43,202218.0,-0.68,-3.37,20.202,20.758,20.088,215557.7,410080.62,361780.35,19.49
2018-05-14,19.3,19.68,18.82,190325.36,-0.55,-2.82,19.908,20.322,20.15,203379.13,332049.64,366672.95,18.96
2018-05-15,18.97,19.42,18.88,154167.91,0.44,2.32,19.674,20.121,20.225,186263.59,280814.84,369527.05,19.41
2018-05-16,19.22,19.46,18.81,147739.11,-0.56,-2.89,19.376,19.966,20.219,174185.93,249286.01,362101.06,18.84
2018-05-17,18.89,19.16,18.81,98832.49,0.04,0.21,19.118,19.709,20.251,158656.57,207327.77,357409.79,18.89
2018-05-18,18.89,19.02,18.11,153759.75,-0.32,-1.7,18.93,19.566,20.206,148964.92,182261.31,349584.47,18.55
2018-05-21,18.61,19.29,18.61,169118.5,0.57,3.07,18.96,19.434,20.183,144723.55,174051.34,337998.25,19.11
2018-05-22,19.02,19.45,19.0,172538.12,0.33,1.73,18.964,19.319,20.157,148397.59,167330.59,329027.17,19.43
2018-05-23,19.38,20.49,19.21,334806.91,0.57,2.94,19.194,19.285,20.187,185811.15,179998.54,329863.13,19.99
2018-05-24,20.0,20.05,19.47,178805.3,-0.46,-2.3,19.32,19.219,20.097,201805.72,180231.15,318284.58,19.52
2018-05-25,19.38,19.46,18.62,147171.91,-0.86,-4.41,19.34,19.135,19.947,200488.15,174726.54,292403.58,18.65
2018-05-28,18.68,19.18,18.32,111304.23,-0.02,-0.11,19.246,19.103,19.713,188925.29,166824.42,249437.03,18.64
2018-05-29,18.58,18.88,17.88,104085.72,-0.45,-2.43,18.976,18.97,19.546,175234.81,161816.2,221315.52,18.08
2018-05-30,17.8,18.58,17.4,138390.41,-0.42,-2.33,18.506,18.85,19.408,135951.51,160881.33,205083.67,17.64
2018-05-31,17.81,17.91,17.21,117778.79,0.11,0.62,18.15,18.735,19.222,123746.21,162775.96,185051.87,17.74
2018-06-01,17.63,17.85,16.93,112092.22,-0.66,-3.72,17.834,18.587,19.077,116730.27,158609.21,170435.26,17.07
2018-06-04,17.28,17.43,17.01,69934.53,0.15,0.88,17.55,18.398,18.916,108456.33,148690.81,161371.08,17.22
2018-06-05,17.33,18.09,17.3,140252.06,0.79,4.58,17.538,18.257,18.788,115689.6,145462.21,156396.4,18.02
2018-06-06,18.02,18.14,17.67,91485.58,-0.18,-1.0,17.578,18.042,18.664,106308.64,121130.08,150564.31,17.84
2018-06-07,17.95,18.08,17.64,92819.41,0.06,0.34,17.608,17.879,18.549,101316.76,112531.49,146381.32,17.89
2018-06-08,17.9,18.24,17.44,116043.86,0.0,0.0,17.772,17.803,18.469,102107.09,109418.68,142072.61,17.89
2018-06-11,17.79,17.88,17.2,78768.25,-0.63,-3.52,17.778,17.664,18.384,103873.83,106165.08,136494.75,17.25
2018-06-12,17.35,17.68,17.02,88171.36,0.39,2.26,17.708,17.623,18.297,93457.69,104573.65,133194.93,17.67
2018-06-13,17.69,17.82,17.34,82131.47,-0.27,-1.53,17.62,17.599,18.225,91586.87,98947.75,129914.54,17.4
2018-06-14,17.63,18.07,17.53,127711.52,0.57,3.27,17.64,17.624,18.18,98565.29,99941.03,131358.5,17.99
2018-06-15,18.0,18.25,16.76,174049.67,-0.75,-4.17,17.506,17.639,18.113,110166.45,106136.77,132372.99,17.22
2018-06-19,16.4,16.98,15.5,130215.71,-1.72,-9.99,17.156,17.467,17.933,120455.95,112164.89,130427.85,15.5
2018-06-20,15.32,15.99,15.21,101174.76,0.07,0.45,16.744,17.226,17.742,123056.63,108257.16,126859.68,15.61
2018-06-21,15.6,15.72,14.26,136175.38,-1.24,-7.94,16.138,16.879,17.461,133865.41,112726.14,116928.11,14.37
2018-06-22,14.32,14.85,14.14,78231.32,0.31,2.16,15.476,16.558,17.219,123969.37,111267.33,111899.41,14.68
2018-06-25,14.96,15.14,14.55,78577.9,0.03,0.2,14.974,16.24,17.022,104875.01,107520.73,108469.71,14.71
2018-06-26,14.52,16.17,14.32,198996.28,1.47,10.0,15.108,16.132,16.898,118631.13,119543.54,112854.31,16.17
2018-06-27,16.31,16.88,15.95,300697.44,0.29,1.79,15.278,16.011,16.817,158535.66,140796.15,122684.9,16.46
2018-06-28,16.2,16.63,15.95,146405.06,-0.49,-2.98,15.598,15.868,16.734,160581.6,147223.5,123085.63,15.97
2018-06-29,16.02,17.48,16.02,257119.34,1.21,7.58,16.096,15.786,16.705,196359.2,160164.29,130052.66,17.17
2018-07-02,17.19,17.4,16.55,233270.84,-0.23,-1.34,16.54,15.757,16.698,227297.79,166086.4,136111.59,16.93
2018-07-03,16.85,18.52,16.63,311425.97,1.17,6.91,16.926,16.017,16.742,249783.73,184207.43,148186.16,18.1
2018-07-04,17.8,18.04,17.3,223017.02,-0.5,-2.76,17.154,16.216,16.721,234247.65,196391.66,152324.41,17.6
2018-07-05,17.63,18.25,17.0,238287.41,-0.36,-2.04,17.408,16.503,16.691,252624.12,206602.86,159664.5,17.24
2018-07-06,17.15,17.86,16.95,228696.88,-0.02,-0.12,17.418,16.757,16.658,246939.62,221649.41,166458.37,17.22
2018-07-09,17.25,18.15,17.07,229959.2,0.71,4.13,17.616,17.078,16.659,246277.3,236787.54,172154.14,17.92
2018-07-10,17.79,17.89,17.41,141360.64,-0.24,-1.34,17.528,17.227,16.68,212264.23,231023.98,175283.76,17.66
2018-07-11,17.38,18.17,17.15,250059.3,0.0,0.0,17.538,17.346,16.679,217672.69,225960.17,183378.16,17.65
2018-07-12,17.46,18.74,17.33,321905.44,0.61,3.46,17.74,17.574,16.721,234396.29,243510.2,195366.85,18.25
2018-07-13,18.0,18.41,17.92,190748.27,-0.26,-1.43,17.894,17.656,16.721,226806.57,236873.1,198518.69,17.99
2018-07-16,18.11,18.88,18.02,271475.12,0.67,3.72,18.042,17.829,16.793,235109.75,240693.53,203389.96,18.66
2018-07-17,18.47,18.5,17.87,199012.22,-0.19,-1.02,18.2,17.864,16.941,246640.07,229452.15,206829.79,18.45
2018-07-18,18.41,18.44,17.81,134697.27,-0.61,-3.31,18.236,17.887,17.052,223567.66,220620.18,208505.92,17.83
2018-07-19,17.69,17.98,17.51,110891.26,-0.21,-1.18,18.11,17.925,17.214,181364.83,207880.56,207241.71,17.62
2018-07-20,17.58,19.35,17.5,374443.59,1.19,6.76,18.272,18.083,17.42,218103.89,222455.23,222052.32,18.8
2018-07-23,18.68,19.18,18.61,303239.81,0.32,1.7,18.364,18.203,17.641,224456.83,229783.29,233285.42,19.12
2018-07-24,19.2,19.27,18.68,231361.41,-0.06,-0.31,18.486,18.343,17.785,230926.67,238783.37,234903.67,19.06
2018-07-25,18.93,19.98,18.86,309922.44,0.1,0.53,18.75,18.493,17.92,265971.7,244769.68,235364.92,19.15
2018-07-26,18.87,18.92,18.37,170133.95,-0.76,-3.97,18.904,18.507,18.041,277820.24,229592.53,236551.37,18.39
2018-07-27,18.3,18.64,17.85,128335.91,-0.28,-1.52,18.768,18.52,18.088,228598.7,223351.3,230112.2,18.12
2018-07-30,18.0,18.27,17.88,91578.06,0.14,0.77,18.596,18.48,18.155,186266.35,205361.59,223027.56,18.26
2018-07-31,18.35,18.44,17.77,104298.71,-0.14,-0.77,18.406,18.446,18.155,160853.81,195890.24,212671.2,18.11
2018-08-01,18.15,18.66,18.02,156749.25,0.09,0.5,18.214,18.482,18.185,130219.18,198095.44,209357.81,18.19
2018-08-02,18.05,18.08,17.02,152263.17,-0.77,-4.23,18.02,18.462,18.194,126645.02,202232.63,205056.6,17.42
2018-08-03,17.37,17.53,16.48,124009.59,-0.94,-5.4,17.692,18.23,18.157,125779.76,177189.23,199822.23,16.48
2018-08-06,16.38,16.69,16.02,92432.83,-0.26,-1.57,17.29,17.943,18.073,125950.71,156108.53,192945.91,16.25
2018-08-07,16.45,17.33,16.24,145822.36,0.93,5.72,17.104,17.755,18.049,134255.44,147554.63,193169.0,17.18
2018-08-08,16.96,17.32,16.8,111957.31,-0.32,-1.86,16.838,17.526,18.01,125297.05,127758.11,186263.9,16.86
2018-08-09,16.96,18.57,16.8,350357.34,1.69,10.01,17.068,17.544,18.026,164915.89,145780.45,187686.49,18.57
2018-08-10,18.8,18.85,18.23,358933.78,0.25,1.35,17.536,17.614,18.067,211900.72,168840.24,196095.77,18.82
2018-08-13,18.5,20.49,18.41,431518.25,1.05,5.58,18.258,17.774,18.127,279717.81,202834.26,204097.93,19.86
2018-08-14,19.41,19.6,19.0,289961.62,-0.56,-2.82,18.684,17.894,18.17,308545.66,221400.55,208645.4,19.31
2018-08-15,19.22,19.63,18.85,271647.22,0.08,0.41,19.19,18.014,18.248,340483.64,232890.35,215492.89,19.39
2018-08-16,19.04,20.4,18.73,391419.28,0.28,1.45,19.408,18.238,18.35,348696.03,256805.96,229519.29,19.66
2018-08-17,19.86,20.12,18.9,301499.0,-0.42,-2.13,19.494,18.515,18.373,337209.07,274554.9,225872.06,19.25
2018-08-20,19.11,20.88,19.0,374612.81,1.06,5.51,19.584,18.921,18.432,325827.99,302772.9,229440.71,20.31
2018-08-21,20.0,20.48,19.75,301798.62,-0.02,-0.1,19.78,19.232,18.494,328195.39,318370.52,232962.58,20.29
2018-08-22,20.05,20.32,19.4,237614.45,-0.67,-3.3,19.826,19.508,18.517,321388.83,330936.24,229347.18,19.62
2018-08-23,19.45,20.38,19.43,341883.59,0.21,1.07,19.86,19.634,18.589,311481.69,330088.86,237934.66,19.83
2018-08-24,19.49,19.6,19.11,236077.73,-0.32,-1.61,19.912,19.703,18.659,298397.44,317803.26,243321.75,19.51
2018-08-27,19.41,20.33,19.36,270553.53,0.45,2.31,19.842,19.713,18.744,277585.58,301706.79,252270.52,19.96
2018-08-28,19.96,20.64,19.92,340667.12,0.22,1.1,19.82,19.8,18.847,285359.28,306777.34,264088.94,20.18
2018-08-29,20.11,20.38,19.5,221748.81,-0.16,-0.79,19.9,19.863,18.939,282186.16,301787.49,267338.92,20.02
2018-08-30,19.9,19.98,19.27,196333.59,-0.69,-3.45,19.8,19.83,19.034,253076.16,282278.93,269542.44,19.33
2018-08-31,19.28,19.77,19.15,163166.39,-0.12,-0.62,19.74,19.826,19.171,238493.89,268445.66,271500.28,19.21
2018-09-03,18.98,19.87,18.32,246656.84,0.61,3.17,19.712,19.777,19.349,233714.55,255650.07,279211.48,19.82
2018-09-04,19.67,20.63,19.53,325357.62,0.33,1.67,19.706,19.763,19.498,230652.65,258005.97,288188.25,20.15
2018-09-05,19.9,20.18,19.53,224555.72,-0.62,-3.08,19.608,19.754,19.631,231214.03,256700.09,293818.17,19.53
2018-09-06,19.38,20.88,19.32,405826.5,0.92,4.71,19.832,19.816,19.725,273112.61,263094.39,296591.62,20.45
2018-09-07,20.51,21.09,19.29,489252.59,-0.38,-1.86,20.004,19.872,19.788,338329.85,288411.87,303107.56,20.07
2018-09-10,19.8,19.8,18.89,284056.34,-1.08,-5.38,19.838,19.775,19.744,345809.75,289762.15,295734.47,18.99
2018-09-11,18.95,19.49,18.76,162513.17,0.26,1.37,19.658,19.682,19.741,313240.86,271946.76,289362.05,19.25
2018-09-12,19.22,19.44,18.36,196749.95,-0.85,-4.42,19.432,19.52,19.692,307679.71,269446.87,285617.18,18.4
2018-09-13,18.65,18.98,18.32,180723.84,0.49,2.66,19.12,19.476,19.653,262659.18,267885.9,275082.41,18.89
2018-09-14,18.84,18.84,17.95,207344.98,-0.9,-4.76,18.704,19.354,19.59,206277.66,272303.76,270374.71,17.99
2018-09-17,17.71,18.45,17.61,127347.87,0.21,1.17,18.546,19.192,19.485,174935.96,260372.86,258011.46,18.2
2018-09-18,18.1,18.57,17.98,144800.91,0.21,1.15,18.378,19.018,19.391,171393.51,242317.19,250161.58,18.41
2018-09-19,18.38,18.93,18.28,204840.08,0.17,0.92,18.414,18.923,19.339,173011.54,240345.62,248522.86,18.58
2018-09-20,18.51,18.7,18.15,118305.24,-0.3,-1.61,18.292,18.706,19.261,160527.82,211593.5,237343.94,18.28
2018-09-21,18.38,18.46,17.91,129148.7,0.13,0.71,18.376,18.54,19.206,144888.56,175583.11,231997.49,18.41
2018-09-25,18.3,18.85,18.3,158088.64,0.25,1.36,18.468,18.507,19.141,151036.71,162986.34,226374.25,18.66
2018-09-26,18.62,18.78,18.3,136951.38,0.0,0.0,18.518,18.448,19.065,149466.81,160430.16,216188.46,18.66
2018-09-27,18.69,18.83,18.31,125561.73,-0.35,-1.88,18.464,18.439,18.98,133611.14,153311.34,211379.1,18.31
2018-09-28,18.2,18.45,17.82,116236.8,-0.14,-0.77,18.442,18.367,18.922,133197.45,146862.63,207374.26,18.17
2018-10-08,17.65,17.84,16.7,121837.29,-1.45,-7.98,18.104,18.24,18.797,131735.17,138311.86,205307.81,16.72
2018-10-09,16.85,17.07,16.18,110521.26,0.26,1.55,17.768,18.118,18.655,122221.69,136629.2,198501.03,16.98
2018-10-10,16.87,17.25,16.69,78455.67,0.02,0.12,17.436,17.977,18.498,110522.55,129994.68,186155.93,17.0
2018-10-11,16.25,16.57,15.3,151213.11,-1.59,-9.35,16.856,17.66,18.292,115652.83,124631.98,182488.8,15.41
2018-10-12,15.28,15.68,14.58,111882.58,0.02,0.13,16.308,17.375,18.041,114781.98,123989.72,167791.61,15.43
2018-10-15,15.51,15.76,14.95,101736.73,-0.43,-2.79,15.964,17.034,17.787,110761.87,121248.52,148415.81,15.0
2018-10-16,15.02,15.47,14.78,82527.64,0.06,0.4,15.58,16.674,17.591,105163.15,113692.42,138339.38,15.06
2018-10-17,15.4,16.38,15.27,196213.77,1.2,7.97,15.432,16.434,17.441,128714.77,119618.66,140024.41,16.26
2018-10-18,16.0,16.26,15.71,137583.17,-0.46,-2.83,15.51,16.183,17.311,125988.78,120820.8,137066.07,15.8
2018-10-19,15.51,16.67,15.4,181292.73,0.61,3.86,15.706,16.007,17.187,139870.81,127326.4,137094.51,16.41
2018-10-22,16.49,17.46,16.3,229588.45,0.65,3.96,16.118,16.041,17.141,165441.15,138101.51,138206.69,17.06
2018-10-23,16.86,16.99,16.52,124789.67,-0.37,-2.17,16.444,16.012,17.065,173893.56,139528.35,138078.78,16.69
2018-10-24,16.6,16.84,16.42,88590.42,-0.18,-1.08,16.494,15.963,16.97,152368.89,140541.83,135268.25,16.51
2018-10-25,15.8,16.01,15.07,135729.36,-0.68,-4.12,16.5,16.005,16.833,151998.13,138993.45,131812.72,15.83
2018-10-26,16.09,16.3,15.72,90487.74,0.0,0.0,16.384,16.045,16.71,133837.13,136853.97,130421.84,15.83
2018-10-29,15.56,16.15,15.54,73570.38,-0.01,-0.06,16.136,16.127,16.581,102633.51,134037.33,127642.93,15.82
2018-10-30,16.04,16.21,15.26,105048.12,0.17,1.07,15.996,16.22,16.447,98685.2,136289.38,124990.9,15.99
2018-10-31,15.94,16.4,15.84,110857.73,0.17,1.06,15.926,16.21,16.322,103138.67,127753.78,123686.22,16.16
2018-11-01,16.51,17.36,16.35,233986.81,0.51,3.16,16.094,16.297,16.24,122790.16,137394.14,129107.47,16.67
2018-11-02,16.92,17.09,16.69,194426.41,0.33,1.98,16.328,16.356,16.182,143577.89,138707.51,133016.95,17.0
2018-11-05,16.96,17.04,16.53,133258.95,-0.16,-0.94,16.532,16.334,16.188,155515.6,129074.56,133588.04,16.84
2018-11-06,16.75,16.76,16.42,87045.31,-0.13,-0.77,16.676,16.336,16.174,151915.04,125300.12,132414.24,16.71
2018-11-07,16.71,17.09,16.64,131071.91,-0.01,-0.06,16.784,16.355,16.159,155957.88,129548.27,135045.05,16.7
2018-11-08,16.87,16.92,16.43,83492.66,-0.23,-1.38,16.744,16.419,16.212,125859.05,124324.6,131659.03,16.47
2018-11-09,16.31,16.77,16.3,77376.08,0.02,0.12,16.642,16.485,16.265,102448.98,123013.44,129933.7,16.49
2018-11-12,16.4,17.0,16.3,138128.67,0.51,3.09,16.674,16.603,16.365,103422.93,129469.27,131753.3,17.0
2018-11-13,16.8,17.06,16.73,151785.7,-0.04,-0.23,16.724,16.7,16.46,116371.0,134143.02,135216.2,16.96
2018-11-14,16.91,17.11,16.79,136170.92,0.09,0.53,16.794,16.789,16.5,117390.81,136674.34,132214.06,17.05
2018-11-15,17.0,17.34,16.85,159230.2,0.21,1.23,16.952,16.848,16.573,132538.31,129198.68,133296.41,17.26
2018-11-16,17.37,17.76,17.17,203586.72,-0.07,-0.41,17.092,16.867,16.612,157780.44,130114.71,134411.11,17.19
2018-11-19,17.1,17.18,16.74,110339.81,-0.19,-1.1,17.092,16.883,16.609,152222.67,127822.8,128448.68,17.0
2018-11-20,16.8,17.15,16.7,104346.02,-0.28,-1.65,17.044,16.884,16.61,142734.73,129552.87,127426.5,16.72
2018-11-21,16.5,16.7,16.32,75538.73,-0.1,-0.6,16.958,16.876,16.616,130608.3,123999.55,126773.91,16.62
2018-11-22,16.7,16.86,16.55,52384.55,0.01,0.06,16.832,16.892,16.656,109239.17,120888.74,122606.67,16.63
2018-11-23,16.67,16.74,15.8,84798.02,-0.83,-4.99,16.554,16.823,16.654,85481.43,121630.93,122322.19,15.8
2018-11-26,15.77,16.01,15.67,41633.87,0.03,0.19,16.32,16.706,16.655,71740.24,111981.45,120725.36,15.83
2018-11-27,16.09,16.34,15.98,69162.87,0.29,1.83,16.2,16.622,16.661,64703.61,103719.17,118931.1,16.12
2018-11-28,16.12,16.26,15.75,68534.64,0.13,0.81,16.126,16.542,16.666,63302.79,96955.54,116814.94,16.25
2018-11-29,16.34,16.41,15.79,68072.94,-0.46,-2.83,15.958,16.395,16.622,66440.47,87839.82,108519.25,15.79
2018-11-30,15.7,16.03,15.53,53228.58,0.18,1.14,15.992,16.273,16.57,60126.58,72804.0,101459.36,15.97
2018-12-03,16.33,16.69,16.22,121818.99,0.55,3.44,16.13,16.225,16.554,76163.6,73951.92,100887.36,16.52
2018-12-04,16.49,16.54,16.29,60917.41,-0.07,-0.42,16.196,16.198,16.541,74514.51,69609.06,99580.96,16.45
2018-12-05,16.16,16.52,16.04,58714.47,-0.18,-1.09,16.2,16.163,16.52,72550.48,67926.63,95963.09,16.27
2018-12-06,16.19,16.6,16.05,88497.32,0.02,0.12,16.3,16.129,16.511,76635.35,71537.91,96213.33,16.29
2018-12-07,16.33,16.5,16.16,48760.09,-0.1,-0.61,16.344,16.168,16.496,75741.66,67934.12,94782.53,16.19
2018-12-10,16.05,16.29,15.92,40376.42,-0.11,-0.68,16.256,16.193,16.45,59453.14,67808.37,89894.91,16.08
2018-12-11,16.27,16.31,16.07,31701.32,0.05,0.31,16.192,16.194,16.408,53609.92,64062.22,83890.69,16.13
2018-12-12,16.2,16.26,16.01,30201.75,-0.06,-0.37,16.152,16.176,16.359,47907.38,60228.93,78592.24,16.07
2018-12-13,16.05,16.38,16.01,69865.62,0.23,1.43,16.154,16.227,16.311,44181.04,60408.2,74124.01,16.3
2018-12-14,16.26,16.26,15.76,65417.65,-0.53,-3.25,16.07,16.207,16.24,47512.55,61627.1,67215.55,15.77
2018-12-17,15.76,15.9,15.57,35024.73,0.07,0.44,16.022,16.139,16.182,46442.21,52947.68,63449.8,15.84
2018-12-18,15.78,15.9,15.58,31179.1,-0.11,-0.69,15.942,16.067,16.133,46337.77,49973.85,59791.45,15.73
2018-12-19,15.85,16.07,15.7,45902.05,0.1,0.64,15.894,16.023,16.093,49477.83,48692.61,58309.62,15.83
2018-12-20,15.77,16.09,15.77,40484.33,0.11,0.69,15.822,15.988,16.059,43601.57,43891.31,57714.61,15.94
2018-12-21,15.87,16.34,15.86,90284.51,0.28,1.76,15.912,15.991,16.08,48574.94,48043.75,57988.93,16.22
2018-12-24,16.16,16.32,16.03,58296.94,0.07,0.43,16.002,16.012,16.103,53229.39,49835.8,58822.09,16.29
2018-12-25,16.12,16.19,15.6,73696.09,-0.16,-0.98,16.082,16.012,16.103,61732.78,54035.28,59048.75,16.13
2018-12-26,16.06,17.16,15.98,211029.94,0.45,2.79,16.232,16.063,16.12,94758.36,72118.1,66173.51,16.58
2018-12-27,16.74,16.89,16.44,145855.7,-0.08,-0.48,16.344,16.083,16.155,115832.64,79717.1,70062.65,16.5
2018-12-28,16.56,16.67,15.1,210471.83,-1.21,-7.33,16.158,16.035,16.121,139870.1,94222.52,77924.81,15.29
2019-01-02,15.25,15.25,14.85,92407.64,-0.18,-1.18,15.922,15.962,16.051,146692.24,99960.81,76454.25,15.11
2019-01-03,15.01,15.27,14.98,56628.41,-0.1,-0.66,15.698,15.89,15.979,143278.7,102505.74,76239.8,15.01
2019-01-04,14.82,15.67,14.75,99242.15,0.45,3.0,15.474,15.853,15.938,120921.15,107839.75,78266.18,15.46
2019-01-07,15.51,15.85,15.35,102076.08,0.28,1.81,15.322,15.833,15.911,112165.22,113998.93,78945.12,15.74
2019-01-08,15.67,15.76,15.45,59080.73,-0.16,-1.02,15.38,15.769,15.88,81887.0,110878.55,79461.15,15.58
2019-01-09,15.57,15.95,15.53,80889.84,0.0,0.0,15.474,15.698,15.855,79583.44,113137.84,81486.82,15.58
2019-01-10,15.52,15.68,15.37,55745.88,-0.21,-1.35,15.546,15.622,15.817,79406.94,111342.82,82689.05,15.37
2019-01-11,15.44,15.65,15.33,51001.69,0.1,0.65,15.548,15.511,15.787,69758.84,95340.0,83729.05,15.47
2019-01-14,15.57,15.57,15.3,40242.55,-0.14,-0.91,15.466,15.394,15.739,57392.14,84778.68,82247.89,15.33
2019-01-15,15.35,15.69,15.22,82755.73,0.3,1.96,15.476,15.428,15.732,62127.14,72007.07,83114.8,15.63
2019-01-16,15.64,16.77,15.56,213975.77,0.41,2.62,15.568,15.521,15.742,88744.32,84163.88,92062.35,16.04
2019-01-17,16.0,16.06,15.7,102792.07,-0.18,-1.12,15.666,15.606,15.748,98153.56,88780.25,95643.0,15.86
2019-01-18,15.78,15.97,15.65,74132.64,0.02,0.13,15.748,15.648,15.751,102779.75,86269.3,97054.53,15.88
2019-01-21,15.83,16.12,15.8,68102.87,0.05,0.32,15.868,15.667,15.75,108351.82,82871.98,98435.45,15.93
2019-01-22,15.9,15.94,15.51,62394.25,-0.34,-2.13,15.86,15.668,15.719,104279.52,83203.33,97040.94,15.59
2019-01-23,15.5,15.65,15.44,36315.99,-0.06,-0.39,15.758,15.663,15.681,68747.56,78745.94,95941.89,15.53
2019-01-24,15.59,16.03,15.5,106078.45,0.33,2.12,15.758,15.712,15.667,69404.84,83779.2,97561.01,15.86
2019-01-25,15.82,16.02,15.69,67844.26,-0.15,-0.95,15.724,15.736,15.624,68147.16,85463.46,90401.73,15.71
2019-01-28,15.88,15.97,15.6,61943.9,-0.07,-0.45,15.666,15.767,15.581,66915.37,87633.59,86206.14,15.64
2019-01-29,15.6,15.6,15.01,68717.04,-0.25,-1.6,15.626,15.743,15.586,68179.93,86229.72,79118.4,15.39
2019-01-30,15.37,15.56,15.17,51121.36,-0.15,-0.97,15.568,15.663,15.592,71141.0,69944.28,77054.08,15.24
2019-01-31,16.55,16.76,15.95,336238.91,1.01,6.63,15.646,15.702,15.654,117173.09,93288.97,91034.61,16.25
2019-02-01,16.35,16.66,16.08,231395.7,0.4,2.46,15.834,15.779,15.714,149883.38,109015.27,97642.29,16.65
2019-02-11,16.65,17.15,16.48,246883.84,0.35,2.1,16.106,15.886,15.777,186871.37,126893.37,104882.67,17.0
2019-02-12,16.88,17.04,16.74,160561.05,-0.08,-0.47,16.412,16.019,15.844,205240.17,136710.05,109956.69,16.92
2019-02-13,16.9,17.83,16.85,281283.75,0.6,3.55,16.868,16.218,15.941,251272.65,161206.83,119976.39,17.52
2019-02-14,17.39,17.67,17.26,168559.45,-0.09,-0.51,17.104,16.375,16.044,217736.76,167454.93,125617.06,17.43
2019-02-15,17.42,17.86,17.28,160291.47,-0.14,-0.8,17.232,16.533,16.135,203515.91,176699.65,131081.55,17.29
2019-02-18,17.38,18.18,17.38,225483.27,0.81,4.68,17.452,16.779,16.273,199235.8,193053.58,140343.59,18.1
2019-02-19,18.05,19.44,17.91,352745.25,0.61,3.37,17.81,17.111,16.427,237672.64,221456.41,153843.06,18.71
2019-02-20,18.45,18.6,18.1,157480.7,-0.31,-1.66,17.986,17.427,16.545,212912.03,232092.34,151018.31,18.4
2019-02-21,18.45,18.74,17.91,226582.14,-0.3,-1.63,18.12,17.612,16.657,224516.57,221126.66,157207.81,18.1
2019-02-22,18.05,18.7,17.95,197491.67,0.55,3.04,18.392,17.812,16.796,231956.61,217736.26,163375.77,18.65
2019-02-25,19.09,20.02,18.7,365843.5,1.14,6.11,18.73,18.091,16.989,260028.65,229632.23,178262.8,19.79
2019-02-26,19.68,19.85,19.1,298796.19,-0.59,-2.98,18.828,18.319,17.169,249238.84,243455.74,190082.89,19.2
2019-02-27,19.2,20.1,19.06,238885.81,0.19,0.99,19.026,18.506,17.362,265519.86,239215.95,200211.39,19.39
2019-02-28,19.31,19.49,18.9,133928.56,-0.23,-1.19,19.238,18.679,17.527,246989.15,235752.86,201603.89,19.16
2019-03-01,19.3,19.34,18.88,103283.78,0.02,0.1,19.344,18.868,17.701,228147.57,230052.09,203375.87,19.18
2019-03-04,21.1,21.1,20.17,411467.72,1.92,10.01,19.606,19.168,17.974,237272.41,248650.53,220852.06,21.1
2019-03-05,22.1,23.21,22.0,294520.84,2.11,10.0,20.408,19.618,18.365,236417.34,242828.09,232142.25,23.21
2019-03-06,25.53,25.53,25.53,27002.21,2.32,10.0,21.636,20.331,18.879,194040.62,229780.24,230936.29,25.53
2019-03-07,28.08,28.08,28.08,40963.1,2.55,9.99,23.42,21.329,19.471,175447.53,211218.34,216172.5,28.08
2019-03-08,28.9,30.89,28.71,620934.94,2.81,10.01,25.762,22.553,20.183,278977.76,253562.67,235649.46,30.89
2019-03-11,33.5,33.88,27.8,1068145.75,-2.29,-7.41,27.262,23.434,20.763,410313.37,323792.89,276712.56,28.6
2019-03-12,28.15,31.46,28.15,973924.12,2.86,10.0,28.912,24.66,21.49,546194.02,391305.68,317380.71,31.46
2019-03-13,31.2,31.2,28.31,710423.88,-3.15,-10.01,29.468,25.552,22.029,682878.36,438459.49,338837.72,28.31
2019-03-14,26.6,27.15,25.81,498831.25,-1.81,-6.39,29.152,26.286,22.483,774451.99,474949.76,355351.31,26.5
2019-03-15,26.7,26.98,25.11,427532.5,-1.2,-4.53,28.034,26.898,22.883,735771.5,507374.63,368713.36,25.3
2019-03-18,25.46,27.0,24.81,416346.22,1.63,6.44,27.7,27.481,23.325,605411.59,507862.48,378256.51,26.93
2019-03-19,26.49,29.48,26.3,569516.5,1.17,4.34,27.028,27.97,23.794,524530.07,535362.05,389095.07,28.1
2019-03-20,27.8,28.2,26.67,355053.72,-0.67,-2.38,26.852,28.16,24.246,453456.04,568167.2,398973.72,27.43
2019-03-21,27.8,29.37,27.28,540830.31,0.63,2.3,27.164,28.158,24.744,461855.85,618153.92,414686.13,28.06
2019-03-22,27.9,28.6,27.53,326819.03,0.13,0.46,27.742,27.888,25.221,441713.16,588742.33,421152.5,28.19
2019-03-25,27.72,29.6,27.72,464376.88,0.4,1.42,28.074,27.887,25.661,451319.29,528365.44,426079.17,28.59
2019-03-26,28.42,30.85,27.85,583786.25,0.25,0.87,28.222,27.625,26.143,454173.24,489351.65,440328.67,28.84
2019-03-27,29.05,29.18,26.55,400107.91,-1.13,-3.92,28.278,27.565,26.559,463184.08,458320.06,448389.77,27.71
2019-03-28,27.3,28.3,26.36,323898.56,-1.17,-4.22,27.974,27.569,26.928,419797.73,440826.79,457888.27,26.54
2019-03-29,26.31,27.66,25.01,384607.31,0.79,2.98,27.802,27.772,27.335,431355.38,436534.27,471954.45,27.33
2019-04-01,27.62,29.89,27.6,471415.34,2.16,7.9,27.982,28.028,27.755,432763.07,442041.18,474951.83,29.49
2019-04-02,29.49,30.27,28.5,548014.38,-0.51,-1.73,28.01,28.116,28.043,425608.7,439890.97,487626.51,28.98
2019-04-03,28.67,29.78,28.52,375585.97,0.68,2.35,28.4,28.339,28.25,420704.31,441944.19,505055.7,29.66
2019-04-04,30.2,31.78,29.35,563983.25,1.35,4.55,29.294,28.634,28.396,468721.25,444259.49,531206.7,31.01
2019-04-08,30.8,30.82,28.93,408065.94,-1.69,-5.45,29.692,28.747,28.318,473412.98,452384.18,520563.25,29.32
2019-04-09,29.03,29.79,28.25,254421.66,-0.25,-0.85,29.608,28.795,28.341,430014.24,431388.66,479877.05,29.07
2019-04-10,28.8,30.1,28.23,305265.97,0.08,0.28,29.642,28.826,28.226,381464.56,403536.63,446444.14,29.15
2019-04-11,29.19,29.19,27.9,247826.16,-1.15,-3.94,29.31,28.855,28.21,355912.6,388308.45,423314.26,28.0
2019-04-12,28.0,28.54,27.72,153685.64,0.12,0.43,28.732,29.013,28.291,273853.07,371287.16,406056.98,28.12
2019-04-15,28.72,30.33,28.12,319580.84,0.21,0.75,28.534,29.113,28.443,256156.05,364784.52,400659.39,28.33
2019-04-16,28.17,29.79,27.47,318661.75,1.16,4.09,28.618,29.113,28.571,269004.07,349509.16,395775.17,29.49
2019-04-17,29.31,29.9,28.88,241144.88,-0.07,-0.24,28.672,29.157,28.637,256179.85,318822.21,379356.59,29.42
2019-04-18,29.41,29.96,29.1,239289.12,-0.27,-0.92,28.902,29.106,28.723,254472.45,305192.52,373568.36,29.15
2019-04-19,28.98,30.5,28.3,316354.62,0.5,1.72,29.208,28.97,28.802,287006.24,280429.66,362344.57,29.65
2019-04-22,29.7,29.7,28.41,269361.22,-1.01,-3.41,29.27,28.902,28.825,276962.32,266559.19,359471.68,28.64
2019-04-23,28.31,28.5,27.15,237747.52,-1.2,-4.19,28.86,28.739,28.767,260779.47,264891.77,348140.21,27.44
2019-04-24,27.49,29.5,27.05,398114.84,1.96,7.14,28.856,28.764,28.795,292173.46,274176.66,338856.64,29.4
2019-04-25,28.88,29.35,27.5,303537.28,-1.88,-6.39,28.53,28.716,28.786,305023.1,279747.77,334028.11,27.52
2019-04-26,27.27,28.5,27.27,236160.09,-0.04,-0.14,28.096,28.652,28.833,288984.19,287995.22,329641.19,27.48
2019-04-29,25.65,26.14,24.73,303563.5,-2.75,-10.01,27.314,28.292,28.703,295824.65,286393.48,325589.0,24.73
2019-04-30,24.0,24.34,22.3,298999.78,-1.41,-5.7,26.49,27.675,28.394,308075.1,284427.29,316968.22,23.32
2019-05-06,22.0,22.38,20.99,206185.69,-2.33,-9.99,24.808,26.832,27.995,269689.27,280931.37,299876.79,20.99
2019-05-07,21.23,21.5,20.51,179366.94,0.51,2.43,23.604,26.067,27.587,244855.2,274939.15,290065.83,21.5
2019-05-08,20.88,22.46,20.72,206189.73,0.14,0.65,22.436,25.266,27.118,238861.13,263922.66,272176.16,21.64
2019-05-09,21.65,22.4,21.59,168798.41,0.01,0.05,21.82,24.567,26.735,211908.11,253866.38,260212.78,21.65
2019-05-10,22.35,23.6,21.22,320747.31,1.81,8.36,21.848,24.169,26.454,216257.62,262166.36,263529.06,23.46
2019-05-13,22.97,23.43,22.8,181644.06,-0.52,-2.22,22.238,23.523,26.144,211349.29,240519.28,257347.97,22.94
2019-05-14,22.8,23.07,22.28,129423.98,-0.54,-2.37,22.396,23.0,25.858,201360.7,223107.95,251427.86,22.29
2019-05-15,22.63,22.85,22.34,144805.2,0.52,2.33,22.63,22.533,25.593,189083.79,213972.46,250983.84,22.81
2019-05-16,22.7,22.7,22.15,131631.98,-0.36,-1.58,22.79,22.305,25.299,181650.51,196779.31,241586.4,22.45
2019-05-17,22.8,23.3,21.8,265341.81,-0.57,-2.54,22.474,22.161,24.918,170569.41,193413.51,238920.4,21.88
2019-05-20,22.75,22.98,22.2,217893.84,0.9,4.11,22.442,22.34,24.586,177819.36,194584.33,237757.85,22.78
2019-05-21,22.8,24.5,22.06,345463.59,1.0,4.39,22.74,22.568,24.318,221027.28,211193.99,243066.57,23.78
2019-05-22,23.83,26.16,23.65,451093.88,2.36,9.92,23.406,23.018,24.142,282285.02,235684.41,249803.53,26.14
2019-05-23,25.7,26.89,24.8,477188.5,-1.03,-3.94,23.938,23.364,23.966,351396.32,266523.42,260194.9,25.11
2019-05-24,24.5,25.63,24.45,268202.59,-0.22,-0.88,24.54,23.507,23.838,351968.48,261268.94,261717.65,24.89
2019-05-27,24.68,27.08,24.5,386391.47,1.7,6.83,25.302,23.872,23.698,385668.01,281743.68,261131.48,26.59
2019-05-28,26.1,29.25,25.8,430005.78,1.22,4.59,26.108,24.424,23.712,402576.44,311801.86,267454.91,27.81
2019-05-29,26.97,27.7,26.81,301017.25,-0.81,-2.91,26.28,24.843,23.688,372561.12,327423.07,270697.76,27.0
2019-05-30,26.76,26.76,25.08,270743.44,-1.36,-5.04,26.386,25.162,23.734,331272.11,341334.22,269056.76,25.64
2019-05-31,25.69,26.15,25.52,180760.59,0.1,0.39,26.556,25.548,23.855,313783.71,332876.09,263144.8,25.74
2019-06-03,26.0,26.7,24.97,214259.31,0.17,0.66,26.42,25.861,24.101,279357.27,332512.64,263548.48,25.91
2019-06-04,25.64,25.76,24.61,183377.14,-0.93,-3.59,25.854,25.981,24.275,230031.55,316304.0,263748.99,24.98
2019-06-05,25.21,25.44,24.82,123820.15,-0.12,-0.48,25.426,25.853,24.436,194592.13,283576.62,259630.51,24.86
2019-06-06,24.88,25.13,24.19,124051.87,-0.62,-2.49,25.146,25.766,24.565,165253.81,248262.96,257393.19,24.24
2019-06-10,24.36,24.95,24.01,114361.46,0.62,2.56,24.97,25.763,24.635,151973.99,232878.85,247073.89,24.86
2019-06-11,25.0,25.81,24.31,222760.81,0.84,3.38,24.928,25.674,24.773,153674.29,216515.78,249129.73,25.7
2019-06-12,25.55,25.9,25.25,152890.09,-0.41,-1.59,24.99,25.422,24.923,147576.88,188804.21,250303.04,25.29
2019-06-13,25.18,26.11,25.16,204811.84,0.27,1.07,25.13,25.278,25.061,163775.21,179183.67,253303.37,25.56
2019-06-14,25.4,25.93,24.56,165575.31,-0.93,-3.64,25.208,25.177,25.17,172079.9,168666.86,255000.54,24.63
2019-06-17,24.36,24.63,23.66,125311.04,-0.76,-3.09,25.01,24.99,25.269,174269.82,163121.9,247999.0,23.87
2019-06-18,23.87,24.35,23.72,69109.6,0.07,0.29,24.658,24.793,25.327,143539.58,148606.93,240559.79,23.94
2019-06-19,24.63,24.81,24.15,114535.88,0.24,1.0,24.436,24.713,25.347,135868.73,141722.81,229013.4,24.18
2019-06-20,24.16,25.08,23.9,151522.31,0.67,2.77,24.294,24.712,25.283,125210.83,144493.02,214034.82,24.85
2019-06-21,24.86,25.79,24.86,209593.27,0.6,2.41,24.458,24.833,25.3,134014.42,153047.16,200655.06,25.45
2019-06-24,25.45,26.07,24.91,142985.73,-0.26,-1.02,24.722,24.866,25.315,137549.36,155909.59,194394.22,25.19
2019-06-25,25.2,25.28,23.8,147026.98,-0.79,-3.14,24.814,24.736,25.205,153132.83,148336.21,182425.99,24.4
2019-06-26,24.2,24.62,24.16,65285.54,-0.11,-0.45,24.836,24.636,25.029,143282.77,139575.75,164189.98,24.29
2019-06-27,24.4,24.76,24.33,87432.94,0.22,0.91,24.768,24.531,24.905,130464.89,127837.86,153510.77,24.51
2019-06-28,24.46,24.56,23.65,110590.85,-0.59,-2.41,24.462,24.46,24.819,110664.41,122339.41,145503.14,23.92
2019-07-01,24.6,25.24,24.35,202138.7,1.25,5.23,24.458,24.59,24.79,122495.0,130022.18,146572.04,25.17
2019-07-02,25.1,25.12,24.65,110755.98,-0.38,-1.51,24.536,24.675,24.734,115240.8,134186.82,141396.87,24.79
2019-07-03,24.8,24.82,23.97,106177.66,-0.66,-2.66,24.504,24.67,24.692,123419.23,133351.0,137536.9,24.13
2019-07-04,24.12,24.38,23.95,72594.42,0.19,0.79,24.466,24.617,24.665,120451.52,125458.21,134975.61,24.32
2019-07-05,24.32,24.37,24.11,47322.01,-0.08,-0.33,24.53,24.496,24.665,107797.75,109231.08,131139.12,24.24
2019-07-08,24.17,24.17,22.83,132795.48,-1.36,-5.61,24.072,24.265,24.566,93929.11,108212.06,132060.82,22.88
2019-07-09,22.82,23.22,22.59,61086.59,0.18,0.79,23.726,24.131,24.434,83995.23,99618.02,123977.11,23.06
2019-07-10,23.1,23.26,22.88,47541.03,-0.11,-0.48,23.49,23.997,24.317,72267.91,97843.57,118709.66,22.95
2019-07-11,23.14,23.19,22.44,57678.06,-0.38,-1.66,23.14,23.803,24.167,69284.63,94868.08,111352.97,22.57
2019-07-12,22.62,22.74,22.39,46004.55,-0.11,-0.49,22.784,23.657,24.059,69021.14,88409.45,105374.43,22.46
2019-07-15,22.5,23.97,22.0,128852.88,0.86,3.83,22.872,23.472,24.031,68232.62,81080.87,105551.52,23.32
2019-07-16,23.19,23.55,23.04,59249.01,-0.12,-0.52,22.9,23.313,23.994,67865.11,75930.17,105058.49,23.2
2019-07-17,23.1,23.62,23.07,75734.93,0.04,0.17,22.958,23.224,23.947,73503.89,72885.9,103118.45,23.24
2019-07-18,22.55,22.55,21.83,145645.44,-1.4,-6.02,22.812,22.976,23.797,91097.36,80191.0,102824.6,21.84
2019-07-19,21.94,22.28,21.71,78542.37,-0.11,-0.5,22.666,22.725,23.611,97604.93,83313.03,96272.06,21.73
2019-07-22,21.82,22.0,20.73,70807.22,-0.74,-3.4,22.2,22.536,23.401,85995.79,77114.21,92663.13,20.99
2019-07-23,20.97,21.51,20.97,56074.19,0.37,1.76,21.832,22.366,23.249,85360.83,76612.97,88115.49,21.36
2019-07-24,21.48,22.06,21.39,99790.24,0.14,0.66,21.484,22.221,23.109,90171.89,81837.89,89840.73,21.5
2019-07-25,21.55,22.04,21.46,91509.29,0.36,1.67,21.488,22.15,22.977,79344.66,85221.01,90044.55,21.86
2019-07-26,21.66,21.84,21.51,53508.18,-0.16,-0.73,21.482,22.074,22.866,74337.82,85971.38,87190.41,21.7
2019-07-29,21.79,21.88,21.36,59289.9,-0.17,-0.78,21.59,21.895,22.684,72034.36,79015.08,80047.97,21.53
2019-07-30,21.63,21.93,21.43,59489.99,0.09,0.42,21.642,21.737,22.525,72717.52,79039.18,77484.67,21.62
2019-07-31,19.99,20.44,19.54,259411.62,-1.98,-9.16,21.27,21.377,22.301,104641.8,97406.84,85146.37,19.64
2019-08-01,19.64,20.4,19.64,179743.69,0.54,2.75,20.934,21.211,22.094,122288.68,100816.67,90503.83,20.18
2019-08-02,19.88,20.45,19.83,138170.52,-0.17,-0.84,20.596,21.039,21.882,139221.14,106779.48,95046.26,20.01
2019-08-05,20.15,20.76,19.77,139319.66,0.01,0.05,20.294,20.942,21.739,155227.1,113630.73,95372.47,20.02
2019-08-06,19.8,19.8,18.81,134421.45,-0.68,-3.4,19.838,20.74,21.553,170213.39,121465.45,99039.21,19.34
2019-08-07,19.55,19.56,18.8,92814.52,-0.46,-2.38,19.686,20.478,21.35,136893.97,120767.88,101302.89,18.88
2019-08-08,19.04,19.18,18.82,61711.63,0.12,0.64,19.45,20.192,21.171,113287.56,117788.12,101504.56,19.0
2019-08-09,19.2,19.74,18.63,111902.43,0.13,0.68,19.274,19.935,21.005,108033.94,123627.54,104799.46,19.13
2019-08-12,19.06,19.35,18.82,88363.52,0.22,1.15,19.14,19.717,20.806,97842.71,126534.9,102774.99,19.35
2019-08-13,19.02,19.66,18.93,100019.82,-0.1,-0.52,19.122,19.48,20.609,90962.38,130587.89,104813.53,19.25
2019-08-14,19.58,19.62,19.21,82329.58,-0.03,-0.16,19.19,19.438,20.408,88865.4,112879.68,105143.26,19.22
2019-08-15,18.52,20.75,18.41,232857.31,1.18,6.14,19.47,19.46,20.336,123094.53,118191.04,109503.86,20.4
2019-08-16,20.17,20.95,19.97,218365.58,-0.09,-0.44,19.706,19.49,20.265,144387.16,126210.55,116495.02,20.31
2019-08-19,20.59,21.78,20.35,271825.69,1.29,6.35,20.156,19.648,20.295,181079.6,139461.15,126545.94,21.6
2019-08-20,21.44,21.72,21.15,179859.3,-0.35,-1.62,20.556,19.839,20.29,197047.49,144004.94,132735.2,21.25
2019-08-21,21.18,21.33,20.93,119563.54,-0.28,-1.32,20.906,20.048,20.263,204494.28,146679.84,133723.86,20.97
2019-08-22,21.06,21.13,20.61,96107.56,-0.11,-0.53,20.998,20.234,20.213,177144.33,150119.43,133953.77,20.86
2019-08-23,20.88,21.38,20.8,111824.25,0.01,0.05,21.11,20.408,20.172,155836.07,150111.62,136869.58,20.87
2019-08-26,20.28,20.8,20.12,83211.24,-0.35,-1.68,20.894,20.525,20.121,118113.18,149596.39,138065.65,20.52
2019-08-27,20.61,21.3,20.61,125301.54,0.39,1.9,20.826,20.691,20.086,107201.63,152124.56,141356.22,20.91
2019-08-28,20.88,21.7,20.48,187226.38,0.25,1.2,20.864,20.885,20.162,120734.19,162614.24,137746.96,21.16
2019-08-29,21.03,22.89,20.95,328077.69,0.99,4.68,21.122,21.06,20.26,167128.22,172136.28,145163.66,22.15
2019-08-30,22.16,22.92,21.3,319194.56,-0.74,-3.34,21.23,21.17,20.33,208602.28,182219.18,154214.86,21.41
2019-09-02,21.6,23.1,21.3,316075.94,1.6,7.47,21.728,21.311,20.48,255175.22,186644.2,163052.68,23.01
2019-09-03,22.92,23.25,22.4,288441.84,-0.39,-1.7,22.07,21.448,20.644,287803.28,197502.45,170753.7,22.62
2019-09-04,22.33,24.88,22.3,452044.12,1.44,6.37,22.65,21.757,20.903,340766.83,230750.51,188715.18,24.06
2019-09-05,24.0,24.94,23.71,400053.69,-0.24,-1.0,22.984,22.053,21.144,355162.03,261145.13,205632.28,23.82
2019-09-06,23.8,24.48,23.28,248544.45,0.16,0.67,23.498,22.364,21.386,341032.01,274817.15,212464.38,23.98
2019-09-09,24.02,24.9,23.79,314317.19,0.9,3.75,23.872,22.8,21.663,340680.26,297927.74,223762.06,24.88
2019-09-10,24.88,24.88,23.56,270751.56,-0.95,-3.82,24.134,23.102,21.897,337142.2,312472.74,232298.65,23.93
2019-09-11,24.09,24.27,23.6,167747.09,-0.05,-0.21,24.098,23.374,22.13,280282.8,310524.81,236569.53,23.88
2019-09-12,23.99,24.27,23.7,129129.07,0.29,1.21,24.168,23.576,22.318,226097.87,290629.95,231383.11,24.17
2019-09-16,24.11,24.57,23.85,186056.3,0.19,0.79,24.244,23.871,22.521,213600.24,277316.13,229767.65,24.36
2019-09-17,24.27,24.27,22.92,197905.41,-1.21,-4.97,23.898,23.885,22.598,190317.89,265499.07,226071.64,23.15
2019-09-18,23.25,23.34,22.8,92736.88,-0.25,-1.08,23.692,23.913,22.681,154714.95,245928.58,221715.52,22.9
2019-09-19,23.02,23.3,22.8,92320.56,0.4,1.75,23.576,23.837,22.797,139629.64,209956.22,220353.37,23.3
2019-09-20,24.99,25.45,23.83,250078.91,0.7,3.0,23.542,23.855,22.954,163819.61,194958.74,228051.93,24.0
2019-09-23,23.51,23.68,23.1,160224.05,-0.61,-2.54,23.348,23.796,23.08,158653.16,186126.7,230471.92,23.39
2019-09-24,23.38,24.03,23.02,176927.06,0.05,0.21,23.406,23.652,23.226,154457.49,172387.69,235157.71,23.44
2019-09-25,23.1,23.4,22.48,139453.16,-0.78,-3.33,23.358,23.525,23.314,163800.75,159257.85,235865.3,22.66
2019-09-26,22.66,22.78,21.24,124421.08,-1.39,-6.13,22.952,23.264,23.319,170220.85,154925.25,232725.03,21.27
2019-09-27,21.31,21.76,21.28,65882.01,0.14,0.66,22.434,22.988,23.282,133381.47,148600.54,219615.25,21.41
2019-09-30,21.41,21.63,21.0,48391.92,-0.41,-1.92,21.956,22.652,23.262,111015.05,134834.1,206075.11,21.0
2019-10-08,21.1,21.48,20.91,46656.01,-0.07,-0.33,21.454,22.43,23.158,84960.84,119709.16,192604.12,20.93
2019-10-09,20.9,21.26,20.61,48294.94,0.33,1.58,21.174,22.266,23.09,66729.19,115264.97,180596.77,21.26
2019-10-10,21.29,21.6,21.13,62353.86,0.29,1.36,21.23,22.091,22.964,54315.75,112268.3,161112.26,21.55
2019-10-11,21.55,21.75,21.2,68238.88,-0.11,-0.51,21.236,21.835,22.845,54787.12,94084.3,144521.52,21.44
2019-10-14,21.62,22.01,21.56,77897.71,0.41,1.91,21.406,21.681,22.739,60688.28,85851.66,135989.18,21.85
2019-10-15,21.7,21.73,20.88,78179.85,-0.86,-3.94,21.418,21.436,22.544,66993.05,75976.94,124182.32,20.99
2019-10-16,21.14,21.49,20.98,53661.07,0.06,0.29,21.376,21.275,22.4,68066.27,67397.73,113327.79,21.05
2019-10-17,21.01,21.77,21.0,55741.73,0.33,1.57,21.342,21.286,22.275,66743.85,60529.8,107727.52,21.38
2019-10-18,21.31,21.47,20.93,52204.97,-0.43,-2.01,21.244,21.24,22.114,63537.07,59162.09,103881.32,20.95
2019-10-21,20.96,20.97,20.32,43169.83,-0.31,-1.48,21.002,21.204,21.928,56591.49,58639.89,96736.99,20.64
2019-10-22,20.74,21.17,20.67,39433.34,0.22,1.07,20.976,21.197,21.814,48842.19,57917.62,88813.39,20.86
2019-10-23,20.88,21.18,20.73,44445.79,-0.08,-0.38,20.922,21.149,21.708,46999.13,57532.7,86398.84,20.78
2019-10-24,20.9,20.9,20.5,30687.97,-0.18,-0.87,20.766,21.054,21.573,41988.38,54366.11,83317.21,20.6
2019-10-25,20.61,20.74,20.46,38996.58,0.11,0.53,20.718,20.981,21.408,39346.7,51441.88,72763.09,20.71
2019-10-28,22.14,22.69,21.3,197683.7,1.51,7.29,21.034,21.018,21.35,70249.48,63420.48,74636.07,22.22
2019-10-29,22.22,22.23,21.3,119149.18,-0.87,-3.92,21.132,21.054,21.245,86192.64,67517.42,71747.18,21.35
2019-10-30,21.12,21.3,20.63,62418.06,-0.59,-2.76,21.128,21.025,21.15,89787.1,68393.12,67895.42,20.76
2019-10-31,20.5,20.89,20.37,74759.65,-0.34,-1.64,21.092,20.929,21.108,98601.43,70294.91,65412.35,20.42
2019-11-01,20.4,20.57,20.28,55972.14,-0.06,-0.29,21.022,20.87,21.055,101996.55,70671.62,64916.86,20.36
2019-11-04,20.36,21.58,20.36,114474.72,0.53,2.6,20.756,20.895,21.05,85354.75,77802.11,68221.0,20.89
2019-11-05,20.75,21.03,20.67,64996.19,0.04,0.19,20.672,20.902,21.05,74524.15,80358.4,69138.01,20.93
2019-11-06,20.91,21.0,20.48,41590.27,-0.37,-1.77,20.632,20.88,21.015,70358.59,80072.85,68802.77,20.56
2019-11-07,20.78,20.88,20.65,35378.25,0.21,1.02,20.702,20.897,20.976,62482.31,80541.87,67453.99,20.77
2019-11-08,20.85,20.98,20.64,40045.09,-0.12,-0.58,20.76,20.891,20.936,59296.9,80646.73,66044.3,20.65
2019-11-11,20.75,20.75,20.05,59485.01,-0.56,-2.71,20.6,20.678,20.848,48298.96,66826.86,65123.67,20.09
2019-11-12,20.16,20.2,19.65,44676.36,-0.04,-0.2,20.424,20.548,20.801,44235.0,59379.57,63448.5,20.05
2019-11-13,20.05,20.49,19.95,54719.89,0.18,0.9,20.358,20.495,20.76,46860.92,58609.76,63501.44,20.23
2019-11-14,20.17,20.28,19.92,41492.79,-0.01,-0.05,20.248,20.475,20.702,48083.83,55283.07,62788.99,20.22
2019-11-15,20.18,20.98,20.1,94094.46,0.29,1.43,20.22,20.49,20.68,58893.7,59095.3,64883.46,20.51
2019-11-18,20.25,21.1,20.2,84449.65,0.31,1.51,20.366,20.483,20.689,63886.63,56092.8,66947.45,20.82
2019-11-19,20.7,21.06,20.61,66312.08,0.17,0.82,20.554,20.489,20.696,68213.77,56224.39,68291.39,20.99
2019-11-20,20.88,21.54,20.85,102877.88,0.01,0.05,20.708,20.533,20.707,77845.37,62353.15,71213.0,21.0
2019-11-21,21.0,21.31,20.7,64344.98,0.25,1.19,20.914,20.581,20.739,82415.81,65249.82,72895.85,21.25
2019-11-22,21.11,21.28,20.46,74644.5,-0.68,-3.2,20.926,20.573,20.732,78525.82,68709.76,74678.24,20.57
2019-11-25,20.7,20.7,20.16,37992.2,-0.32,-1.56,20.812,20.589,20.634,69234.33,66560.48,66693.67,20.25
2019-11-26,20.25,20.48,20.21,25089.1,0.02,0.1,20.668,20.611,20.58,60989.73,64601.75,61990.66,20.27
2019-11-27,20.3,20.39,20.13,31156.27,-0.08,-0.4,20.506,20.607,20.551,46645.41,62245.39,60427.57,20.19
2019-11-28,20.15,20.24,19.93,31340.69,-0.19,-0.94,20.256,20.585,20.53,40044.55,61230.18,58256.63,20.0
2019-11-29,20.0,20.19,19.92,20425.48,0.14,0.7,20.17,20.548,20.519,29200.75,53863.28,56479.29,20.14
2019-12-02,20.23,20.32,20.0,27366.08,0.01,0.05,20.15,20.481,20.482,27075.52,48154.93,52123.86,20.15
2019-12-03,20.4,20.75,20.24,51975.98,0.34,1.69,20.194,20.431,20.46,32452.9,46721.32,51472.85,20.49
2019-12-04,20.3,20.6,20.22,32963.0,-0.09,-0.44,20.236,20.371,20.452,32814.25,39729.83,51041.49,20.4
2019-12-05,20.41,20.7,20.31,51632.96,0.22,1.08,20.36,20.308,20.445,36872.7,38458.63,51854.22,20.62
2019-12-06,20.62,20.74,20.25,61821.55,0.04,0.19,20.464,20.317,20.445,45151.91,37176.33,52943.05,20.66
2019-12-09,20.72,21.85,20.69,158078.12,0.63,3.05,20.692,20.421,20.505,71294.32,49184.92,57872.7,21.29
2019-12-10,21.2,21.45,21.02,87384.49,0.04,0.19,20.86,20.527,20.569,78376.02,55414.46,60008.11,21.33
2019-12-11,21.33,21.35,20.93,67795.39,-0.37,-1.74,20.972,20.604,20.606,85342.5,59078.37,60661.88,20.96
2019-12-12,20.91,21.2,20.82,49304.23,-0.09,-0.43,21.022,20.691,20.638,84876.76,60874.73,61052.45,20.87
2019-12-13,21.14,21.33,20.92,75376.89,0.37,1.77,21.138,20.801,20.675,87587.82,66369.87,60116.58,21.24
2019-12-16,21.28,21.75,21.28,112118.59,0.44,2.07,21.216,20.954,20.718,78395.92,74845.12,61500.02,21.68
2019-12-17,21.7,21.98,21.53,120693.12,0.08,0.37,21.302,21.081,20.756,85057.64,81716.83,64219.08,21.76
2019-12-18,21.77,22.23,21.62,107205.97,-0.03,-0.14,21.456,21.214,20.793,92939.76,89141.13,64435.48,21.73
2019-12-19,21.87,22.16,21.7,76526.71,0.1,0.46,21.648,21.335,20.822,98384.26,91630.51,65044.57,21.83
2019-12-20,21.84,21.93,21.15,87995.55,-0.65,-2.98,21.636,21.387,20.852,100907.99,94247.91,65712.12,21.18
2019-12-23,21.05,21.05,20.32,86764.7,-0.83,-3.92,21.37,21.293,20.857,95837.21,87116.56,68150.74,20.35
2019-12-24,20.35,20.59,20.35,50999.97,0.19,0.93,21.126,21.214,20.871,81898.58,83478.11,69446.29,20.54
2019-12-25,20.52,20.75,20.37,51288.75,0.07,0.34,20.902,21.179,20.892,70715.14,81827.45,70452.91,20.61
2019-12-26,20.64,21.2,20.48,80645.05,0.31,1.5,20.72,21.184,20.938,71538.8,84961.53,72918.13,20.92
2019-12-27,20.76,21.04,20.53,65063.68,-0.35,-1.67,20.598,21.117,20.959,66952.43,83930.21,75150.04,20.57
2019-12-30,20.48,20.69,20.1,48779.82,0.03,0.15,20.648,21.009,20.982,59355.45,77596.33,76220.73,20.6
2019-12-31,20.75,20.86,20.5,37628.52,0.08,0.39,20.676,20.901,20.991,56681.16,69289.87,75503.35,20.68
2020-01-02,20.78,21.14,20.71,83099.78,0.42,2.03,20.774,20.838,21.026,63043.37,66879.25,78010.19,21.1
2020-01-03,21.1,21.21,20.86,77918.16,0.05,0.24,20.82,20.77,21.053,62497.99,67018.4,79324.45,21.15
2020-01-06,21.1,21.45,21.0,95657.08,0.13,0.61,20.962,20.78,21.084,68616.67,67784.55,81016.23,21.28
2020-01-07,21.3,21.8,21.18,129190.33,0.36,1.69,21.17,20.909,21.101,84698.77,72027.11,79571.84,21.64
2020-01-08,21.45,21.53,20.94,109628.88,-0.68,-3.14,21.226,20.951,21.083,99098.85,77890.01,80684.06,20.96
2020-01-09,21.15,22.07,21.14,196042.34,0.87,4.15,21.372,21.073,21.126,121687.36,92365.36,87096.41,21.83
2020-01-10,21.8,22.06,21.43,113327.56,-0.26,-1.19,21.456,21.138,21.161,128769.24,95633.62,90297.57,21.57
2020-01-13,21.55,21.91,21.41,99569.3,0.33,1.53,21.58,21.271,21.194,129551.68,99084.18,91507.19,21.9
2020-01-14,21.9,21.96,21.53,88768.25,-0.26,-1.19,21.58,21.375,21.192,121467.27,103083.02,90339.68,21.64
2020-01-15,21.65,21.82,21.47,79563.88,0.1,0.46,21.736,21.481,21.191,115454.27,107276.56,88283.21,21.74
2020-01-16,21.68,22.29,21.48,146972.67,0.04,0.18,21.726,21.549,21.194,105640.33,113663.85,90271.55,21.78
2020-01-17,21.98,22.15,21.59,109908.61,-0.19,-0.87,21.73,21.593,21.182,104956.54,116862.89,91940.64,21.59
2020-01-20,21.45,21.9,21.02,105024.83,0.11,0.51,21.69,21.635,21.208,106047.65,117799.67,92792.11,21.7
2020-01-21,21.4,23.47,21.4,242400.97,0.6,2.77,21.822,21.701,21.305,136774.19,129120.73,100573.92,22.3
2020-01-22,22.11,22.72,21.92,204836.05,0.26,1.17,21.986,21.861,21.406,161828.63,138641.45,108265.73,22.56
2020-01-23,22.21,22.28,20.67,202188.91,-1.57,-6.96,21.828,21.777,21.425,172871.87,139256.1,115810.73,20.99
