date,open,high,low,volume,price_change,p_change,ma5,ma10,ma20,v_ma5,v_ma10,v_ma20,close
2017-07-25,15.61,16.13,15.53,24464.21,0.42,2.69,16.02,16.02,16.02,24464.21,24464.21,24464.21,16.02
2017-07-26,15.99,16.08,15.72,14620.76,-0.15,-0.94,15.945,15.945,15.945,19542.49,19542.49,19542.49,15.87
2017-07-27,15.85,16.38,15.77,30139.24,0.48,3.02,16.08,16.08,16.08,23074.74,23074.74,23074.74,16.35
2017-07-28,16.36,16.36,16.05,17337.92,-0.13,-0.8,16.115,16.115,16.115,21640.53,21640.53,21640.53,16.22
2017-07-31,16.07,16.1,15.88,18319.15,-0.29,-1.79,16.078,16.078,16.078,20976.26,20976.26,20976.26,15.93
2017-08-01,15.91,16.18,15.9,20550.04,0.15,0.94,16.09,16.078,16.078,20193.42,20905.22,20905.22,16.08
2017-08-02,16.03,16.11,15.83,14451.0,-0.24,-1.49,16.084,16.044,16.044,20159.47,19983.19,19983.19,15.84
2017-08-03,15.82,16.15,15.72,12730.63,0.15,0.95,16.012,16.038,16.038,16677.75,19076.62,19076.62,15.99
2017-08-04,16.08,16.08,15.5,17564.54,-0.38,-2.38,15.89,15.99,15.99,16723.07,18908.61,18908.61,15.61
2017-08-07,15.55,15.98,15.55,13879.46,0.36,2.31,15.898,15.988,15.988,15835.13,18405.7,18405.7,15.97
2017-08-08,15.97,16.24,15.91,12856.03,0.13,0.81,15.902,15.996,15.998,14296.33,17244.88,17901.18,16.1
2017-08-09,16.1,16.45,16.05,19890.94,0.26,1.61,16.006,16.045,16.028,15384.32,17771.9,18066.99,16.36
2017-08-10,16.36,16.57,16.16,24503.41,-0.16,-0.98,16.048,16.03,16.042,17738.88,17208.31,18562.1,16.2
2017-08-11,16.17,16.3,16.04,16331.18,-0.12,-0.74,16.142,16.016,16.044,17492.2,17107.64,18402.75,16.08
2017-08-14,16.08,16.7,16.0,36871.74,0.56,3.48,16.276,16.087,16.084,22090.66,18962.9,19634.02,16.64
2017-08-15,16.65,16.72,16.45,19049.79,-0.07,-0.42,16.37,16.136,16.114,23329.41,18812.87,19597.5,16.57
2017-08-16,16.5,16.98,16.49,30094.71,0.21,1.27,16.454,16.23,16.154,25370.17,20377.24,20214.99,16.78
2017-08-17,16.7,17.87,16.65,61586.7,0.53,3.16,16.676,16.362,16.218,32786.82,25262.85,22513.41,17.31
2017-08-18,17.34,17.56,17.08,29059.12,-0.15,-0.87,16.892,16.517,16.267,35332.41,26412.31,22857.92,17.16
2017-08-21,17.12,17.69,17.01,31009.03,0.04,0.23,17.004,16.64,16.314,34159.87,28125.27,23265.48,17.2
2017-08-22,17.18,17.3,16.7,25560.06,-0.42,-2.44,17.046,16.708,16.352,35461.92,29395.67,23320.27,16.78
2017-08-23,16.76,17.0,16.74,18289.42,0.07,0.42,17.06,16.757,16.401,33100.87,29235.52,23503.71,16.85
2017-08-24,16.85,16.93,16.28,31237.79,-0.5,-2.97,16.868,16.772,16.401,27031.08,29908.95,23558.63,16.35
2017-08-25,16.41,16.65,16.38,18027.32,0.23,1.41,16.752,16.822,16.419,24824.72,30078.57,23593.1,16.58
2017-08-28,16.6,17.17,16.6,34703.47,0.37,2.23,16.702,16.853,16.47,25563.61,29861.74,24412.32,16.95
2017-08-29,17.09,17.17,16.8,16511.01,-0.05,-0.29,16.726,16.886,16.511,23753.8,29607.86,24210.37,16.9
2017-08-30,16.97,16.99,16.75,16193.2,-0.02,-0.12,16.732,16.896,16.563,23334.56,28217.71,24297.48,16.88
2017-08-31,16.84,16.97,16.73,13198.3,-0.01,-0.06,16.836,16.852,16.607,19726.66,23378.87,24320.86,16.87
2017-09-01,16.9,17.26,16.72,34969.94,0.33,1.96,16.96,16.856,16.687,23115.18,23969.95,25191.13,17.2
2017-09-04,17.28,17.78,17.09,60129.76,0.37,2.15,17.084,16.893,16.767,28200.44,26882.03,27503.65,17.57
2017-09-05,17.57,17.57,17.2,28165.24,-0.33,-1.88,17.152,16.939,16.824,30531.29,27142.55,28269.11,17.24
2017-09-06,17.22,18.08,17.06,72333.14,0.82,4.76,17.388,17.06,16.909,41759.28,32546.92,30891.22,18.06
2017-09-07,18.0,18.27,17.77,59310.5,-0.27,-1.5,17.572,17.204,16.988,50981.72,35354.19,32631.57,17.79
2017-09-08,17.78,18.22,17.65,49230.78,0.18,1.01,17.726,17.343,17.083,53833.88,38474.53,34276.55,17.97
2017-09-11,17.99,18.0,17.46,41632.63,-0.34,-1.89,17.738,17.411,17.132,50134.46,39167.45,34514.6,17.63
2017-09-12,17.63,17.68,17.26,47627.02,-0.21,-1.19,17.774,17.463,17.175,54026.81,42279.05,35943.46,17.42
2017-09-13,17.39,17.56,17.21,23480.62,-0.04,-0.23,17.638,17.513,17.205,44256.31,43007.79,35612.75,17.38
2017-09-14,17.34,17.5,17.1,28798.6,-0.25,-1.44,17.506,17.539,17.196,38153.93,44567.82,33973.35,17.13
2017-09-15,17.13,17.16,16.75,32366.26,-0.26,-1.52,17.286,17.506,17.181,34781.03,44307.46,34138.7,16.87
2017-09-18,16.81,17.18,16.81,19242.56,0.3,1.78,17.194,17.466,17.18,30303.01,40218.74,33550.38,17.17
2017-09-19,17.17,17.22,16.82,20790.85,-0.18,-1.05,17.108,17.441,17.19,24935.78,39481.3,33311.92,16.99
2017-09-20,16.99,17.15,16.86,16823.4,0.09,0.53,17.048,17.343,17.202,23604.33,33930.32,33238.62,17.08
2017-09-21,17.11,17.34,16.9,30799.17,0.2,1.17,17.078,17.292,17.248,24004.45,31079.19,33216.69,17.28
2017-09-22,17.18,17.28,16.91,26883.98,-0.14,-0.81,17.132,17.209,17.276,22907.99,28844.51,33659.52,17.14
2017-09-25,17.02,17.2,16.8,16424.59,-0.31,-1.81,17.064,17.129,17.27,22344.4,26323.71,32745.58,16.83
2017-09-26,16.9,16.93,16.65,12218.8,0.06,0.36,17.044,17.076,17.27,20629.99,22782.88,32530.97,16.89
2017-09-27,16.95,17.07,16.72,18032.38,0.12,0.71,17.03,17.039,17.276,20871.78,22238.06,32622.93,17.01
2017-09-28,17.04,17.15,16.88,20534.3,0.0,0.0,16.976,17.027,17.283,18818.81,21411.63,32989.73,17.01
2017-09-29,17.04,17.1,16.97,17805.0,0.02,0.12,16.954,17.043,17.275,17003.01,19955.5,32131.48,17.03
2017-10-09,17.09,17.5,17.09,27147.58,0.42,2.47,17.078,17.071,17.269,19147.61,20746.01,30482.37,17.45
2017-10-10,17.42,17.88,17.32,44010.58,0.17,0.97,17.224,17.134,17.288,25505.97,23067.98,31274.64,17.62
2017-10-11,17.62,17.76,17.4,35328.04,0.0,0.0,17.346,17.188,17.266,28965.1,24918.44,29424.38,17.62
2017-10-12,17.68,17.87,17.63,43245.66,0.11,0.62,17.49,17.233,17.263,33507.37,26163.09,28621.14,17.73
2017-10-13,17.73,17.73,17.31,30007.62,-0.27,-1.52,17.576,17.265,17.237,35947.9,26475.46,27659.98,17.46
2017-10-16,17.45,17.51,16.88,36175.7,-0.36,-2.06,17.506,17.292,17.211,37753.52,28450.57,27387.14,17.1
2017-10-17,17.1,17.23,16.94,10949.39,-0.07,-0.41,17.388,17.306,17.191,31141.28,28323.63,25553.25,17.03
2017-10-18,17.15,17.15,16.8,11740.0,-0.03,-0.18,17.264,17.305,17.172,26423.67,27694.39,24966.22,17.0
2017-10-19,17.0,17.06,16.78,13751.0,-0.19,-1.12,17.08,17.285,17.156,20524.74,27016.06,24213.84,16.81
2017-10-20,16.71,17.04,16.66,12466.0,0.21,1.25,16.992,17.284,17.164,17016.42,26482.16,23218.83,17.02
2017-10-23,17.02,17.24,17.01,15010.27,0.05,0.29,16.986,17.246,17.159,12783.33,25268.43,23007.22,17.07
2017-10-24,17.11,17.14,16.84,12597.32,-0.04,-0.23,16.986,17.187,17.161,13112.92,22127.1,22597.54,17.03
2017-10-25,17.03,17.19,17.0,12312.49,0.11,0.65,17.014,17.139,17.164,13227.42,19825.55,22371.99,17.14
2017-10-26,17.14,17.34,17.03,14852.11,0.16,0.93,17.112,17.096,17.165,13447.64,16986.19,21574.64,17.3
2017-10-27,17.23,17.38,17.2,11955.65,0.0,0.0,17.168,17.08,17.173,13345.57,15180.99,20828.22,17.3
2017-10-30,17.4,17.46,17.0,22094.41,-0.15,-0.87,17.184,17.085,17.189,14762.4,13772.86,21111.72,17.15
2017-10-31,17.19,17.94,17.17,54851.7,0.65,3.79,17.338,17.162,17.234,23213.27,18163.1,23243.36,17.8
2017-11-01,17.79,17.8,17.56,33840.41,-0.05,-0.28,17.46,17.237,17.271,27518.86,20373.14,24033.76,17.75
2017-11-02,17.73,17.77,17.31,33075.04,-0.41,-2.31,17.468,17.29,17.288,31163.44,22305.54,24660.8,17.34
2017-11-03,17.22,17.46,16.52,50145.42,-0.66,-3.81,17.344,17.256,17.27,38801.4,26073.48,26277.82,16.68
2017-11-06,16.42,17.0,16.42,19642.45,0.25,1.5,17.3,17.242,17.244,38311.0,26536.7,25902.56,16.93
2017-11-07,16.98,16.98,16.74,20899.01,-0.06,-0.35,17.114,17.226,17.207,31520.47,27366.87,24746.98,16.87
2017-11-08,16.91,17.21,16.87,23149.99,0.22,1.3,16.982,17.221,17.18,29382.38,28450.62,24138.08,17.09
2017-11-09,17.1,17.39,17.02,25450.84,0.27,1.58,16.986,17.227,17.162,27857.54,29510.49,23248.34,17.36
2017-11-10,17.36,17.77,17.24,52321.02,0.38,2.19,17.196,17.27,17.175,28292.66,33547.03,24364.01,17.73
2017-11-13,17.7,17.99,17.61,56477.53,0.21,1.18,17.398,17.349,17.217,35659.68,36985.34,25379.1,17.94
2017-11-14,18.04,18.86,17.85,87563.07,0.68,3.78,17.754,17.434,17.298,48992.49,40256.48,29209.79,18.65
2017-11-15,19.05,19.35,18.63,133044.95,0.14,0.75,18.094,17.538,17.388,70971.48,50176.93,35275.03,18.79
2017-11-16,18.65,19.05,18.35,106888.37,0.18,0.96,18.416,17.701,17.496,87258.99,57558.27,39931.9,18.97
2017-11-17,18.29,18.59,17.48,108164.04,-1.38,-7.28,18.386,17.791,17.524,98427.59,63360.13,44716.8,17.58
2017-11-20,17.6,17.94,17.0,42722.67,0.28,1.59,18.366,17.882,17.562,95676.62,65668.15,46102.42,17.84
2017-11-21,17.8,17.83,17.28,55225.53,-0.46,-2.58,18.108,17.931,17.579,89209.11,69100.8,48233.84,17.36
2017-11-22,17.32,17.82,17.26,54959.44,0.46,2.65,17.912,18.003,17.612,73592.01,72281.75,50366.18,17.81
2017-11-23,17.68,17.78,17.0,39250.39,-0.8,-4.49,17.518,17.967,17.597,60064.41,73661.7,51586.1,17.0
2017-11-24,16.97,17.38,16.85,30204.08,0.25,1.47,17.46,17.923,17.597,44472.42,71450.01,52498.52,17.29
2017-11-27,17.17,17.27,16.8,20496.0,-0.49,-2.83,17.254,17.81,17.58,40027.09,67851.85,52418.6,16.81
2017-11-28,16.98,17.28,16.82,24155.2,0.39,2.32,17.226,17.667,17.551,33813.02,61511.07,50883.77,17.22
2017-11-29,17.15,17.29,16.6,28455.46,-0.32,-1.86,17.042,17.477,17.508,28512.23,51052.12,50614.53,16.89
2017-11-30,16.88,17.48,16.8,44326.2,0.45,2.66,17.112,17.315,17.508,29527.39,44795.9,51177.08,17.35
2017-12-01,17.34,17.54,17.15,37592.79,0.05,0.29,17.134,17.297,17.544,31005.13,37738.78,50549.45,17.4
2017-12-04,17.4,17.42,16.85,22784.96,-0.4,-2.3,17.172,17.213,17.548,31462.92,35745.01,50706.58,17.0
2017-12-05,16.9,17.03,16.02,42609.41,-0.94,-5.53,16.94,17.083,17.507,35153.76,34483.39,51792.1,16.06
2017-12-06,16.01,16.25,15.8,22027.28,0.19,1.18,16.81,16.926,17.465,33868.13,31190.18,51735.96,16.24
2017-12-07,16.2,16.56,16.12,15655.24,0.21,1.29,16.632,16.872,17.42,28133.94,28830.66,51246.18,16.46
2017-12-08,16.6,17.04,16.48,28637.56,0.31,1.88,16.508,16.821,17.372,26342.89,28674.01,50062.01,16.78
2017-12-11,17.18,18.23,17.18,65947.69,0.72,4.29,16.608,16.89,17.35,34975.44,33219.18,50535.52,17.5
2017-12-12,17.6,17.67,17.16,60111.26,0.0,0.0,16.896,16.918,17.293,38475.81,36814.79,49162.93,17.5
2017-12-13,17.27,17.66,17.22,27127.24,-0.08,-0.46,17.134,16.972,17.225,39495.8,36681.96,43867.04,17.43
2017-12-14,17.44,17.9,17.41,44548.74,0.16,0.92,17.366,16.999,17.157,45274.5,36704.22,40750.06,17.62
2017-12-15,17.67,17.92,17.52,41356.71,0.25,1.42,17.586,17.047,17.172,47818.33,37080.61,37409.69,17.88
2017-12-18,17.86,18.31,17.71,50905.36,-0.1,-0.56,17.638,17.123,17.168,44809.86,39892.65,37818.83,17.76
2017-12-19,17.7,18.58,17.5,76993.44,0.69,3.88,17.83,17.363,17.223,48186.3,43331.05,38907.22,18.46
2017-12-20,18.24,18.77,18.02,75959.72,-0.23,-1.25,17.99,17.562,17.244,57952.79,48724.3,39957.24,18.23
2017-12-21,18.4,18.7,17.97,62155.51,0.14,0.77,18.138,17.752,17.312,61474.15,53374.32,41102.49,18.36
2017-12-22,18.25,18.3,17.92,40221.82,-0.14,-0.76,18.208,17.897,17.359,61247.17,54532.75,41603.38,18.23
2017-12-25,18.12,18.68,18.01,39668.37,0.14,0.77,18.328,17.983,17.437,58999.77,51904.82,42562.0,18.36
2017-12-26,18.3,18.5,18.08,32226.66,0.11,0.6,18.334,18.082,17.5,50046.42,49116.36,42965.57,18.49
2017-12-27,18.47,18.65,18.2,24344.12,-0.29,-1.57,18.328,18.159,17.566,39723.3,48838.05,42760.0,18.2
2017-12-28,18.08,18.36,17.79,29676.6,0.01,0.06,18.3,18.219,17.609,33227.51,47350.83,42027.52,18.22
2017-12-29,18.22,18.6,18.08,21426.2,0.33,1.81,18.364,18.286,17.667,29468.39,45357.78,41219.19,18.55
2018-01-02,18.58,18.78,18.26,39753.89,0.2,1.08,18.44,18.384,17.754,29485.49,44242.63,42067.64,18.74
2018-01-03,18.75,18.75,18.4,29552.33,-0.17,-0.91,18.458,18.396,17.88,28950.63,39498.52,41414.79,18.58
2018-01-04,18.45,19.22,18.38,48497.54,0.4,2.15,18.612,18.47,18.016,33781.31,36752.3,42738.3,18.97
2018-01-05,18.9,19.7,18.82,57027.72,0.42,2.21,18.844,18.572,18.162,39251.54,36239.53,44806.92,19.38
2018-01-08,19.38,19.55,18.8,43033.84,-0.41,-2.11,18.93,18.647,18.272,43573.06,36520.73,45526.74,18.98
2018-01-09,18.98,19.15,18.54,36367.02,-0.22,-1.16,18.93,18.685,18.334,42895.69,36190.59,44047.7,18.74
2018-01-10,18.55,19.2,18.54,43011.13,0.3,1.6,19.02,18.739,18.411,45587.45,37269.04,43192.7,19.03
2018-01-11,18.94,20.8,18.82,89816.96,1.52,8.0,19.332,18.972,18.566,53851.33,43816.32,46327.18,20.53
2018-01-12,20.58,20.78,19.71,46611.16,-0.71,-3.46,19.416,19.13,18.675,51768.02,45509.78,46430.31,19.8
2018-01-15,19.82,19.89,19.11,38958.24,-0.55,-2.78,19.466,19.198,18.742,50952.9,47262.98,46310.38,19.23
2018-01-16,19.27,19.73,18.91,41940.66,0.16,0.83,19.596,19.263,18.824,52067.63,47481.66,45862.15,19.39
2018-01-17,19.08,19.19,18.15,36138.48,-0.42,-2.17,19.58,19.3,18.848,50693.1,48140.28,43819.4,18.95
2018-01-18,18.74,19.33,18.61,36388.48,-0.25,-1.32,19.212,19.272,18.871,40007.4,46929.37,41840.84,18.69
2018-01-19,18.65,19.22,18.65,25169.8,0.41,2.19,19.072,19.244,18.908,35719.13,43743.58,39991.55,19.1
2018-01-22,19.05,20.19,18.87,65755.24,0.77,4.03,19.202,19.334,18.991,41078.53,46015.72,41268.22,19.88
2018-01-23,19.9,20.06,18.8,57953.0,-0.96,-4.83,19.106,19.351,19.018,44281.0,48174.32,42182.45,18.91
2018-01-24,18.8,20.66,18.35,120041.09,1.47,7.77,19.392,19.486,19.113,61061.52,55877.31,46573.18,20.38
2018-01-25,20.08,20.98,19.76,95684.37,-0.43,-2.11,19.642,19.427,19.2,72920.7,56464.05,50140.19,19.94
2018-01-26,19.96,19.99,19.24,59256.21,0.05,0.25,19.816,19.444,19.287,79737.98,57728.56,51619.17,19.97
2018-01-29,19.8,19.98,19.0,61894.49,-0.97,-4.86,19.64,19.421,19.31,78965.83,60022.18,53642.58,19.0
2018-01-30,18.99,19.45,18.84,47015.06,0.2,1.05,19.7,19.403,19.333,76778.24,60529.62,54005.64,19.21
2018-01-31,19.03,19.87,19.0,59480.94,0.14,0.73,19.494,19.443,19.372,64666.21,62863.87,55502.07,19.35
2018-02-01,19.01,19.27,18.44,36139.86,-0.62,-3.2,19.252,19.447,19.36,52757.31,62839.01,54884.19,18.73
2018-02-02,18.62,19.46,18.51,31036.55,0.68,3.62,19.15,19.483,19.364,47113.38,63425.68,53584.63,19.46
2018-02-05,19.12,20.08,19.08,47204.55,0.34,1.75,19.308,19.474,19.404,44175.39,61570.61,53793.16,19.79
2018-02-06,19.45,19.96,19.28,48833.8,-0.27,-1.36,19.37,19.535,19.443,44539.14,60658.69,54416.5,19.52
2018-02-07,19.84,19.97,18.58,53382.35,-0.13,-0.67,19.38,19.437,19.462,43319.42,53992.82,54935.06,19.4
2018-02-08,19.06,20.15,18.91,60281.63,0.72,3.71,19.656,19.454,19.441,48147.78,50452.54,53458.3,20.11
2018-02-09,19.64,20.05,19.02,72475.79,-0.32,-1.59,19.724,19.437,19.441,56435.62,51774.5,54751.53,19.8
2018-02-12,19.58,21.49,19.58,130100.49,1.67,8.45,20.054,19.681,19.551,73014.81,58595.1,59308.64,21.44
2018-02-13,21.4,22.93,21.3,186103.77,0.57,2.66,20.552,19.961,19.682,100468.81,72503.97,66516.8,22.01
2018-02-14,21.94,21.96,21.55,51261.92,-0.19,-0.86,21.032,20.206,19.825,100044.72,71682.07,67272.97,21.8
2018-02-22,21.92,22.78,21.73,86715.52,0.52,2.39,21.472,20.564,20.006,105331.5,76739.64,69789.32,22.31
2018-02-23,22.11,22.18,21.45,68287.93,-0.65,-2.92,21.838,20.781,20.132,104493.93,80464.78,71945.23,21.63
2018-02-26,22.09,22.85,22.06,98090.72,0.86,3.98,22.046,21.05,20.262,98091.97,85553.39,73562.0,22.48
2018-02-27,22.54,24.68,22.44,133479.09,1.49,6.64,22.43,21.491,20.513,87567.04,94017.92,77338.31,23.93
2018-02-28,23.7,25.58,23.03,173704.16,0.69,2.88,22.994,22.013,20.725,112055.48,106050.1,80021.46,24.62
2018-03-01,24.23,27.06,24.05,207357.47,2.46,10.0,23.944,22.708,21.081,136183.87,120757.69,85605.12,27.06
2018-03-02,27.06,27.7,25.54,214534.27,-1.22,-4.51,24.786,23.312,21.375,165433.14,134963.53,93369.02,25.84
2018-03-05,25.95,26.99,25.28,195359.3,0.65,2.51,25.598,23.822,21.752,184886.86,141489.42,100042.26,26.54
2018-03-06,26.1,26.17,25.01,153675.09,-1.01,-3.8,25.924,24.177,22.069,188926.06,138246.55,105375.26,25.56
2018-03-07,25.45,25.99,25.15,112995.82,0.08,0.31,26.124,24.559,22.383,176784.39,144419.94,108051.0,25.62
2018-03-08,25.44,26.17,25.3,112041.9,0.11,0.43,25.854,24.899,22.732,157721.28,146952.58,111846.11,25.71
2018-03-09,25.61,27.01,24.5,219177.81,0.88,3.42,26.002,25.394,23.088,158649.98,162041.56,121253.17,26.58
2018-03-12,26.53,26.75,25.85,153717.94,-0.2,-0.75,25.97,25.784,23.417,150321.71,167604.29,126578.84,26.38
2018-03-13,26.12,26.12,25.0,109935.63,-1.35,-5.12,25.862,25.893,23.692,141573.82,165249.94,129633.93,25.02
2018-03-14,24.78,25.65,24.01,137308.08,-0.68,-2.72,25.606,25.865,23.939,146436.27,161610.33,133830.22,24.34
2018-03-15,24.34,25.0,23.89,110206.56,0.59,2.42,25.448,25.651,24.18,146069.2,151895.24,136326.46,24.92
2018-03-16,24.86,25.19,24.55,81689.58,-0.12,-0.48,25.088,25.545,24.429,118571.56,138610.77,136787.15,24.78
2018-03-19,24.58,25.96,24.5,106128.37,0.91,3.67,24.952,25.461,24.642,109053.64,129687.68,135588.55,25.7
2018-03-20,25.0,25.99,24.88,88722.21,-0.02,-0.08,25.082,25.472,24.825,104810.96,123192.39,130719.47,25.67
2018-03-21,25.85,25.86,24.0,102765.36,-1.64,-6.39,25.018,25.312,24.936,97902.42,122169.34,133294.64,24.02
2018-03-22,23.9,24.69,23.85,68968.92,0.03,0.12,24.842,25.145,25.022,89654.89,117862.05,132407.31,24.04
2018-03-23,22.6,24.56,22.56,90305.31,-0.74,-3.08,24.546,24.817,25.106,91378.03,104974.8,133508.18,23.3
2018-03-26,23.0,24.58,22.86,92931.94,1.26,5.41,24.316,24.634,25.209,88738.75,98896.2,133250.24,24.55
2018-03-27,24.85,26.88,24.85,149220.3,1.79,7.29,24.45,24.766,25.33,100838.37,102824.66,134037.3,26.34
2018-03-28,26.15,26.57,25.85,89075.36,-0.06,-0.23,24.896,24.957,25.411,98100.37,98001.39,129805.86,26.25
2018-03-29,26.18,27.55,25.55,113491.18,-0.23,-0.88,25.288,25.065,25.358,107004.82,98329.85,125112.55,26.0
2018-03-30,26.37,28.5,26.37,129460.55,1.75,6.73,26.178,25.362,25.454,114835.87,103106.95,120858.86,27.75
2018-04-02,27.83,28.96,27.07,122806.31,0.5,1.81,26.906,25.611,25.536,120810.74,104774.74,117231.21,28.19
2018-04-03,27.6,27.8,26.54,89166.56,-0.72,-2.56,27.128,25.789,25.631,108799.99,104819.18,114005.78,27.45
2018-04-04,27.48,28.25,26.55,55845.58,-0.8,-2.91,27.21,26.053,25.683,102154.04,100127.2,111148.27,26.66
2018-04-09,26.61,27.65,25.82,65742.53,0.53,1.99,27.438,26.363,25.754,92604.31,99804.56,108833.3,27.14
2018-04-10,27.1,27.1,26.06,45923.04,-0.65,-2.4,27.178,26.678,25.748,75896.8,95366.34,100170.57,26.45
2018-04-11,27.19,28.88,27.14,132406.02,1.41,5.33,27.11,27.008,25.821,77816.75,99313.74,99104.97,27.85
2018-04-12,28.1,28.27,27.15,61323.75,-0.46,-1.65,27.092,27.11,25.938,72248.18,90524.09,96674.38,27.36
2018-04-13,27.75,28.59,27.06,85399.97,0.98,3.58,27.43,27.32,26.139,78159.06,90156.55,94078.97,28.35
2018-04-16,27.97,31.17,27.82,119631.21,2.68,9.46,28.206,27.822,26.444,88936.8,90770.55,94550.2,31.02
2018-04-17,30.88,31.0,29.55,85538.11,-0.84,-2.7,28.96,28.069,26.716,96859.81,86378.31,94742.63,30.22
2018-04-18,30.0,32.85,29.1,100578.41,2.03,6.71,29.85,28.48,27.046,90494.29,84155.52,94465.13,32.3
2018-04-19,32.06,32.98,30.61,110026.27,-0.93,-2.88,30.654,28.873,27.331,100234.79,86241.49,95530.33,31.38
2018-04-20,30.63,31.76,29.6,71733.18,-1.41,-4.5,30.97,29.2,27.627,97501.44,87830.25,93978.73,29.93
2018-04-23,30.3,30.3,27.64,87615.07,-1.73,-5.78,30.404,29.305,27.834,91098.21,90017.5,94911.03,28.19
2018-04-24,28.6,30.08,28.04,72241.84,1.74,6.17,30.346,29.653,28.166,88438.95,92649.38,94007.86,29.93
2018-04-25,29.24,31.1,29.23,90882.54,0.19,0.64,29.912,29.881,28.445,86499.78,88497.04,93905.39,30.13
2018-04-26,30.06,30.64,29.17,58481.73,-0.68,-2.26,29.528,30.091,28.601,76190.87,88212.83,89368.46,29.46
2018-04-27,29.88,29.99,28.0,53227.96,-0.33,-1.12,29.362,30.166,28.743,72489.83,84995.63,87576.09,29.1
2018-05-02,29.1,29.38,27.72,64939.18,-0.69,-2.37,29.408,29.906,28.864,67954.65,79526.43,85148.49,28.42
2018-05-03,28.07,29.92,26.85,93912.06,1.42,5.0,29.388,29.867,28.968,72288.69,80363.82,83371.07,29.83
2018-05-04,29.3,29.95,29.01,57606.33,-0.43,-1.44,29.24,29.576,29.028,65633.45,76066.62,80111.07,29.39
2018-05-07,29.4,31.56,29.4,93606.1,1.99,6.78,29.62,29.574,29.224,72658.33,74424.6,80333.04,31.36
2018-05-08,31.21,31.21,30.01,68407.64,-0.82,-2.63,29.87,29.616,29.408,75694.26,74092.05,80961.15,30.35
2018-05-09,30.48,31.0,30.16,49990.66,0.51,1.68,30.356,29.882,29.594,72704.56,70329.6,80173.55,30.85
2018-05-10,30.82,30.89,29.04,74259.0,-1.63,-5.29,30.228,29.808,29.731,68773.95,70531.32,81590.35,29.19
2018-05-11,29.0,29.25,28.29,52811.96,-0.74,-2.54,30.04,29.64,29.761,67815.07,66724.26,77610.65,28.45
2018-05-14,28.29,28.79,27.0,81474.4,-0.84,-2.95,29.288,29.454,29.773,65388.73,69023.53,78618.18,27.6
2018-05-15,27.6,28.37,27.34,56147.12,0.67,2.43,28.87,29.37,29.768,62936.63,69315.45,77155.54,28.26
2018-05-16,28.22,28.55,27.16,59686.23,-0.81,-2.86,28.194,29.275,29.591,64875.74,68790.15,74158.29,27.47
2018-05-17,27.08,27.58,26.9,44812.68,-0.3,-1.09,27.786,29.007,29.437,58986.48,63880.21,72122.02,27.15
2018-05-18,27.15,27.94,26.8,57060.67,0.74,2.73,27.67,28.855,29.216,59836.22,63825.65,69946.13,27.87
2018-05-21,28.0,29.59,28.0,94795.92,1.02,3.66,27.93,28.609,29.092,62500.52,63944.63,69184.61,28.9
2018-05-22,28.7,28.72,27.73,78450.84,-0.51,-1.76,27.956,28.413,29.015,66961.27,64948.95,69520.5,28.39
2018-05-23,28.3,28.68,27.7,64179.17,-0.57,-2.01,28.022,28.108,28.995,67859.86,66367.8,68348.7,27.8
2018-05-24,27.09,27.22,25.29,185432.48,-1.92,-6.91,27.766,27.776,28.792,95983.82,77485.15,74008.23,25.87
2018-05-25,25.8,25.87,24.9,106285.64,-0.97,-3.75,27.174,27.422,28.531,105828.81,82832.52,74778.39,24.91
2018-05-28,25.06,25.19,23.83,137025.69,-1.01,-4.05,26.178,27.054,28.254,114274.76,88387.64,78705.59,23.92
2018-05-29,24.27,24.87,24.06,98493.75,0.64,2.68,25.406,26.681,28.026,118283.35,92622.31,80968.88,24.53
2018-05-30,24.0,25.09,23.67,86469.53,0.06,0.24,24.762,26.392,27.834,122741.42,95300.64,82045.39,24.58
2018-05-31,24.98,25.08,24.01,62264.83,0.23,0.94,24.548,26.157,27.582,98107.89,97045.85,80463.03,24.8
2018-06-01,24.77,25.54,24.4,82436.23,0.13,0.52,24.552,25.863,27.359,93338.01,99583.41,81704.53,24.93
2018-06-04,24.88,25.76,24.72,81645.86,0.52,2.09,24.856,25.517,27.063,82262.04,98268.4,81106.52,25.44
2018-06-05,25.46,26.19,25.32,64059.01,0.55,2.16,25.148,25.277,26.845,75375.09,96829.22,80889.08,25.99
2018-06-06,25.78,26.38,25.66,68907.27,-0.08,-0.31,25.414,25.088,26.598,71862.64,97302.03,81834.91,25.91
2018-06-07,25.91,26.09,24.91,69424.77,-0.81,-3.13,25.472,25.01,26.393,73294.63,85701.26,81593.2,25.09
2018-06-08,25.28,25.87,25.1,80507.52,0.15,0.6,25.534,25.043,26.233,72908.89,83123.45,82977.98,25.24
2018-06-11,25.25,25.95,25.24,63738.06,0.33,1.31,25.554,25.205,26.13,69327.33,75794.68,82091.16,25.54
2018-06-12,25.51,25.78,24.21,54625.19,-0.37,-1.45,25.39,25.269,25.975,67440.56,71407.83,82015.07,25.17
2018-06-13,25.48,25.5,24.63,48090.67,-0.52,-2.07,25.138,25.276,25.834,63277.24,67569.94,81435.29,24.65
2018-06-14,24.5,24.95,23.78,53179.13,-0.75,-3.04,24.902,25.187,25.672,60028.11,66661.37,81853.61,23.91
2018-06-15,23.93,24.15,22.7,72707.41,-0.77,-3.22,24.48,25.007,25.435,58468.09,65688.49,82635.95,23.13
2018-06-19,22.6,23.0,20.99,92083.07,-1.67,-7.21,23.67,24.612,25.065,64137.09,66732.21,82500.31,21.49
2018-06-20,20.95,22.75,20.85,92042.85,0.85,3.96,23.102,24.246,24.762,71620.63,69530.59,83179.91,22.33
2018-06-21,22.41,22.58,21.47,62570.98,-0.59,-2.64,22.522,23.83,24.459,74516.69,68896.97,83099.5,21.75
2018-06-22,21.71,22.93,21.05,98726.66,1.19,5.48,22.324,23.613,24.312,83626.19,71827.15,78764.21,22.92
2018-06-25,22.97,23.59,22.8,89170.63,-0.02,-0.09,22.274,23.377,24.21,86918.84,72693.47,77908.46,22.88
2018-06-26,22.49,24.15,22.26,130698.13,0.77,3.37,22.704,23.187,24.196,94641.85,79389.47,77592.08,23.64
2018-06-27,23.72,24.3,23.38,106454.49,0.12,0.51,22.992,23.047,24.158,97524.18,84572.4,77990.11,23.77
2018-06-28,23.62,24.95,23.62,105492.64,0.49,2.06,23.49,23.006,24.141,106108.51,90312.6,78941.27,24.24
2018-06-29,24.32,26.57,24.12,132880.23,2.1,8.66,24.176,23.25,24.219,112939.22,98282.71,82472.04,26.35
2018-07-02,26.3,26.75,25.56,106244.42,-0.28,-1.06,24.814,23.544,24.276,116353.98,101636.41,83662.45,26.07
2018-07-03,25.97,27.5,25.52,139775.7,0.84,3.23,25.464,24.084,24.348,118169.5,106405.67,86568.94,26.89
2018-07-04,26.49,26.67,24.96,100116.58,-1.41,-5.26,25.79,24.391,24.319,116901.91,107213.05,88371.82,25.4
2018-07-05,25.26,26.49,25.13,115644.9,0.5,1.97,26.122,24.806,24.318,118932.37,112520.44,90708.7,25.9
2018-07-06,25.86,27.59,25.2,126034.3,0.09,0.35,26.058,25.117,24.365,117563.18,115251.2,93539.18,26.03
2018-07-09,25.82,27.12,25.8,88291.92,0.93,3.57,26.242,25.528,24.453,113972.68,115163.33,93928.4,26.99
2018-07-10,26.8,26.95,25.85,100908.97,-0.32,-1.19,26.194,25.829,24.508,106199.33,112184.42,95786.94,26.65
2018-07-11,26.0,26.0,24.6,111138.67,-1.28,-4.8,26.188,25.989,24.518,108403.75,112652.83,98612.62,25.37
2018-07-12,25.44,27.31,25.36,118451.93,1.07,4.22,26.296,26.209,24.608,108965.16,113948.76,102130.68,26.44
2018-07-13,26.49,26.7,25.43,114641.86,-0.34,-1.29,26.31,26.184,24.717,106686.67,112124.93,105203.82,26.1
2018-07-16,26.1,27.0,26.0,110494.59,0.37,1.42,26.208,26.225,24.885,111127.2,112549.94,107093.18,26.48
2018-07-17,26.18,26.98,25.52,89229.31,0.44,1.66,26.254,26.224,25.154,108791.27,107495.3,106950.49,26.88
2018-07-18,27.0,28.73,26.81,172577.02,0.95,3.54,26.742,26.465,25.428,121078.94,114741.35,110977.2,27.81
2018-07-19,27.5,28.27,27.02,99381.34,-0.03,-0.11,27.01,26.653,25.73,117264.82,113114.99,112817.71,27.78
2018-07-20,27.85,29.47,27.26,152662.94,1.03,3.71,27.552,26.931,26.024,124869.04,115777.86,115514.53,28.81
2018-07-23,28.84,29.63,28.18,116510.16,-0.09,-0.31,27.998,27.103,26.316,126072.15,118599.68,116881.51,28.71
2018-07-24,28.71,28.72,27.57,149906.52,-0.73,-2.54,28.216,27.235,26.532,138207.6,123499.43,117841.92,27.97
2018-07-25,27.8,29.02,27.77,151296.05,0.27,0.97,28.298,27.52,26.755,133951.4,127515.17,120084.0,28.22
2018-07-26,27.86,28.1,26.79,105785.71,-1.14,-4.04,28.162,27.586,26.898,135232.28,126248.55,120098.66,27.1
2018-07-27,26.96,27.0,25.96,120246.77,-0.86,-3.17,27.646,27.599,26.892,128749.04,126809.04,119466.98,26.23
2018-07-30,26.28,26.39,25.81,61898.0,-0.01,-0.04,27.146,27.572,26.899,117826.61,121949.38,117249.66,26.21
2018-07-31,26.35,26.56,25.91,74338.11,0.0,0.0,26.792,27.504,26.864,102712.93,120460.26,113977.78,26.2
2018-08-01,26.13,26.92,26.05,75011.66,-0.12,-0.46,26.364,27.331,26.898,87456.05,110703.73,112722.54,26.08
2018-08-02,25.89,25.89,23.47,131535.66,-1.87,-7.17,25.786,26.974,26.814,92606.04,113919.16,113517.07,24.21
2018-08-03,24.19,24.58,23.64,54833.78,-0.4,-1.65,25.302,26.474,26.703,79523.44,104136.24,109957.05,23.81
2018-08-06,23.75,24.24,22.5,81830.68,-0.97,-4.08,24.626,25.886,26.495,83509.98,100668.29,109633.99,22.83
2018-08-07,23.04,24.65,23.0,101439.63,1.59,6.97,24.266,25.529,26.382,88930.28,95821.61,109660.52,24.4
2018-08-08,24.18,24.9,23.9,73585.94,-0.37,-1.52,23.85,25.107,26.314,88645.14,88050.59,107782.88,24.0
2018-08-09,24.06,26.33,23.98,142557.73,2.37,9.9,24.27,25.028,26.307,90849.55,91727.8,108988.17,26.31
2018-08-10,26.02,26.3,25.83,93442.19,-0.09,-0.34,24.75,25.026,26.313,98571.23,89047.34,107928.19,26.21
2018-08-13,25.91,27.73,25.81,164752.3,1.03,3.93,25.632,25.129,26.351,115155.56,99332.77,110641.08,27.24
2018-08-14,27.07,27.07,26.2,86572.21,-0.36,-1.32,26.12,25.193,26.349,112182.07,100556.18,110508.22,26.84
2018-08-15,26.5,27.18,25.7,86442.82,-0.71,-2.65,26.542,25.196,26.264,114753.45,101699.29,106201.51,26.11
2018-08-16,25.7,26.71,25.08,92947.9,-0.13,-0.5,26.48,25.375,26.175,104831.48,97840.52,105879.84,26.0
2018-08-17,26.59,26.71,23.36,186883.69,-2.34,-9.01,25.962,25.356,25.915,123519.78,111045.51,107590.88,23.62
2018-08-20,23.28,24.38,22.63,133492.58,0.71,3.0,25.386,25.509,25.698,117267.84,116211.7,108440.0,24.36
2018-08-21,24.14,24.9,23.84,93777.87,0.07,0.29,24.904,25.512,25.521,118708.97,115445.52,105633.56,24.43
2018-08-22,24.33,24.9,24.21,58554.14,-0.06,-0.25,24.556,25.549,25.328,113131.24,113942.34,100996.47,24.37
2018-08-23,24.37,25.24,24.3,78141.25,0.66,2.71,24.362,25.421,25.225,110169.91,107500.7,99614.25,25.03
2018-08-24,25.06,25.21,24.5,51041.18,-0.45,-1.8,24.554,25.258,25.142,83001.4,103260.59,96153.97,24.58
2018-08-27,24.5,26.0,24.29,95784.83,1.1,4.47,24.818,25.102,25.116,75459.85,96363.85,97848.31,25.68
2018-08-28,25.68,26.28,25.63,67614.49,0.25,0.97,25.118,25.011,25.102,70227.18,94468.08,97512.13,25.93
2018-08-29,25.77,26.2,25.16,51413.06,-0.46,-1.77,25.338,24.947,25.072,68798.96,90965.1,96332.2,25.47
2018-08-30,25.47,25.72,24.45,53031.15,-0.95,-3.73,25.236,24.799,25.087,63776.94,86973.42,92406.97,24.52
2018-08-31,24.48,25.2,24.31,46081.95,-0.19,-0.78,25.186,24.87,25.113,62785.1,72893.25,91969.38,24.33
2018-09-03,24.25,25.28,23.9,55478.31,0.92,3.78,25.1,24.959,25.234,54723.79,65091.82,90651.76,25.25
2018-09-04,25.29,26.5,25.1,107053.3,0.89,3.52,25.142,25.13,25.321,62611.55,66419.37,90932.44,26.14
2018-09-05,26.0,26.71,25.88,74842.77,-0.11,-0.42,25.254,25.296,25.423,67297.5,68048.23,90995.29,26.03
2018-09-06,26.02,26.85,25.9,70246.02,0.42,1.61,25.64,25.438,25.43,70740.47,67258.71,87379.7,26.45
2018-09-07,26.5,26.91,24.0,122661.12,-1.55,-5.86,25.754,25.47,25.364,86056.3,74420.7,88840.65,24.9
2018-09-10,24.6,24.89,23.65,88443.75,-1.25,-5.02,25.434,25.267,25.185,92649.39,73686.59,85025.22,23.65
2018-09-11,23.79,24.45,23.51,49006.25,0.73,3.09,25.082,25.112,25.062,81039.98,71825.77,83146.92,24.38
2018-09-12,24.3,24.47,22.7,76433.39,-0.96,-3.94,24.56,24.907,24.927,81358.11,74327.8,82646.45,23.42
2018-09-13,23.8,24.21,23.34,80939.92,0.73,3.12,24.1,24.87,24.835,83496.89,77118.68,82046.05,24.15
2018-09-14,24.15,24.26,23.03,91110.96,-0.93,-3.85,23.764,24.759,24.815,77186.85,81621.58,77257.41,23.22
2018-09-17,23.1,23.3,22.6,48362.59,-0.39,-1.68,23.6,24.517,24.738,69170.62,80910.01,73000.92,22.83
2018-09-18,22.91,23.46,22.61,47713.63,0.59,2.58,23.408,24.245,24.688,68912.1,74976.04,70697.7,23.42
2018-09-19,23.35,24.2,23.32,69176.24,0.39,1.67,23.486,24.023,24.66,67460.67,74409.39,71228.81,23.81
2018-09-20,23.88,24.15,23.71,40973.88,0.15,0.63,23.448,23.774,24.606,59467.46,71482.17,69370.44,23.96
2018-09-21,23.88,24.05,22.8,105597.84,-0.36,-1.5,23.524,23.644,24.557,62364.84,69775.85,72098.27,23.6
2018-09-25,23.45,24.15,23.33,61763.17,0.1,0.42,23.698,23.649,24.458,65044.95,67107.79,70397.19,23.7
2018-09-26,23.6,24.13,23.38,59353.36,0.35,1.48,23.824,23.616,24.364,67372.9,68142.5,69984.13,24.05
2018-09-27,24.1,24.4,23.63,50437.01,-0.2,-0.83,23.832,23.659,24.283,63625.05,65542.86,69935.33,23.85
2018-09-28,23.85,24.56,23.13,86725.23,0.66,2.77,23.942,23.695,24.283,72775.32,66121.39,71620.03,24.51
2018-10-08,23.88,24.19,23.32,57468.51,-0.78,-3.18,23.968,23.746,24.253,63149.46,62757.15,72189.36,23.73
2018-10-09,23.85,24.19,22.9,66370.73,-0.73,-3.08,23.828,23.763,24.14,64070.97,64557.96,72733.98,23.0
2018-10-10,23.0,23.22,21.14,118794.74,-1.5,-6.52,23.318,23.571,23.908,75959.24,71666.07,73321.06,21.5
2018-10-11,20.0,20.8,19.35,96926.76,-1.91,-8.88,22.466,23.149,23.586,85257.19,74441.12,74425.26,19.59
2018-10-12,19.46,19.93,18.28,93228.62,-0.47,-2.4,21.388,22.665,23.22,86557.87,79666.6,75574.39,19.12
2018-10-15,19.2,19.68,18.58,62363.06,-0.45,-2.35,20.376,22.172,22.908,87536.78,75343.12,72559.48,18.67
2018-10-16,18.64,18.95,17.16,115589.33,-1.27,-6.8,19.256,21.542,22.596,97380.5,80725.74,73916.76,17.4
2018-10-17,18.9,19.14,18.56,189073.39,1.74,10.0,18.784,21.051,22.334,111436.23,93697.74,80920.12,19.14
2018-10-18,19.2,20.48,19.0,194910.55,0.66,3.45,18.826,20.646,22.153,131032.99,108145.09,86843.98,19.8
2018-10-19,19.38,21.78,19.36,205238.48,1.81,9.14,19.324,20.356,22.026,153434.96,119996.42,93058.9,21.61
2018-10-22,22.2,23.3,21.7,197863.7,1.07,4.95,20.126,20.251,21.999,180535.09,134035.94,98396.54,22.68
2018-10-23,22.37,22.94,22.15,152048.91,-0.2,-0.88,21.142,20.199,21.981,187827.01,142603.75,103580.86,22.48
2018-10-24,22.4,22.76,21.69,105262.88,-0.27,-1.2,21.756,20.27,21.921,171064.9,141250.57,106458.32,22.21
2018-10-25,21.33,22.1,20.75,149954.05,-0.33,-1.49,22.172,20.499,21.824,162073.6,146553.3,110497.21,21.88
2018-10-26,22.15,22.38,21.05,129270.62,-0.31,-1.42,22.164,20.744,21.705,146880.03,150157.5,114912.05,21.57
2018-10-29,21.39,22.17,21.02,126824.81,0.02,0.09,21.946,21.036,21.604,132672.25,156603.67,115973.4,21.59
2018-10-30,21.5,22.2,20.41,120997.91,0.02,0.09,21.772,21.457,21.5,126462.05,157144.53,118935.13,21.61
2018-10-31,21.81,22.74,21.26,111325.45,0.61,2.82,21.774,21.765,21.408,127674.57,149369.74,121533.74,22.22
2018-11-01,22.65,23.4,22.13,138073.8,0.08,0.36,21.858,22.015,21.331,125298.52,143686.06,125915.58,22.3
2018-11-02,22.88,23.1,22.36,137581.39,0.54,2.42,22.112,22.138,21.247,126960.67,136920.35,128458.38,22.84
2018-11-05,22.65,22.9,21.58,116713.56,-0.49,-2.15,22.264,22.105,21.178,124938.42,128805.34,131420.64,22.35
2018-11-06,22.15,22.2,21.62,58920.36,-0.45,-2.01,22.322,22.047,21.123,112522.91,119492.48,131048.12,21.9
2018-11-07,21.94,22.6,21.8,98902.07,0.0,0.0,22.258,22.016,21.143,110038.24,118856.4,130053.49,21.9
2018-11-08,22.15,22.24,21.1,88308.26,-0.68,-3.1,22.042,21.95,21.225,100085.13,112691.82,129622.56,21.22
2018-11-09,21.03,21.69,20.88,63658.4,0.27,1.27,21.772,21.942,21.343,85300.53,106130.6,128144.05,21.49
2018-11-12,21.34,23.39,21.34,157684.8,1.71,7.96,21.942,22.103,21.57,93494.78,109216.6,132910.14,23.2
2018-11-13,22.8,23.38,22.66,108656.19,-0.08,-0.34,22.186,22.254,21.856,103441.94,107982.43,132563.48,23.12
2018-11-14,23.09,23.29,22.73,56596.67,-0.17,-0.73,22.396,22.327,22.046,94980.86,102509.55,125939.64,22.95
2018-11-15,22.8,23.57,22.5,99844.33,0.58,2.53,22.858,22.45,22.233,97288.08,98686.6,121186.33,23.53
2018-11-16,23.48,24.23,23.3,100867.18,0.01,0.04,23.268,22.52,22.329,104729.83,95015.18,115967.77,23.54
2018-11-19,23.36,23.63,22.75,59148.45,-0.42,-1.78,23.252,22.597,22.351,85022.56,89258.67,109032.0,23.12
2018-11-20,22.8,23.32,21.96,84281.59,-1.1,-4.76,23.032,22.609,22.328,80147.64,91794.79,105643.64,22.02
2018-11-21,21.75,23.09,21.63,104038.6,0.94,4.27,23.034,22.715,22.366,89636.03,92308.45,105582.42,22.96
2018-11-22,22.65,23.05,22.34,56514.89,-0.45,-1.96,22.83,22.844,22.397,80970.14,89129.11,100910.47,22.51
2018-11-23,22.5,22.51,21.75,50693.2,-0.53,-2.35,22.518,22.893,22.418,70935.35,87832.59,96981.6,21.98
2018-11-26,21.82,21.9,20.71,89387.77,-0.97,-4.41,22.096,22.674,22.389,76983.21,81002.89,95109.74,21.01
2018-11-27,21.2,21.31,20.68,57890.88,-0.17,-0.81,21.86,22.446,22.35,71705.07,75926.36,91954.39,20.84
2018-11-28,20.87,21.08,20.16,69818.62,0.16,0.77,21.468,22.251,22.289,64861.07,77248.55,89879.05,21.0
2018-11-29,21.35,21.5,20.07,86183.92,-0.82,-3.9,21.002,21.916,22.183,70794.88,75882.51,87284.56,20.18
2018-11-30,20.18,21.09,19.66,100025.6,0.71,3.52,20.784,21.651,22.086,80661.36,75798.35,85406.77,20.89
2018-12-03,21.61,22.25,21.28,103092.92,1.01,4.83,20.962,21.529,22.063,83402.39,80192.8,84725.74,21.9
2018-12-04,21.9,21.95,21.53,53353.35,-0.01,-0.05,21.172,21.516,22.063,82494.88,77099.98,84447.38,21.89
2018-12-05,21.4,21.75,21.4,35136.91,-0.35,-1.6,21.28,21.374,22.045,75558.54,70209.81,81259.13,21.54
2018-12-06,21.21,21.53,20.7,52669.56,-0.26,-1.21,21.5,21.251,22.048,68855.67,69825.27,79477.19,21.28
2018-12-07,21.29,21.96,21.24,59814.39,0.53,2.49,21.684,21.234,22.064,60813.43,70737.39,79284.99,21.81
2018-12-10,21.55,21.66,21.16,37191.23,-0.58,-2.66,21.55,21.256,21.965,47633.09,65517.74,73260.31,21.23
2018-12-11,21.43,21.53,21.21,28264.24,0.26,1.23,21.47,21.321,21.884,42615.27,62555.07,69240.72,21.49
2018-12-12,21.66,21.74,21.33,26452.14,0.04,0.19,21.468,21.374,21.813,40878.31,58218.43,67733.49,21.53
2018-12-13,21.52,22.14,21.33,43517.42,0.3,1.39,21.578,21.539,21.728,39047.88,53951.78,64917.14,21.83
2018-12-14,21.83,22.03,21.41,31583.19,-0.41,-1.88,21.5,21.592,21.622,33401.64,47107.54,61452.94,21.42
2018-12-17,21.29,21.38,20.66,41301.8,-0.23,-1.07,21.492,21.521,21.525,34223.76,40928.42,60560.61,21.19
2018-12-18,20.86,21.37,20.68,33961.9,-0.09,-0.42,21.414,21.442,21.479,35363.29,38989.28,58044.63,21.1
2018-12-19,21.15,21.27,20.48,38926.3,-0.6,-2.84,21.208,21.338,21.356,37858.12,39368.22,54789.01,20.5
2018-12-20,20.5,20.9,20.3,31275.11,0.24,1.17,20.99,21.284,21.268,35409.66,37228.77,53527.02,20.74
2018-12-21,20.63,21.17,20.51,29587.83,0.18,0.87,20.89,21.195,21.215,35010.59,34206.12,52471.75,20.92
2018-12-24,20.96,21.65,20.71,48491.76,0.48,2.29,20.932,21.212,21.234,36448.58,35336.17,50426.95,21.4
2018-12-25,21.19,22.09,21.18,68728.75,0.62,2.9,21.116,21.265,21.293,43401.95,39382.62,50968.85,22.02
2018-12-26,21.9,22.09,21.66,41059.77,-0.36,-1.64,21.348,21.278,21.326,43828.64,40843.38,49530.9,21.66
2018-12-27,21.95,22.05,21.2,48032.58,-0.45,-2.08,21.442,21.216,21.378,47180.14,41294.9,47623.34,21.21
2018-12-28,21.39,21.56,20.76,45864.5,-0.36,-1.7,21.428,21.159,21.376,50435.47,42723.03,44915.28,20.85
2019-01-02,20.86,21.64,20.75,53079.51,0.53,2.54,21.424,21.178,21.35,51353.02,43900.8,42414.61,21.38
2019-01-03,21.33,22.33,21.3,75613.36,0.71,3.32,21.438,21.277,21.36,52729.94,48065.95,43527.61,22.09
2019-01-04,21.98,22.96,21.81,80385.32,0.81,3.67,21.686,21.517,21.428,60595.05,52211.85,45790.03,22.9
2019-01-07,23.0,23.34,22.76,92162.05,0.18,0.79,22.06,21.751,21.518,69420.95,58300.54,47764.66,23.08
2019-01-08,22.95,23.13,22.61,46780.5,-0.26,-1.13,22.454,21.941,21.568,69604.15,60019.81,47112.96,22.82
2019-01-09,22.79,23.7,22.79,53849.8,-0.01,-0.04,22.74,22.082,21.647,69758.21,60555.61,47945.89,22.81
2019-01-10,23.0,23.99,22.95,69485.69,0.79,3.46,23.042,22.24,21.753,68532.67,60631.31,50006.96,23.6
2019-01-11,23.55,24.1,23.06,52573.69,-0.4,-1.7,23.102,22.394,21.836,62970.35,61782.7,51313.04,23.2
2019-01-14,23.26,23.48,22.69,45607.34,-0.24,-1.03,23.078,22.569,21.893,53659.4,61540.18,51417.54,22.96
2019-01-15,23.5,24.58,23.5,106314.27,0.99,4.31,23.304,22.879,22.019,65566.16,67585.15,55154.09,23.95
2019-01-16,23.85,25.5,23.83,109102.74,0.74,3.09,23.68,23.21,22.194,76616.75,73187.48,58544.14,24.69
2019-01-17,24.72,24.98,24.33,65000.71,-0.15,-0.61,23.868,23.455,22.366,75719.75,72126.21,60096.08,24.54
2019-01-18,24.48,25.0,24.05,88629.09,0.39,1.59,24.214,23.658,22.588,82930.83,72950.59,62581.22,24.93
2019-01-21,24.91,24.93,24.52,62878.52,-0.16,-0.64,24.576,23.827,22.789,86385.07,70022.24,64161.39,24.77
2019-01-22,24.77,25.18,24.33,73637.89,-0.29,-1.17,24.682,23.993,22.967,79849.79,72707.97,66363.89,24.48
2019-01-23,24.39,24.99,24.39,68199.07,0.42,1.72,24.724,24.202,23.142,71669.06,74142.9,67349.26,24.9
2019-01-24,25.04,25.55,24.8,55478.96,0.55,2.21,24.906,24.387,23.314,69764.71,72742.23,66686.77,25.45
2019-01-25,25.38,25.45,24.9,60297.39,-0.39,-1.53,24.932,24.573,23.484,64098.37,73514.6,67648.65,25.06
2019-01-28,25.15,25.32,24.7,50238.36,-0.15,-0.6,24.96,24.768,23.669,61570.33,73977.7,67758.94,24.91
2019-01-29,24.88,25.2,24.17,52047.02,-0.2,-0.8,25.006,24.844,23.862,57252.16,68550.98,68068.06,24.71
2019-01-30,24.85,25.37,24.65,43821.73,0.23,0.93,25.014,24.869,24.04,52376.69,62022.87,67605.18,24.94
2019-01-31,24.9,25.41,24.28,65298.95,0.26,1.04,24.964,24.935,24.195,54340.69,62052.7,67089.45,25.2
2019-02-01,25.29,26.6,25.1,68259.73,1.3,5.16,25.252,25.092,24.375,55933.16,60015.76,66483.18,26.5
2019-02-11,26.31,27.1,26.31,74654.19,0.3,1.13,25.63,25.295,24.561,60816.32,61193.33,65607.78,26.8
2019-02-12,26.65,26.65,26.15,67188.02,-0.53,-1.98,25.942,25.474,24.734,63844.52,60548.34,66628.16,26.27
2019-02-13,26.2,26.8,26.2,81684.78,0.26,0.99,26.26,25.637,24.92,71417.13,61896.91,68019.91,26.53
2019-02-14,26.47,26.73,26.1,73551.5,0.02,0.07,26.53,25.747,25.067,73067.64,63704.17,68223.2,26.55
2019-02-15,26.5,27.07,26.35,64452.69,-0.12,-0.45,26.516,25.884,25.229,72306.24,64119.7,68817.15,26.43
2019-02-18,26.43,27.55,26.43,78035.7,0.77,2.91,26.596,26.113,25.441,72982.54,66899.43,70438.57,27.2
2019-02-19,27.15,28.66,27.03,82790.49,0.28,1.03,26.838,26.39,25.617,76103.03,69973.78,69262.38,27.48
2019-02-20,27.3,27.46,26.66,46243.82,-0.48,-1.75,26.932,26.596,25.733,69014.84,70215.99,66119.43,27.0
2019-02-21,27.15,27.95,26.8,67754.05,0.09,0.33,27.04,26.785,25.86,67855.35,70461.5,66257.1,27.09
2019-02-22,27.05,27.79,26.38,79170.28,0.47,1.74,27.266,26.891,25.992,70798.87,71552.55,65784.16,27.56
2019-02-25,27.8,30.22,27.66,118187.67,2.33,8.45,27.804,27.2,26.248,78829.26,75905.9,68549.61,29.89
2019-02-26,29.85,30.47,28.7,95429.02,-0.4,-1.34,28.206,27.522,26.498,81356.97,78730.0,69639.17,29.49
2019-02-27,29.21,30.2,27.9,97599.43,-0.84,-2.85,28.536,27.734,26.686,91628.09,80321.47,71109.19,28.65
2019-02-28,28.61,29.08,28.26,42532.23,-0.11,-0.38,28.826,27.933,26.84,86583.73,77219.54,70461.85,28.54
2019-03-01,28.58,29.0,28.22,39403.37,0.46,1.61,29.114,28.19,27.037,78630.34,74714.61,69417.15,29.0
2019-03-04,29.5,31.0,29.5,108154.14,1.17,4.03,29.17,28.487,27.3,76623.64,77726.45,72312.94,30.17
2019-03-05,29.95,31.47,29.83,95718.3,1.25,4.14,29.556,28.881,27.636,76681.49,79019.23,74496.5,31.42
2019-03-06,32.1,34.56,31.5,134361.41,1.98,6.3,30.506,29.521,28.059,84033.89,87830.99,79023.49,33.4
2019-03-07,32.7,36.49,32.62,135248.77,0.78,2.33,31.634,30.23,28.508,102577.2,94580.46,82520.98,34.18
2019-03-08,33.0,36.66,31.77,152166.72,-1.18,-3.45,32.434,30.774,28.833,125129.87,101880.11,86716.33,33.0
2019-03-11,33.28,34.96,31.6,125522.51,1.52,4.61,33.304,31.237,29.219,128603.54,102613.59,89259.75,34.52
2019-03-12,34.04,36.05,34.04,95192.82,0.96,2.78,34.116,31.836,29.679,128498.45,102589.97,90659.99,35.48
2019-03-13,35.48,35.75,33.0,116547.34,-2.12,-5.97,34.108,32.307,30.021,124935.63,104484.76,92403.11,33.36
2019-03-14,32.95,32.95,30.79,104712.43,-2.0,-6.0,33.544,32.589,30.261,118828.36,110702.78,93961.16,31.36
2019-03-15,31.61,31.98,31.15,62697.77,0.0,0.0,33.216,32.825,30.508,100934.57,113032.22,93873.41,31.36
2019-03-18,31.35,32.65,31.06,67371.21,0.94,3.0,32.772,33.038,30.763,89304.31,108953.93,93340.19,32.3
2019-03-19,32.29,33.93,32.1,80393.57,1.23,3.81,32.382,33.249,31.065,86344.46,107421.46,93220.34,33.53
2019-03-20,33.5,33.75,31.91,67063.13,-0.83,-2.48,32.25,33.179,31.35,76447.62,100691.63,94261.31,32.7
2019-03-21,32.69,33.8,32.1,73587.19,0.77,2.35,32.672,33.108,31.669,70222.57,94525.47,94552.97,33.47
2019-03-22,33.0,33.46,32.4,55883.48,-0.45,-1.34,33.004,33.11,31.942,68859.72,84897.15,93388.63,33.02
2019-03-25,32.41,33.24,31.82,76848.32,-1.13,-3.42,32.922,32.847,32.042,70755.14,80029.73,91321.66,31.89
2019-03-26,32.24,32.55,31.4,57309.69,-0.4,-1.25,32.514,32.448,32.142,66138.36,76241.41,89415.69,31.49
2019-03-27,31.85,31.98,30.2,71220.14,-0.64,-2.03,32.144,32.197,32.252,66969.76,71708.69,88096.73,30.85
2019-03-28,31.07,31.9,30.85,51647.57,0.06,0.19,31.632,32.152,32.371,62581.84,66402.21,88552.49,30.91
2019-03-29,31.5,33.02,31.08,74141.13,1.93,6.24,31.596,32.3,32.563,66233.37,67546.54,90289.38,32.84
2019-04-01,33.33,34.09,33.02,70020.54,1.15,3.5,32.016,32.469,32.754,64867.81,67811.48,88382.7,33.99
2019-04-02,34.2,34.31,33.14,75778.27,-0.71,-2.09,32.374,32.444,32.847,68561.53,67349.95,87385.7,33.28
2019-04-03,33.55,34.0,32.54,64087.04,-0.26,-0.78,32.808,32.476,32.828,67134.91,67052.34,83871.98,33.02
2019-04-04,33.2,33.58,32.5,65993.41,-0.11,-0.33,33.208,32.42,32.764,70004.08,66292.96,80409.21,32.91
2019-04-08,32.95,33.07,31.73,70961.19,-0.91,-2.77,33.04,32.318,32.714,69368.09,67800.73,76348.94,32.0
2019-04-09,32.14,32.59,31.76,51153.87,0.45,1.41,32.732,32.374,32.611,65594.76,65231.29,72630.51,32.45
2019-04-10,32.21,32.21,30.88,88416.68,-0.89,-2.74,32.388,32.381,32.415,68122.44,68341.98,72291.7,31.56
2019-04-11,31.56,32.46,31.31,77809.39,0.16,0.51,32.128,32.468,32.333,70866.91,69000.91,70354.8,31.72
2019-04-12,31.58,32.13,31.1,38669.36,-0.06,-0.19,31.878,32.543,32.348,65402.1,67703.09,67052.65,31.66
2019-04-15,32.5,33.75,32.3,125488.05,1.29,4.08,32.068,32.554,32.427,76307.47,72837.78,70192.16,32.95
2019-04-16,32.82,36.25,32.82,162372.38,2.94,8.92,32.756,32.744,32.607,98551.17,82072.96,74942.22,35.89
2019-04-17,36.25,36.3,34.9,91824.27,-0.82,-2.29,33.458,32.923,32.684,99232.69,83677.56,75513.76,35.07
2019-04-18,35.0,35.39,34.14,51705.31,-0.47,-1.34,34.034,33.081,32.779,94011.87,82439.39,74745.86,34.6
2019-04-19,34.75,35.8,34.13,62256.05,0.34,0.98,34.69,33.284,32.852,98729.21,82065.66,74179.31,34.94
2019-04-22,34.98,34.99,33.44,62553.45,-1.27,-3.63,34.834,33.451,32.885,86142.29,81224.88,74512.81,33.67
2019-04-23,33.65,33.99,32.9,36025.32,-0.56,-1.66,34.278,33.517,32.946,60872.88,79712.03,72471.66,33.11
2019-04-24,33.38,34.8,32.38,78189.73,1.45,4.38,34.176,33.817,33.099,58145.97,78689.33,73515.66,34.56
2019-04-25,34.6,35.88,33.6,95441.8,-0.56,-1.62,34.056,34.045,33.257,66893.27,80452.57,74726.74,34.0
2019-04-26,33.14,35.98,33.14,110473.06,1.36,4.0,34.14,34.415,33.479,76536.67,87632.94,77668.02,35.36
2019-04-29,35.55,36.07,33.55,73344.66,-1.41,-3.99,34.196,34.515,33.535,78694.91,82418.6,77628.19,33.95
2019-04-30,33.95,35.45,33.6,48399.89,0.48,1.41,34.46,34.369,33.557,81169.83,71021.35,76547.16,34.43
2019-05-06,31.9,32.5,30.99,87196.16,-3.44,-9.99,33.746,33.961,33.442,82971.11,70558.54,77118.05,30.99
2019-05-07,31.05,31.44,29.4,111967.89,-0.99,-3.19,32.946,33.501,33.291,86276.33,76584.8,79512.1,30.0
2019-05-08,28.67,30.98,28.65,66249.99,-0.08,-0.27,31.858,32.999,33.142,77431.72,76984.2,79524.93,29.92
2019-05-09,29.5,30.42,29.25,40686.7,-0.02,-0.07,31.048,32.622,33.037,70900.13,74797.52,78011.2,29.9
2019-05-10,30.46,32.27,29.61,67358.47,2.01,6.72,30.544,32.502,33.01,74691.84,77930.84,78821.43,31.91
2019-05-13,31.2,32.4,30.95,59259.14,0.16,0.5,30.76,32.253,33.035,69104.44,76037.78,77363.55,32.07
2019-05-14,31.85,32.19,31.33,29568.06,-0.7,-2.18,31.034,31.99,33.018,52624.47,69450.4,74951.49,31.37
2019-05-15,31.85,32.58,31.36,53721.32,1.12,3.57,31.548,31.703,33.059,50118.74,63775.23,75704.09,32.49
2019-05-16,32.3,32.3,31.5,38948.85,-0.77,-2.37,31.912,31.48,32.998,49771.17,60335.65,71377.13,31.72
2019-05-17,31.85,32.39,30.38,39085.29,-1.09,-3.44,31.656,31.1,32.735,44116.53,59404.19,65212.77,30.63
2019-05-20,30.45,30.95,30.03,52679.51,-0.37,-1.21,31.294,31.027,32.494,42800.61,55952.52,63255.53,30.26
2019-05-21,30.48,30.97,29.85,40718.39,0.28,0.93,31.128,31.081,32.291,45030.67,48827.57,62706.19,30.54
2019-05-22,30.61,31.15,30.19,50301.01,0.61,2.0,30.86,31.204,32.102,44346.61,47232.67,62108.43,31.15
2019-05-23,31.48,31.48,29.9,50232.4,-0.96,-3.08,30.554,31.233,31.928,46603.32,48187.24,61492.38,30.19
2019-05-24,30.01,30.3,29.39,30749.74,-0.77,-2.55,30.312,30.984,31.743,44936.21,44526.37,61228.6,29.42
2019-05-27,29.49,30.95,29.3,48644.43,1.19,4.04,30.382,30.838,31.546,44129.19,43464.9,59751.34,30.61
2019-05-28,30.67,31.18,30.48,38868.53,0.17,0.56,30.43,30.779,31.385,43759.22,44394.95,56922.67,30.78
2019-05-29,30.8,30.97,30.4,23657.28,-0.19,-0.62,30.318,30.589,31.146,38430.48,41388.54,52581.89,30.59
2019-05-30,30.41,30.51,29.61,25420.4,-0.45,-1.47,30.308,30.431,30.956,33468.08,40035.7,50185.67,30.14
2019-05-31,30.02,30.69,30.02,20873.93,0.21,0.7,30.494,30.403,30.752,31492.91,38214.56,48809.37,30.35
2019-06-03,31.2,32.28,31.08,72258.17,1.16,3.82,30.674,30.528,30.778,36215.66,40172.43,48062.48,31.51
2019-06-04,31.46,32.0,30.97,30010.41,-0.18,-0.57,30.784,30.607,30.844,34444.04,39101.63,43964.6,31.33
2019-06-05,31.51,32.2,31.42,40856.98,0.64,2.04,31.06,30.689,30.947,37883.98,38157.23,42694.95,31.97
2019-06-06,31.97,32.17,30.85,42775.17,-0.43,-1.34,31.34,30.824,31.029,41354.93,37411.5,42799.37,31.54
2019-06-10,31.39,32.08,31.35,29391.47,0.33,1.05,31.644,31.069,31.027,43058.44,37275.68,40901.02,31.87
2019-06-11,31.82,33.35,31.6,49017.01,1.37,4.3,31.99,31.332,31.085,38410.21,37312.94,40388.92,33.24
2019-06-12,33.17,33.84,32.9,37027.83,0.22,0.66,32.416,31.6,31.19,39813.69,37128.87,40761.91,33.46
2019-06-13,33.5,34.73,33.3,47560.05,0.88,2.63,32.89,31.975,31.282,41154.31,39519.14,40453.84,34.34
2019-06-14,34.32,34.89,32.91,55949.95,-1.21,-3.52,33.208,32.274,31.353,43789.26,42572.1,41303.9,33.13
2019-06-17,33.01,34.22,32.8,47486.0,0.67,2.02,33.594,32.619,31.511,47408.17,45233.3,41723.93,33.8
2019-06-18,33.98,34.1,33.13,30993.21,-0.59,-1.75,33.588,32.789,31.659,43803.41,41106.81,40639.62,33.21
2019-06-19,34.48,34.68,33.6,40889.75,0.47,1.42,33.632,33.024,31.816,44575.79,42194.74,40648.19,33.68
2019-06-20,33.51,35.89,33.51,72741.56,1.79,5.32,33.858,33.374,32.032,49612.09,45383.2,41770.21,35.47
2019-06-21,35.91,37.0,35.74,65720.87,1.09,3.07,34.544,33.876,32.35,51566.28,47677.77,42544.64,36.56
2019-06-24,36.68,37.02,36.0,55345.16,0.17,0.47,35.13,34.362,32.716,53138.11,50273.14,43774.41,36.73
2019-06-25,36.2,36.2,34.59,83975.44,-1.01,-2.75,35.632,34.61,32.971,63734.56,53768.98,45540.96,35.72
2019-06-26,35.47,36.79,35.18,45048.16,0.54,1.51,36.148,34.89,33.245,64566.24,54571.02,45849.94,36.26
2019-06-27,36.29,37.98,36.0,63717.45,1.32,3.64,36.57,35.214,33.595,62761.42,56186.76,47852.95,37.58
2019-06-28,28.58,29.32,27.91,59332.79,-0.13,-0.45,34.954,34.749,33.512,61483.8,56525.04,49548.57,28.48
2019-07-01,29.35,29.79,28.18,108636.52,0.72,2.53,33.448,34.289,33.454,72142.07,62640.09,53936.7,29.2
2019-07-02,28.9,29.65,28.78,61012.28,-0.01,-0.03,32.142,33.887,33.338,67549.44,65642.0,53374.4,29.19
2019-07-03,28.88,29.18,28.47,49214.9,-0.29,-0.99,30.67,33.409,33.217,68382.79,66474.51,54334.63,28.9
2019-07-04,28.9,28.99,28.28,41716.63,-0.34,-1.18,28.866,32.718,33.046,63982.62,63372.02,54377.61,28.56
2019-07-05,28.65,29.23,28.65,49409.7,0.44,1.54,28.97,31.962,32.919,61998.01,61740.9,54709.34,29.0
2019-07-08,28.85,28.95,28.25,49554.7,-0.7,-2.41,28.79,31.119,32.741,50181.64,61161.86,55717.5,28.3
2019-07-09,28.64,28.9,28.15,51927.33,0.07,0.25,28.626,30.384,32.497,48364.65,57957.05,55863.01,28.37
2019-07-10,28.77,28.78,28.28,34200.77,0.03,0.11,28.526,29.598,32.244,45361.83,56872.31,55721.66,28.4
2019-07-11,28.66,28.82,27.83,43561.48,-0.34,-1.2,28.426,28.646,31.93,45730.8,54856.71,55521.73,28.06
2019-07-12,28.27,29.15,27.86,64980.02,0.96,3.42,28.43,28.7,31.725,48844.86,55421.43,55973.24,29.02
2019-07-15,28.84,30.36,28.56,99335.06,0.34,1.17,28.642,28.716,31.503,58800.93,54491.29,58565.69,29.36
2019-07-16,29.3,29.49,28.69,62028.75,-0.45,-1.53,28.75,28.688,31.288,60821.22,54592.93,60117.47,28.91
2019-07-17,28.99,29.08,28.58,35079.92,-0.3,-1.04,28.792,28.659,31.034,60997.05,53179.44,59826.97,28.61
2019-07-18,28.5,28.84,28.0,43592.12,-0.11,-0.38,28.88,28.653,30.686,61003.17,53366.99,58369.5,28.5
2019-07-19,28.45,28.77,27.6,85262.29,-0.7,-2.46,28.636,28.533,30.248,65059.63,56952.24,59346.57,27.8
2019-07-22,27.99,28.74,27.45,73486.65,0.05,0.18,28.334,28.488,29.804,59889.95,59345.44,60253.65,27.85
2019-07-23,27.85,28.3,27.66,57955.49,0.16,0.57,28.154,28.452,29.418,59075.29,59948.26,58952.65,28.01
2019-07-24,28.12,29.58,28.12,91443.7,1.17,4.18,28.268,28.53,29.064,70348.05,65672.55,61272.43,29.18
2019-07-25,29.17,29.77,29.04,66751.69,0.55,1.89,28.514,28.697,28.672,74979.96,67991.57,61424.14,29.73
2019-07-26,29.79,29.88,29.32,66278.89,0.11,0.37,28.922,28.779,28.74,71183.28,68121.46,61771.44,29.84
2019-07-29,29.82,30.45,29.41,45265.19,0.01,0.03,29.322,28.828,28.772,65538.99,62714.47,58602.88,29.85
2019-07-30,29.9,30.85,29.9,75341.62,0.65,2.18,29.82,28.987,28.838,69016.22,64045.76,59319.35,30.5
2019-07-31,30.47,30.78,30.22,47425.0,-0.01,-0.03,30.082,29.175,28.917,60212.48,65280.26,59229.85,30.49
2019-08-01,30.48,30.74,29.81,62233.81,-0.37,-1.21,30.16,29.337,28.995,59308.9,67144.43,60255.71,30.12
2019-08-02,29.33,30.86,29.33,72007.58,0.68,2.26,30.352,29.637,29.085,60454.64,65818.96,61385.6,30.8
2019-08-05,30.48,30.59,29.45,71594.2,-1.2,-3.9,30.302,29.812,29.15,65720.44,65629.72,62487.58,29.6
2019-08-06,29.0,30.08,28.65,75702.67,0.17,0.57,30.156,29.988,29.22,65792.65,67404.44,63676.35,29.77
2019-08-07,29.98,30.09,29.12,43694.13,-0.6,-2.02,29.892,29.987,29.259,65046.48,62629.48,64151.01,29.17
2019-08-08,29.33,30.09,29.33,43681.68,0.36,1.23,29.774,29.967,29.332,61336.05,60322.48,64157.02,29.53
2019-08-09,30.0,30.31,29.02,52948.28,-0.19,-0.64,29.482,29.917,29.348,57524.19,58989.42,63555.44,29.34
2019-08-12,29.34,29.76,28.71,72599.18,0.42,1.43,29.514,29.908,29.368,57725.19,61722.82,62218.64,29.76
2019-08-13,29.3,29.44,28.5,70277.8,-0.99,-3.33,29.314,29.735,29.361,56640.21,61216.43,62631.09,28.77
2019-08-14,29.19,30.44,29.17,100953.16,1.22,4.24,29.478,29.685,29.43,68092.02,66569.25,65924.76,29.99
2019-08-15,29.45,31.56,29.24,109472.25,1.56,5.2,29.882,29.828,29.583,81250.13,71293.09,69218.76,31.55
2019-08-16,31.2,31.55,30.82,91452.44,-0.4,-1.27,30.244,29.863,29.75,88950.97,73237.58,69528.27,31.15
2019-08-19,31.48,32.62,31.08,100257.41,1.21,3.88,30.764,30.139,29.976,94482.61,76103.9,70866.81,32.36
2019-08-20,32.53,32.74,31.56,84766.97,-0.65,-2.01,31.352,30.333,30.161,97380.45,77010.33,72207.38,31.71
2019-08-21,31.68,32.22,31.56,66677.2,0.16,0.51,31.728,30.603,30.295,90525.25,79308.64,70969.06,31.87
2019-08-22,32.0,32.17,31.2,64045.11,-0.38,-1.19,31.716,30.799,30.383,81439.83,81344.98,70833.73,31.49
2019-08-23,31.66,31.97,31.32,51709.58,0.19,0.6,31.822,31.033,30.475,73491.25,81221.11,70105.26,31.68
2019-08-26,31.22,31.65,30.97,46951.47,-0.39,-1.23,31.608,31.186,30.547,62830.07,78656.34,70189.58,31.29
2019-08-27,31.46,32.28,31.44,59935.85,0.61,1.95,31.646,31.499,30.617,57863.84,77622.14,69419.29,31.9
2019-08-28,31.74,33.6,31.74,90866.48,1.27,3.98,31.906,31.817,30.751,62701.7,76613.48,71591.36,33.17
2019-08-29,33.17,34.1,32.85,72627.47,0.83,2.5,32.408,32.062,30.945,64418.17,72929.0,72111.05,34.0
2019-08-30,33.81,34.46,32.77,65817.17,-0.84,-2.47,32.704,32.263,31.063,67239.69,70365.47,71801.53,33.16
2019-09-02,33.03,35.49,33.03,87089.18,2.14,6.45,33.506,32.557,31.348,75267.23,69048.65,72576.27,35.3
2019-09-03,35.25,36.15,34.8,67482.15,0.75,2.12,34.336,32.991,31.662,76776.49,67320.17,72165.25,36.05
2019-09-04,35.89,37.48,35.2,96975.16,0.11,0.3,34.934,33.42,32.012,77998.23,70349.96,74829.3,36.16
2019-09-05,36.05,38.0,35.85,98402.9,0.74,2.05,35.514,33.961,32.38,83153.31,73785.74,77565.36,36.9
2019-09-06,36.99,37.42,35.66,90657.24,-0.78,-2.11,36.106,34.405,32.719,88121.33,77680.51,79450.81,36.12
2019-09-09,36.29,37.03,35.87,70365.62,0.78,2.16,36.426,34.966,33.076,84776.61,80021.92,79339.13,36.9
2019-09-10,36.87,37.48,35.9,73515.92,-0.59,-1.6,36.478,35.407,33.453,85983.37,81379.93,79501.04,36.31
2019-09-11,36.62,36.98,35.77,57247.55,-0.15,-0.41,36.478,35.706,33.762,78037.85,78018.04,77315.76,36.16
2019-09-12,36.4,36.5,34.82,85403.87,-0.35,-0.97,36.26,35.887,33.975,75438.04,79295.68,76112.34,35.81
2019-09-16,36.18,37.09,35.52,92574.36,-0.03,-0.08,36.192,36.149,34.206,75821.46,81971.4,76168.43,35.78
2019-09-17,35.9,35.91,34.9,54006.57,-0.75,-2.1,35.818,36.122,34.34,72549.65,78663.13,73855.89,35.03
2019-09-18,35.09,35.75,34.81,53187.79,0.57,1.63,35.676,36.077,34.534,68484.03,77233.7,72276.93,35.6
2019-09-19,35.78,36.11,35.2,51148.8,0.44,1.24,35.652,36.065,34.743,67264.28,72651.06,71500.51,36.04
2019-09-20,36.1,36.22,35.31,60664.09,-0.16,-0.44,35.666,35.963,34.962,62316.32,68877.18,71331.46,35.88
2019-09-23,36.64,36.64,35.28,75381.35,0.0,0.0,35.686,35.939,35.172,58877.72,67349.59,72515.05,35.88
2019-09-24,35.63,36.8,35.56,68800.08,0.25,0.7,35.906,35.862,35.414,61836.42,67193.04,73607.48,36.13
2019-09-25,36.0,36.82,35.21,76676.23,0.4,1.11,36.092,35.884,35.646,66534.11,67509.07,74444.5,36.53
2019-09-26,36.49,36.94,35.07,60753.06,-1.29,-3.53,35.932,35.792,35.749,68454.96,67859.62,72938.83,35.24
2019-09-27,35.54,35.85,34.78,52507.31,0.19,0.54,35.842,35.754,35.821,66823.61,64569.96,71932.82,35.43
2019-09-30,35.45,36.23,34.97,55236.38,0.33,0.93,35.818,35.752,35.951,62794.61,60836.17,71403.78,35.76
2019-10-08,35.62,35.96,33.61,93831.09,-1.56,-4.36,35.432,35.669,35.896,67800.81,64818.62,71740.88,34.2
2019-10-09,34.31,35.12,34.03,68593.58,0.78,2.28,35.122,35.607,35.842,66184.28,66359.2,71796.45,34.98
2019-10-10,35.43,38.48,35.11,144813.22,3.5,10.01,35.77,35.851,35.958,82996.32,75725.64,74188.35,38.48
2019-10-11,38.4,38.4,37.29,101195.52,-0.93,-2.42,36.194,36.018,35.991,92733.96,79778.78,74327.98,37.55
2019-10-14,37.9,38.0,36.95,78946.05,-0.33,-0.88,36.486,36.152,36.046,97475.89,80135.25,73742.42,37.22
2019-10-15,37.08,37.4,36.05,60644.65,-0.76,-2.04,36.938,36.185,36.024,90838.6,79319.71,73256.37,36.46
2019-10-16,36.29,37.1,36.07,48836.92,0.02,0.06,37.238,36.18,36.032,86887.27,76535.78,72022.42,36.48
2019-10-17,36.65,36.79,36.1,39600.67,0.02,0.06,36.842,36.306,36.049,65844.76,74420.54,71140.08,36.5
2019-10-18,36.52,36.89,35.51,56257.69,-0.98,-2.69,36.436,36.315,36.035,56857.2,74795.58,69682.77,35.52
2019-10-21,35.55,35.74,34.62,60312.27,-0.37,-1.04,36.022,36.254,36.003,53130.44,75303.17,68069.67,35.15
2019-10-22,35.32,36.5,35.3,65865.21,1.03,2.93,35.966,36.452,36.061,54174.55,72506.58,68662.6,36.18
2019-10-23,36.18,36.4,35.23,42845.95,-0.76,-2.1,35.754,36.496,36.052,52976.36,69931.82,68145.51,35.42
2019-10-24,35.3,35.42,33.89,64624.22,-0.43,-1.21,35.452,36.147,35.999,57981.07,61912.92,68819.28,34.99
2019-10-25,33.78,33.79,31.49,276425.69,-3.49,-9.97,34.648,35.542,35.78,102014.67,79435.93,79607.36,31.5
2019-10-28,32.01,33.99,31.8,189527.23,1.95,6.19,34.308,35.165,35.659,127857.66,90494.05,85314.65,33.45
2019-10-29,33.36,33.36,32.06,135553.48,-1.39,-4.16,33.484,34.725,35.455,141795.31,97984.93,88652.32,32.06
2019-10-30,31.9,32.53,31.65,69444.09,-0.25,-0.78,32.762,34.258,35.219,147114.94,100045.65,88290.71,31.81
2019-10-31,31.75,32.3,31.2,62641.52,-0.19,-0.6,32.088,33.77,35.038,146718.4,102349.74,88385.14,31.62
2019-11-01,31.49,31.98,31.03,72458.01,-0.12,-0.38,32.088,33.368,34.842,105924.87,103969.77,89382.67,31.5
2019-11-04,31.8,32.72,31.35,122203.89,0.96,3.05,31.89,33.099,34.677,92460.2,110158.93,92731.05,32.46
2019-11-05,32.08,32.74,31.88,74316.94,0.07,0.22,31.984,32.734,34.593,80212.89,111004.1,91755.34,32.53
2019-11-06,32.41,32.79,31.9,53051.6,-0.43,-1.32,32.042,32.402,34.449,76934.39,112024.67,90978.24,32.1
2019-11-07,32.09,32.95,32.06,59628.36,0.64,1.99,32.266,32.177,34.162,76331.76,111525.08,86719.0,32.74
2019-11-08,33.19,33.88,32.88,71154.28,0.48,1.47,32.61,32.349,33.946,76071.01,90997.94,85216.94,33.22
2019-11-11,33.01,34.1,32.53,73261.61,0.2,0.6,32.802,32.346,33.756,66282.56,79371.38,84932.71,33.42
2019-11-12,34.0,34.1,33.27,49922.29,0.17,0.51,33.014,32.499,33.612,61403.63,70808.26,84396.6,33.59
2019-11-13,33.67,34.3,33.51,57803.54,0.46,1.37,33.404,32.723,33.491,62354.02,69644.2,84844.93,34.05
2019-11-14,33.8,35.05,33.8,55272.24,0.71,2.08,33.808,33.037,33.404,61482.79,68907.28,85628.51,34.76
2019-11-15,34.83,35.13,33.96,61921.98,-0.73,-2.1,33.97,33.29,33.329,59636.33,67853.67,85911.72,34.03
2019-11-18,34.14,34.27,33.42,52028.4,-0.05,-0.15,34.082,33.442,33.271,55389.69,60836.12,85497.53,33.98
2019-11-19,33.81,34.75,33.48,54721.29,0.44,1.29,34.248,33.631,33.183,56349.49,58876.56,84940.33,34.42
2019-11-20,34.3,35.88,34.28,75096.69,0.66,1.92,34.454,33.929,33.166,59808.12,61081.07,86552.87,35.08
2019-11-21,35.0,35.54,34.69,46304.34,0.02,0.06,34.522,34.165,33.171,58014.54,59748.67,85636.87,35.1
2019-11-22,35.37,35.94,34.51,67457.49,-0.29,-0.83,34.678,34.324,33.337,59121.64,59378.99,75188.46,34.81
2019-11-25,34.82,35.0,33.27,54646.1,-0.7,-2.01,34.704,34.393,33.37,59645.18,57517.44,68444.41,34.11
2019-11-26,34.52,35.3,34.2,87721.54,1.19,3.49,34.88,34.564,33.532,66245.23,61297.36,66052.81,35.3
2019-11-27,34.88,35.52,34.56,49937.9,-0.48,-1.36,34.828,34.641,33.682,61213.47,60510.8,65077.5,34.82
2019-11-28,34.65,35.1,34.32,29858.59,-0.13,-0.37,34.746,34.634,33.836,57924.32,57969.43,63438.35,34.69
2019-11-29,34.65,34.87,33.91,39753.41,-0.15,-0.43,34.692,34.685,33.988,52383.51,55752.58,61803.12,34.54
2019-12-02,34.53,34.59,33.77,42162.73,-0.73,-2.11,34.632,34.668,34.055,49886.83,54766.01,57801.07,33.81
2019-12-03,33.89,34.19,33.6,25458.88,0.19,0.56,34.372,34.626,34.129,37434.3,51839.77,55358.16,34.0
2019-12-04,33.8,34.07,33.42,33299.86,-0.33,-0.97,34.142,34.485,34.207,34106.69,47660.08,54370.58,33.67
2019-12-05,33.68,34.75,33.61,48433.15,0.81,2.41,34.1,34.423,34.294,37821.61,47872.97,53810.82,34.48
2019-12-06,34.69,34.69,33.79,47387.87,-0.31,-0.9,34.026,34.359,34.342,39348.5,45866.0,52622.5,34.17
2019-12-09,34.22,35.39,33.89,70955.16,1.03,3.01,34.304,34.468,34.431,45106.98,47496.91,52507.17,35.2
2019-12-10,34.9,35.25,34.36,61701.56,0.01,0.03,34.546,34.459,34.512,52355.52,44894.91,53096.14,35.21
2019-12-11,35.18,35.18,34.53,34818.67,-0.48,-1.36,34.758,34.45,34.546,52659.28,43382.99,51946.89,34.73
2019-12-12,34.7,34.7,34.01,40099.43,-0.52,-1.5,34.704,34.402,34.518,50992.54,44407.07,51188.25,34.21
2019-12-13,34.45,34.84,34.1,48526.76,0.49,1.43,34.81,34.418,34.552,51220.32,45284.41,50518.49,34.7
2019-12-16,34.73,35.43,34.5,69018.34,0.51,1.47,34.812,34.558,34.613,50832.95,47969.97,51367.99,35.21
2019-12-17,35.29,35.64,34.92,82790.08,0.23,0.65,34.858,34.702,34.664,55050.66,53703.09,52771.43,35.44
2019-12-18,35.31,35.58,34.9,72163.61,-0.5,-1.41,34.9,34.829,34.657,62519.64,57589.46,52624.77,34.94
2019-12-19,34.9,35.27,34.48,49273.89,-0.15,-0.43,35.016,34.86,34.642,64354.54,57673.54,52773.25,34.79
2019-12-20,34.68,34.81,32.9,125716.21,-1.75,-5.03,34.684,34.747,34.553,79792.43,65506.37,55686.19,33.04
2019-12-23,32.83,33.33,32.11,95388.6,-0.03,-0.09,34.244,34.528,34.498,85066.48,67949.72,57723.31,33.01
2019-12-24,32.95,33.66,32.73,45797.27,0.14,0.42,33.786,34.322,34.391,77667.92,66359.29,55627.1,33.15
2019-12-25,33.15,33.87,33.15,56634.74,0.67,2.02,33.562,34.231,34.341,74562.14,68540.89,55961.94,33.82
2019-12-26,33.68,34.08,32.99,50652.6,-0.65,-1.92,33.238,34.127,34.265,74837.88,69596.21,57001.64,33.17
2019-12-27,33.38,33.47,32.75,53568.76,-0.22,-0.66,33.22,33.952,34.185,60408.39,70100.41,57692.41,32.95
2019-12-30,32.71,33.15,32.14,45089.88,0.05,0.15,33.218,33.731,34.145,50348.65,67707.56,57838.77,33.0
2019-12-31,32.65,33.15,32.47,51121.8,-0.1,-0.3,33.168,33.477,34.09,51413.56,64540.74,59121.91,32.9
2020-01-02,33.0,33.76,32.72,62618.36,0.61,1.85,33.106,33.334,34.082,52610.28,63586.21,60587.84,33.51
2020-01-03,33.68,33.69,33.25,43109.72,-0.17,-0.51,33.14,33.189,34.025,51101.7,62969.79,60321.67,33.34
2020-01-06,32.88,33.46,32.7,68558.34,-0.37,-1.11,33.144,33.182,33.965,54099.62,57254.01,61380.19,32.97
2020-01-07,33.0,33.59,32.8,59222.39,0.62,1.88,33.262,33.24,33.884,56926.12,53637.39,60793.55,33.59
2020-01-08,33.34,33.44,32.7,46523.92,-0.79,-2.35,33.242,33.205,33.764,56006.55,53710.05,60034.67,32.8
2020-01-09,33.1,33.88,33.01,80599.32,0.94,2.87,33.288,33.197,33.714,59602.74,56106.51,62323.7,33.74
2020-01-10,34.0,34.66,33.8,81907.84,0.12,0.36,33.392,33.266,33.697,67362.36,59232.03,64414.12,33.86
2020-01-13,33.69,34.69,33.62,75343.14,0.8,2.36,33.73,33.437,33.695,68719.32,61409.47,65754.94,34.66
2020-01-14,34.88,35.17,34.15,59273.98,-0.42,-1.21,33.86,33.561,33.646,68729.64,62827.88,65267.72,34.24
2020-01-15,34.14,34.85,34.14,53894.87,0.57,1.67,34.262,33.752,33.615,70203.83,63105.19,63822.96,34.81
2020-01-16,34.81,37.74,34.71,163519.16,2.64,7.58,35.004,34.146,33.74,86787.8,73195.27,68390.74,37.45
2020-01-17,37.45,37.99,37.1,87029.98,0.2,0.53,35.762,34.577,33.883,87812.23,77587.29,70278.54,37.65
2020-01-20,37.65,38.5,37.01,72139.87,0.75,1.99,36.51,35.12,34.151,87171.57,77945.45,67599.73,38.4
2020-01-21,38.4,38.75,37.37,57837.25,-0.17,-0.44,37.308,35.584,34.412,86884.23,77806.93,65722.16,38.23
2020-01-22,37.44,39.08,36.83,59220.44,0.52,1.36,38.096,36.179,34.692,87949.34,79076.59,66393.32,38.75
2020-01-23,38.69,39.28,36.8,68289.69,-1.13,-2.92,38.13,36.567,34.882,68903.45,77845.62,66976.07,37.62
