date,open,high,low,volume,price_change,p_change,ma5,ma10,ma20,v_ma5,v_ma10,v_ma20,close
2017-07-25,4.01,4.03,3.93,3853856.75,-0.07,-1.74,3.96,3.96,3.96,3853856.75,3853856.75,3853856.75,3.96
2017-07-26,3.94,3.96,3.89,4204072.0,-0.04,-1.01,3.94,3.94,3.94,4028964.38,4028964.38,4028964.38,3.92
2017-07-27,3.91,3.95,3.89,2466449.25,0.01,0.26,3.937,3.937,3.937,3508126.0,3508126.0,3508126.0,3.93
2017-07-28,3.92,3.93,3.89,2356215.75,-0.02,-0.51,3.93,3.93,3.93,3220148.44,3220148.44,3220148.44,3.91
2017-07-31,3.9,3.98,3.89,3422302.0,0.04,1.02,3.934,3.934,3.934,3260579.15,3260579.15,3260579.15,3.95
2017-08-01,3.94,3.96,3.91,2653405.5,-0.02,-0.51,3.928,3.933,3.933,3020488.9,3159383.54,3159383.54,3.93
2017-08-02,3.92,3.95,3.91,2001749.88,-0.01,-0.25,3.928,3.931,3.931,2580024.48,2994007.3,2994007.3,3.92
2017-08-03,3.92,3.94,3.88,2990829.0,-0.02,-0.51,3.922,3.928,3.928,2684900.43,2993610.02,2993610.02,3.9
2017-08-04,3.89,3.91,3.85,3665569.25,-0.04,-1.03,3.912,3.92,3.92,2946771.13,3068272.15,3068272.15,3.86
2017-08-07,3.85,3.9,3.84,2223352.75,0.03,0.78,3.9,3.917,3.917,2706981.28,2983780.21,2983780.21,3.89
2017-08-08,3.88,3.89,3.8,3977311.25,-0.07,-1.8,3.878,3.903,3.908,2971762.43,2996125.66,3074101.22,3.82
2017-08-09,3.81,3.81,3.72,4708531.0,-0.03,-0.79,3.852,3.89,3.898,3513118.65,3046571.56,3210303.7,3.79
2017-08-10,3.78,3.8,3.67,4425303.0,-0.1,-2.64,3.81,3.866,3.882,3800013.45,3242456.94,3303765.18,3.69
2017-08-11,3.68,3.73,3.67,4052109.5,0.01,0.27,3.778,3.845,3.869,3877321.5,3412046.31,3357218.35,3.7
2017-08-14,3.7,3.82,3.69,4252460.5,0.11,2.97,3.762,3.831,3.865,4283143.05,3495062.16,3416901.16,3.81
2017-08-15,3.8,3.82,3.77,2468931.75,-0.01,-0.26,3.758,3.818,3.861,3981467.15,3476614.79,3357653.07,3.8
2017-08-16,3.81,3.87,3.78,3219242.5,0.05,1.32,3.77,3.811,3.861,3683609.45,3598364.05,3349511.27,3.85
2017-08-17,3.85,3.86,3.8,2746778.0,-0.02,-0.52,3.798,3.804,3.859,3347904.45,3573958.95,3316026.09,3.83
2017-08-18,3.81,3.84,3.79,1413223.38,-0.01,-0.26,3.822,3.8,3.857,2820127.23,3348724.36,3215878.58,3.82
2017-08-21,3.81,3.9,3.81,3158164.5,0.05,1.31,3.834,3.798,3.858,2601268.03,3442205.54,3212992.88,3.87
2017-08-22,3.88,3.9,3.84,1786863.5,-0.01,-0.26,3.846,3.802,3.853,2464854.38,3223160.76,3109643.21,3.86
2017-08-23,3.86,3.92,3.85,2783595.0,0.03,0.78,3.854,3.812,3.851,2377724.88,3030667.16,3038619.36,3.89
2017-08-24,3.88,3.89,3.84,1767723.5,-0.02,-0.51,3.862,3.83,3.848,2181913.98,2764909.21,3003683.08,3.87
2017-08-25,3.86,3.92,3.85,2526626.25,0.03,0.78,3.878,3.85,3.848,2404594.55,2612360.89,3012203.6,3.9
2017-08-28,3.89,3.93,3.88,3269940.5,0.02,0.51,3.888,3.861,3.846,2426949.75,2514108.89,3004585.53,3.92
2017-08-29,3.91,3.91,3.82,4101084.5,-0.09,-2.3,3.882,3.864,3.841,2889793.95,2677324.16,3076969.48,3.83
2017-08-30,3.83,3.87,3.82,2799093.0,0.02,0.52,3.874,3.864,3.838,2892893.55,2635309.21,3116836.63,3.85
2017-08-31,3.85,3.86,3.82,1596356.12,-0.02,-0.52,3.866,3.864,3.834,2858620.07,2520267.03,3047112.99,3.83
2017-09-01,3.83,3.87,3.82,2634048.25,0.01,0.26,3.854,3.866,3.833,2880104.47,2642349.51,2995536.94,3.84
2017-09-04,3.83,3.92,3.82,3921960.0,0.06,1.56,3.85,3.869,3.834,3010508.37,2718729.06,3080467.3,3.9
2017-09-05,3.91,4.03,3.9,7908113.5,0.11,2.82,3.886,3.884,3.843,3771914.17,3330854.06,3277007.41,4.01
2017-09-06,4.0,4.04,3.98,3767107.5,0.0,0.0,3.918,3.896,3.854,3965517.07,3429205.31,3229936.24,4.01
2017-09-07,4.02,4.02,3.95,3026261.5,-0.05,-1.25,3.944,3.905,3.868,4251498.15,3555059.11,3159984.16,3.96
2017-09-08,3.96,4.0,3.95,2129570.25,0.01,0.25,3.97,3.912,3.881,4150602.55,3515353.51,3063857.2,3.97
2017-09-11,3.97,3.99,3.95,2287256.0,0.0,0.0,3.984,3.917,3.889,3823661.75,3417085.06,2965596.98,3.97
2017-09-12,3.98,3.99,3.9,3458514.25,-0.05,-1.26,3.966,3.926,3.895,2933741.9,3352828.04,3015076.1,3.92
2017-09-13,3.92,3.94,3.89,2257000.25,-0.01,-0.26,3.946,3.932,3.898,2631720.45,3298618.76,2966963.99,3.91
2017-09-14,3.91,3.92,3.83,3445106.25,-0.07,-1.79,3.922,3.933,3.899,2715489.4,3483493.78,3001880.4,3.84
2017-09-15,3.84,3.86,3.83,1953819.5,0.0,0.0,3.896,3.933,3.9,2680339.25,3415470.9,3028910.21,3.84
2017-09-18,3.85,4.01,3.84,7829559.5,0.17,4.43,3.904,3.944,3.907,3788799.95,3806230.85,3262479.96,4.01
2017-09-19,4.0,4.04,3.97,5216657.5,0.0,0.0,3.922,3.944,3.914,4140428.6,3537085.25,3433969.66,4.01
2017-09-20,4.02,4.02,3.98,4360728.5,-0.01,-0.25,3.94,3.943,3.92,4561174.25,3596447.35,3512826.33,4.0
2017-09-21,4.0,4.02,3.95,2749941.5,-0.04,-1.0,3.964,3.943,3.924,4422141.3,3568815.35,3561937.23,3.96
2017-09-22,3.96,4.03,3.94,3547071.0,0.04,1.01,3.996,3.946,3.929,4740791.6,3710565.43,3612959.47,4.0
2017-09-25,4.02,4.05,3.98,4644909.5,-0.01,-0.25,3.992,3.948,3.933,4103861.6,3946330.78,3681707.92,3.99
2017-09-26,3.98,4.23,3.98,12461686.0,0.18,4.51,4.024,3.973,3.95,5552867.3,4846647.95,4099737.99,4.17
2017-09-27,4.15,4.3,4.12,11296115.0,0.03,0.72,4.064,4.002,3.967,6939944.6,5750559.43,4524589.09,4.2
2017-09-28,4.2,4.57,4.19,14481711.0,0.29,6.91,4.17,4.067,4.0,9286298.5,6854219.9,5168856.84,4.49
2017-09-29,4.5,4.65,4.29,18217356.0,-0.09,-2.0,4.25,4.123,4.028,12220355.5,8480573.55,5948022.23,4.4
2017-10-09,4.49,4.83,4.45,16888210.0,0.39,8.86,4.41,4.201,4.073,14669015.6,9386438.6,6596334.73,4.79
2017-10-10,4.79,4.82,4.67,10274860.0,0.02,0.42,4.538,4.281,4.113,14231650.4,9892258.85,6714672.05,4.81
2017-10-11,4.79,4.85,4.66,8365742.5,-0.08,-1.66,4.644,4.354,4.149,13645575.9,10292760.25,6944603.8,4.73
2017-10-12,4.71,4.93,4.63,10970542.0,0.04,0.85,4.7,4.435,4.189,12943342.1,11114820.3,7341817.83,4.77
2017-10-13,4.83,5.13,4.77,14734930.0,0.33,6.92,4.84,4.545,4.246,12246856.9,12233606.2,7972085.81,5.1
2017-10-16,5.13,5.39,5.07,17991432.0,0.01,0.2,4.904,4.657,4.303,12467501.3,13568258.45,8757294.61,5.11
2017-10-17,5.09,5.24,5.05,10127246.0,0.04,0.78,4.972,4.755,4.364,12437978.5,13334814.45,9090731.2,5.15
2017-10-18,5.15,5.33,5.11,11568864.0,0.14,2.72,5.084,4.864,4.433,13078602.8,13362089.35,9556324.39,5.29
2017-10-19,5.38,5.39,5.01,13124605.0,-0.26,-4.92,5.136,4.918,4.493,13509415.4,13226378.75,10040299.33,5.03
2017-10-20,5.0,5.14,4.99,8238626.5,0.03,0.6,5.128,4.984,4.554,12210154.7,12228505.8,10354539.68,5.06
2017-10-23,5.11,5.28,5.03,11491177.0,0.19,3.75,5.156,5.03,4.616,10910103.7,11688802.5,10537620.55,5.25
2017-10-24,5.23,5.33,5.16,8057447.5,-0.03,-0.57,5.17,5.071,4.676,10496144.0,11467061.25,10679660.05,5.22
2017-10-25,5.23,5.72,5.17,18039416.0,0.5,9.58,5.256,5.17,4.762,11790254.4,12434428.6,11363594.43,5.72
2017-10-26,5.66,5.78,5.6,13772987.0,0.04,0.7,5.402,5.269,4.852,11919930.8,12714673.1,11914746.7,5.76
2017-10-27,5.8,6.0,5.71,18538246.0,0.16,2.78,5.574,5.351,4.948,13979854.7,13095004.7,12664305.45,5.92
2017-10-30,6.03,6.36,5.92,25362642.0,0.23,3.88,5.754,5.455,5.056,16754147.7,13832125.7,13700192.08,6.15
2017-10-31,6.12,6.27,6.01,14283635.0,0.07,1.14,5.954,5.562,5.159,17999385.2,14247764.6,13791289.53,6.22
2017-11-01,6.22,6.25,6.12,11619616.0,-0.03,-0.48,6.048,5.652,5.258,16715425.2,14252839.8,13807464.58,6.19
2017-11-02,6.12,6.13,5.77,22060478.0,-0.37,-5.98,6.06,5.731,5.325,18372923.4,15146427.1,14186402.93,5.82
2017-11-03,5.84,6.07,5.81,17642384.0,0.19,3.27,6.078,5.826,5.405,18193751.0,16086802.85,14157654.33,6.01
2017-11-06,6.0,6.55,5.97,20858192.0,0.53,8.82,6.156,5.955,5.493,17292861.0,17023504.35,14356153.43,6.54
2017-11-07,6.5,6.59,6.28,20250680.0,-0.01,-0.15,6.218,6.086,5.579,18486270.0,18242827.6,14854944.43,6.53
2017-11-08,6.47,6.77,6.42,18908152.0,-0.09,-1.38,6.268,6.158,5.664,19943977.2,18329701.2,15382064.9,6.44
2017-11-09,6.41,6.53,6.24,16951938.0,0.08,1.24,6.408,6.234,5.752,18922269.2,18647596.3,15681134.7,6.52
2017-11-10,6.5,6.62,6.43,14691926.0,-0.02,-0.31,6.506,6.292,5.822,18332177.6,18262964.3,15678984.5,6.5
2017-11-13,6.5,6.64,6.36,15746385.0,-0.09,-1.39,6.48,6.318,5.887,17309816.2,17301338.6,15566732.15,6.41
2017-11-14,6.35,6.43,6.1,20317426.0,-0.28,-4.37,6.4,6.309,5.936,17323165.4,17904717.7,16076241.15,6.13
2017-11-15,6.17,6.33,6.12,12746063.0,0.09,1.47,6.356,6.312,5.982,16090747.6,18017362.4,16135101.1,6.22
2017-11-16,6.18,6.45,6.02,19959584.0,0.2,3.21,6.336,6.372,6.052,16692276.8,17807273.0,16476850.05,6.42
2017-11-17,6.4,6.59,6.17,18859630.0,-0.24,-3.74,6.272,6.389,6.108,17525817.6,17928997.6,17007900.23,6.18
2017-11-20,6.08,6.29,6.01,15311332.0,0.09,1.46,6.244,6.362,6.159,17438807.0,17374311.6,17198907.98,6.27
2017-11-21,6.24,6.75,6.21,25979416.0,0.4,6.38,6.352,6.376,6.231,18571205.0,17947185.2,18095006.4,6.67
2017-11-22,6.5,6.63,6.36,22875732.0,-0.19,-2.85,6.404,6.38,6.269,20597138.8,18343943.2,18336822.2,6.48
2017-11-23,6.37,6.45,6.04,19350334.0,-0.42,-6.48,6.332,6.334,6.284,20475288.8,18583782.8,18615689.55,6.06
2017-11-24,6.01,6.15,5.78,15840923.0,-0.28,-4.62,6.252,6.262,6.277,19871547.4,18698682.5,18480823.4,5.78
2017-11-27,5.55,5.57,5.2,25011258.0,-0.56,-9.69,6.042,6.143,6.231,21811532.6,19625169.8,18463254.2,5.22
2017-11-28,5.3,5.42,5.26,14424133.0,0.17,3.26,5.786,6.069,6.189,19500476.0,19035840.5,18470279.1,5.39
2017-11-29,5.41,5.48,5.31,10443577.0,0.02,0.37,5.572,5.988,6.15,17014045.0,18805591.9,18411477.15,5.41
2017-11-30,5.3,5.48,5.26,8789505.0,-0.07,-1.29,5.428,5.88,6.126,14901879.2,17688584.0,17747928.5,5.34
2017-12-01,5.34,5.45,5.29,7818463.5,0.04,0.75,5.348,5.8,6.095,13297387.3,16584467.35,17256732.48,5.38
2017-12-04,5.42,5.71,5.42,12986355.0,0.22,4.09,5.424,5.733,6.048,10892406.7,16351969.65,16863140.63,5.6
2017-12-05,5.56,5.77,5.54,11405910.0,0.02,0.36,5.47,5.628,6.002,10288762.1,14894619.05,16420902.13,5.62
2017-12-06,5.62,5.73,5.42,12271790.0,0.09,1.6,5.53,5.551,5.966,10654404.7,13834224.85,16089084.03,5.71
2017-12-07,5.68,5.69,5.58,7116014.5,-0.13,-2.28,5.578,5.503,5.919,10319706.6,12610792.9,15597287.85,5.58
2017-12-08,5.55,5.73,5.51,8465574.0,0.09,1.61,5.636,5.492,5.877,10449128.7,11873258.0,15285970.25,5.67
2017-12-11,5.67,5.81,5.63,10867054.0,0.13,2.29,5.676,5.55,5.847,10025268.5,10458837.6,15042003.7,5.8
2017-12-12,5.79,5.85,5.72,7784105.5,-0.07,-1.21,5.698,5.584,5.827,9300907.6,9794834.85,14415337.68,5.73
2017-12-13,5.71,5.83,5.7,6811756.0,0.06,1.05,5.714,5.622,5.805,8208900.8,9431652.75,14118622.33,5.79
2017-12-14,5.8,5.84,5.75,6000926.0,0.01,0.17,5.758,5.668,5.774,7985883.1,9152794.85,13420689.43,5.8
2017-12-15,5.78,5.78,5.5,12431361.0,-0.28,-4.83,5.728,5.682,5.741,8779040.5,9614084.6,13099275.98,5.52
2017-12-18,5.49,5.62,5.46,6089062.5,0.01,0.18,5.674,5.675,5.704,7823442.2,8924355.35,12638162.5,5.53
2017-12-19,5.52,5.66,5.52,6761045.0,0.12,2.17,5.658,5.678,5.653,7618830.1,8459868.85,11677243.95,5.65
2017-12-20,5.64,5.7,5.58,6547997.5,0.01,0.18,5.632,5.673,5.612,7566078.4,7887489.6,10860857.23,5.66
2017-12-21,5.68,5.97,5.61,13368509.0,0.25,4.42,5.654,5.706,5.605,9039595.0,8512739.05,10561765.98,5.91
2017-12-22,5.95,5.98,5.88,8213047.5,0.01,0.17,5.734,5.731,5.612,8195932.3,8487486.4,10180372.2,5.92
2017-12-25,5.93,5.97,5.81,6930017.5,-0.06,-1.01,5.8,5.737,5.644,8364123.3,8093782.75,9276310.18,5.86
2017-12-26,5.89,5.9,5.69,7741395.0,-0.05,-0.85,5.832,5.745,5.665,8560193.3,8089511.7,8942173.28,5.81
2017-12-27,5.79,5.92,5.71,8416399.0,-0.06,-1.03,5.85,5.741,5.682,8933873.6,8249976.0,8840814.38,5.75
2017-12-28,5.72,5.86,5.72,6299493.0,0.04,0.7,5.826,5.74,5.704,7520070.4,8279832.7,8716313.78,5.79
2017-12-29,5.77,5.85,5.74,5454246.5,0.0,0.0,5.8,5.767,5.725,6968310.2,7582121.25,8598102.93,5.79
2018-01-02,5.83,5.85,5.66,8084036.0,-0.06,-1.04,5.774,5.787,5.731,7199113.9,7781618.6,8352986.98,5.73
2018-01-03,5.75,5.84,5.65,9207045.0,0.04,0.7,5.766,5.799,5.739,7492243.9,8026218.6,8243043.73,5.77
2018-01-04,5.73,5.77,5.69,5859186.0,-0.05,-0.87,5.76,5.805,5.739,6980801.3,7957337.45,7922413.53,5.72
2018-01-05,5.74,5.74,5.56,10108735.0,-0.14,-2.45,5.718,5.772,5.739,7742649.7,7631360.05,8072049.55,5.58
2018-01-08,5.56,5.62,5.42,10202985.0,0.0,0.0,5.676,5.738,5.735,8692397.4,7830353.8,8158920.1,5.58
2018-01-09,5.55,6.03,5.55,20554356.0,0.43,7.71,5.732,5.753,5.745,11186461.4,9192787.65,8643285.2,6.01
2018-01-10,5.98,6.13,5.93,17324212.0,0.08,1.33,5.796,5.781,5.763,12809894.8,10151069.35,9120290.53,6.09
2018-01-11,6.06,6.13,6.0,8752383.0,0.0,0.0,5.87,5.815,5.778,13388534.2,10184667.75,9217321.88,6.09
2018-01-12,6.11,6.15,6.03,8191716.5,-0.02,-0.33,5.968,5.843,5.792,13005130.5,10373890.1,9326861.4,6.07
2018-01-15,6.09,6.45,6.04,17782168.0,0.2,3.29,6.106,5.891,5.829,14520967.1,11606682.25,9594401.75,6.27
2018-01-16,6.34,6.43,6.26,11058186.0,0.12,1.91,6.182,5.957,5.872,12621733.1,11904097.25,9842857.93,6.39
2018-01-17,6.51,6.55,6.11,15130205.0,-0.03,-0.47,6.236,6.016,5.908,12182931.7,12496413.25,10261315.93,6.36
2018-01-18,6.32,6.44,6.25,7360829.5,0.0,0.0,6.29,6.08,5.943,11904621.0,12646577.6,10301957.53,6.36
2018-01-19,6.38,6.67,6.34,16290851.0,0.29,4.56,6.406,6.187,5.98,13524447.9,13264789.2,10448074.63,6.65
2018-01-22,6.62,6.67,6.52,10263976.0,0.0,0.0,6.482,6.294,6.016,12020809.5,13270888.3,10550621.05,6.65
2018-01-23,6.66,6.68,6.46,11491062.0,-0.16,-2.41,6.502,6.342,6.048,12107384.7,12364558.9,10778673.28,6.49
2018-01-24,6.43,6.57,6.17,14544178.0,0.06,0.92,6.54,6.388,6.085,11990179.3,12086555.5,11118812.43,6.55
2018-01-25,6.51,6.55,6.32,8780924.0,-0.22,-3.36,6.534,6.412,6.114,12274198.2,12089409.6,11137038.68,6.33
2018-01-26,6.28,6.41,6.25,7043021.5,-0.05,-0.79,6.46,6.433,6.138,10424632.3,11974540.1,11174215.1,6.28
2018-01-29,6.08,6.22,5.98,14223389.0,-0.24,-3.82,6.338,6.41,6.151,11216514.9,11618662.2,11612672.23,6.04
2018-01-30,6.04,6.14,6.02,6109362.0,0.03,0.5,6.254,6.378,6.168,10140174.9,11123779.8,11513938.53,6.07
2018-01-31,6.02,6.14,6.01,5631530.0,0.01,0.17,6.16,6.35,6.183,8357645.3,10173912.3,11335162.78,6.08
2018-02-01,6.08,6.08,5.56,15090671.0,-0.41,-6.74,6.028,6.281,6.181,9619594.7,10946896.45,11796737.03,5.67
2018-02-02,5.65,5.75,5.6,7582205.5,0.01,0.18,5.908,6.184,6.186,9727431.5,10076031.9,11670410.55,5.68
2018-02-05,5.6,5.74,5.52,5484635.5,0.04,0.7,5.844,6.091,6.193,7979680.8,9598097.85,11434493.08,5.72
2018-02-06,5.58,5.65,5.36,9191808.0,-0.36,-6.29,5.702,5.978,6.16,8596170.0,9368172.45,10866365.68,5.36
2018-02-07,5.5,5.6,5.33,8145268.0,0.04,0.75,5.566,5.863,6.126,9098917.6,8728281.45,10407418.48,5.4
2018-02-08,5.38,5.58,5.37,7068843.5,0.18,3.33,5.548,5.788,6.1,7494552.1,8557073.4,10323241.5,5.58
2018-02-09,5.42,5.47,5.09,10513528.0,-0.39,-6.99,5.45,5.679,6.056,8080816.6,8904124.05,10439332.08,5.19
2018-02-12,5.27,5.44,5.23,6600097.5,0.18,3.47,5.38,5.612,6.011,8303909.0,8141794.9,9880228.55,5.37
2018-02-13,5.45,5.65,5.39,7424839.0,0.16,2.98,5.414,5.558,5.968,7950515.2,8273342.6,9698561.2,5.53
2018-02-14,5.53,5.56,5.45,3563693.75,0.0,0.0,5.44,5.503,5.927,7034200.35,8066558.98,9120235.64,5.53
2018-02-22,5.59,5.68,5.54,5418361.0,0.13,2.35,5.456,5.502,5.892,6704103.85,7099327.98,9023112.21,5.66
2018-02-23,5.64,5.66,5.51,5013632.5,-0.08,-1.41,5.534,5.492,5.838,5604124.75,6842470.68,8459251.29,5.58
2018-02-26,5.65,5.86,5.47,11591063.0,0.21,3.76,5.618,5.499,5.795,6602317.85,7453113.43,8525605.64,5.79
2018-02-27,5.8,5.85,5.68,6707227.0,-0.08,-1.38,5.654,5.534,5.756,6458795.45,7204655.33,8286413.89,5.71
2018-02-28,5.61,5.73,5.56,4810890.5,-0.05,-0.88,5.68,5.56,5.712,6708234.8,6871217.58,7799749.51,5.66
2018-03-01,5.59,5.77,5.58,5254304.5,0.04,0.71,5.688,5.572,5.68,6675423.5,6689763.68,7623418.54,5.7
2018-03-02,5.63,5.69,5.6,4509720.5,-0.1,-1.75,5.692,5.613,5.646,6574641.1,6089382.93,7496753.49,5.6
2018-03-05,5.66,5.7,5.56,3703952.25,-0.01,-0.18,5.652,5.635,5.624,4997218.95,5799768.4,6970781.65,5.59
2018-03-06,5.63,5.85,5.58,10901011.0,0.2,3.58,5.668,5.661,5.61,5835975.75,6147385.6,7210364.1,5.79
2018-03-07,5.78,5.79,5.65,6363939.0,-0.12,-2.07,5.67,5.675,5.589,6146585.45,6427410.13,7246984.55,5.67
2018-03-08,5.65,5.73,5.63,3793005.5,0.04,0.7,5.672,5.68,5.591,5854325.65,6264874.58,6682101.28,5.71
2018-03-09,5.8,5.93,5.75,10804589.0,0.16,2.8,5.726,5.709,5.601,7113299.35,6843970.23,6843220.45,5.87
2018-03-12,5.92,6.08,5.88,9582113.0,0.19,3.24,5.82,5.736,5.618,8288931.5,6643075.23,7048094.33,6.06
2018-03-13,6.04,6.04,5.94,5839687.0,-0.1,-1.65,5.854,5.761,5.648,7276666.7,6556321.23,6880488.28,5.96
2018-03-14,5.91,6.05,5.9,5427381.0,-0.01,-0.17,5.91,5.79,5.675,7089355.1,6617970.28,6744593.93,5.95
2018-03-15,5.91,6.01,5.88,5238363.5,0.0,0.0,5.958,5.815,5.694,7378426.7,6616376.18,6653069.93,5.95
2018-03-16,5.95,6.0,5.79,5012646.0,-0.16,-2.69,5.942,5.834,5.724,6220038.1,6666668.73,6378025.83,5.79
2018-03-19,5.81,5.88,5.75,4050583.0,0.04,0.69,5.896,5.858,5.747,5113732.1,6701331.8,6250550.1,5.83
2018-03-20,5.76,5.81,5.7,4853481.0,-0.07,-1.2,5.856,5.855,5.758,4916490.9,6096578.8,6121982.2,5.76
2018-03-21,5.8,5.89,5.72,5189704.5,-0.01,-0.17,5.816,5.863,5.769,4868955.6,5979155.35,6203282.74,5.75
2018-03-22,5.76,5.8,5.64,4907057.5,-0.07,-1.22,5.762,5.86,5.77,4802694.4,6090560.55,6177717.56,5.68
2018-03-23,5.38,5.52,5.18,10976664.0,-0.22,-3.87,5.696,5.819,5.764,5995498.0,6107768.05,6475869.14,5.46
2018-03-26,5.35,5.44,5.23,5621184.0,-0.02,-0.37,5.618,5.757,5.747,6309618.2,5711675.15,6177375.19,5.44
2018-03-27,5.54,5.56,5.45,5571837.0,0.06,1.1,5.566,5.711,5.736,6453289.4,5684890.15,6120605.69,5.5
2018-03-28,5.4,5.45,5.31,4893571.0,-0.16,-2.91,5.484,5.65,5.72,6394062.7,5631509.15,6124739.71,5.34
2018-03-29,5.4,5.42,5.22,5589122.0,0.03,0.56,5.422,5.592,5.704,6530475.6,5666585.0,6141480.59,5.37
2018-03-30,5.36,5.37,5.27,5330635.0,-0.05,-0.93,5.394,5.545,5.69,5401269.8,5698383.9,6182526.31,5.32
2018-04-02,5.32,5.38,5.27,4340815.0,-0.02,-0.38,5.366,5.492,5.675,5145196.0,5727407.1,6214369.45,5.3
2018-04-03,5.2,5.26,5.13,5975079.0,-0.12,-2.26,5.302,5.434,5.645,5225844.4,5839566.9,5968072.85,5.18
2018-04-04,5.17,5.23,5.13,4159530.0,-0.05,-0.96,5.26,5.372,5.618,5079036.2,5736549.45,5857852.4,5.13
2018-04-09,5.1,5.17,5.02,5109866.5,-0.03,-0.58,5.206,5.314,5.587,4983185.1,5756830.35,5923695.45,5.1
2018-04-10,5.1,5.27,5.09,6409152.5,0.14,2.75,5.19,5.292,5.556,5198888.6,5300079.2,5703923.63,5.24
2018-04-11,5.26,5.29,5.21,4714982.5,0.0,0.0,5.178,5.272,5.515,5273722.1,5209459.05,5460567.1,5.24
2018-04-12,5.24,5.27,5.18,3367103.25,-0.01,-0.19,5.188,5.245,5.478,4752126.95,4988985.68,5336937.91,5.23
2018-04-13,5.25,5.31,5.23,3652526.75,0.02,0.38,5.212,5.236,5.443,4650726.3,4864881.25,5248195.2,5.25
2018-04-16,5.23,5.23,5.07,5286659.5,-0.17,-3.24,5.208,5.207,5.4,4686084.9,4834635.0,5250610.0,5.08
2018-04-17,5.09,5.13,4.89,6356093.5,-0.19,-3.74,5.138,5.164,5.355,4675473.1,4937180.85,5317782.38,4.89
2018-04-18,4.94,4.96,4.4,11595649.0,-0.24,-4.91,5.02,5.099,5.296,6051606.4,5662664.25,5695035.68,4.65
2018-04-19,4.68,4.74,4.61,7142795.5,0.0,0.0,4.904,5.046,5.24,6806744.85,5779435.9,5809501.4,4.65
2018-04-20,4.69,4.69,4.46,8093295.5,-0.16,-3.44,4.752,4.982,5.177,7694898.6,6172812.45,5954680.95,4.49
2018-04-23,4.48,4.68,4.22,13178952.0,0.19,4.23,4.672,4.94,5.127,9273357.1,6979721.0,6368275.68,4.68
2018-04-24,4.55,4.67,4.51,10597389.0,-0.06,-1.28,4.618,4.878,5.085,10121616.2,7398544.65,6349311.93,4.62
2018-04-25,4.55,4.6,4.47,7019066.0,-0.13,-2.81,4.586,4.803,5.038,9206299.6,7628953.0,6419206.03,4.49
2018-04-26,4.44,4.45,4.25,8603802.0,-0.22,-4.9,4.51,4.707,4.976,9498500.9,8152622.88,6570804.28,4.27
2018-04-27,4.31,4.36,4.22,6098837.0,0.05,1.17,4.476,4.614,4.925,9099609.2,8397253.9,6631067.58,4.32
2018-05-02,4.33,4.35,4.23,4051082.25,-0.05,-1.16,4.394,4.533,4.87,7274035.25,8273696.18,6554165.59,4.27
2018-05-03,4.28,4.54,4.27,10553590.0,0.22,5.15,4.368,4.493,4.829,7265275.45,8693445.83,6815313.34,4.49
2018-05-04,4.45,4.5,4.39,5418759.0,-0.08,-1.78,4.352,4.469,4.784,6945214.05,8075756.83,6869210.54,4.41
2018-05-07,4.44,4.54,4.43,5761375.5,0.09,2.04,4.398,4.454,4.75,6376728.75,7937614.83,6858525.36,4.5
2018-05-08,4.5,4.62,4.48,6408660.0,0.08,1.78,4.45,4.463,4.723,6438693.35,7769151.28,6970981.86,4.58
2018-05-09,4.56,4.57,4.51,3838760.25,-0.02,-0.44,4.508,4.451,4.696,6396228.95,6835132.1,6907426.55,4.56
2018-05-10,4.57,4.61,4.44,5175899.5,-0.07,-1.53,4.508,4.438,4.658,5320690.85,6292983.15,6845763.9,4.49
2018-05-11,4.5,4.5,4.41,3929527.75,-0.07,-1.56,4.51,4.431,4.617,5022844.6,5984029.33,6806491.16,4.42
2018-05-14,4.45,4.52,4.43,4948063.5,0.06,1.36,4.506,4.452,4.58,4860182.2,5618455.48,6885539.18,4.48
2018-05-15,4.5,4.51,4.39,4643096.5,-0.03,-0.67,4.48,4.465,4.54,4507069.5,5472881.43,6935067.66,4.45
2018-05-16,4.41,4.42,4.34,4569628.0,-0.09,-2.02,4.44,4.474,4.504,4653243.05,5524736.0,6899216.09,4.36
2018-05-17,4.34,4.39,4.34,2311556.25,-0.01,-0.23,4.412,4.46,4.477,4080374.4,4700532.63,6696989.23,4.35
2018-05-18,4.35,4.35,4.28,3361105.0,-0.01,-0.23,4.396,4.453,4.461,3966689.85,4494767.23,6285262.03,4.34
2018-05-21,4.41,4.44,4.37,4333989.0,0.07,1.61,4.382,4.444,4.449,3843874.95,4352028.58,6144821.7,4.41
2018-05-22,4.41,4.41,4.35,2769504.25,-0.02,-0.45,4.37,4.425,4.444,3469156.5,3988113.0,5878632.14,4.39
2018-05-23,4.37,4.37,4.28,3695281.25,-0.11,-2.51,4.354,4.397,4.424,3294287.15,3973765.1,5404448.6,4.28
2018-05-24,4.27,4.32,4.23,3412143.0,-0.04,-0.94,4.332,4.372,4.405,3514404.5,3797389.45,5045186.3,4.24
2018-05-25,4.23,4.24,4.1,5813849.0,-0.12,-2.83,4.288,4.342,4.387,4004953.3,3985821.58,4984925.45,4.12
2018-05-28,4.12,4.14,4.0,4137319.25,-0.07,-1.7,4.216,4.299,4.376,3965619.35,3904747.15,4761601.31,4.05
2018-05-29,4.04,4.13,4.02,3011997.5,0.03,0.74,4.154,4.262,4.364,4014118.0,3741637.25,4607259.34,4.08
2018-05-30,4.0,4.02,3.9,5555967.5,-0.16,-3.92,4.082,4.218,4.346,4386255.25,3840271.2,4682503.6,3.92
2018-05-31,3.95,4.15,3.85,8995729.0,0.2,5.1,4.058,4.195,4.328,5502972.45,4508688.48,4604610.55,4.12
2018-06-01,4.08,4.11,4.01,4571939.5,-0.08,-1.94,4.042,4.165,4.309,5254590.55,4629771.93,4562269.58,4.04
2018-06-04,4.07,4.14,4.04,3970417.5,0.04,0.99,4.048,4.132,4.288,5221210.2,4593414.78,4472721.68,4.08
2018-06-05,4.09,4.22,4.06,5789527.0,0.11,2.7,4.07,4.112,4.269,5776716.1,4895417.05,4441765.03,4.19
2018-06-06,4.17,4.18,4.12,3357767.25,-0.05,-1.19,4.114,4.098,4.248,5337076.05,4861665.65,4417715.38,4.14
2018-06-07,4.15,4.2,4.12,3380940.75,-0.01,-0.24,4.116,4.087,4.23,4214118.4,4858545.43,4327967.44,4.13
2018-06-08,4.11,4.12,4.01,3855835.75,-0.09,-2.18,4.116,4.079,4.211,4070897.65,4662744.1,4324282.84,4.04
2018-06-11,4.02,4.08,3.98,3424496.75,-0.03,-0.74,4.102,4.075,4.187,3961713.5,4591461.85,4248104.5,4.01
2018-06-12,4.03,4.08,3.98,3152861.5,0.05,1.25,4.076,4.073,4.168,3434380.4,4605548.25,4173592.75,4.06
2018-06-13,4.03,4.06,3.98,2957686.0,-0.07,-1.72,4.046,4.08,4.149,3354364.15,4345720.1,4092995.65,3.99
2018-06-14,3.96,4.04,3.95,2648563.0,-0.01,-0.25,4.016,4.066,4.131,3207888.6,3711003.5,4109845.99,3.98
2018-06-15,3.99,4.01,3.89,3725905.5,-0.07,-1.76,3.99,4.053,4.109,3181902.55,3626400.1,4128086.01,3.91
2018-06-19,3.78,3.84,3.53,9718939.0,-0.34,-8.7,3.902,4.002,4.067,4440791.0,4201252.25,4397333.51,3.57
2018-06-20,3.58,3.65,3.5,5463144.5,0.03,0.84,3.81,3.943,4.028,4902847.6,4168614.0,4532015.53,3.6
2018-06-21,3.6,3.62,3.41,5707563.5,-0.18,-5.0,3.696,3.871,3.985,5452823.1,4403593.63,4632629.64,3.42
2018-06-22,3.38,3.5,3.31,4717452.0,0.04,1.17,3.592,3.804,3.946,5866600.9,4537244.75,4697895.09,3.46
2018-06-25,3.48,3.51,3.41,3606621.75,-0.04,-1.16,3.494,3.742,3.911,5842744.15,4512323.35,4587533.73,3.42
2018-06-26,3.32,3.48,3.29,4509463.5,0.09,2.67,3.472,3.687,3.881,4800849.05,4620820.03,4606140.94,3.46
2018-06-27,3.44,3.48,3.37,3547198.0,-0.08,-2.31,3.428,3.619,3.846,4417659.75,4660253.68,4632900.96,3.38
2018-06-28,3.38,3.49,3.37,4536289.5,0.03,0.89,3.426,3.561,3.821,4183404.95,4818114.03,4581917.06,3.41
2018-06-29,3.43,3.55,3.42,5489242.0,0.13,3.81,3.442,3.517,3.792,4337762.95,5102181.93,4406592.71,3.54
2018-07-02,3.53,3.53,3.41,4259222.5,-0.1,-2.83,3.446,3.47,3.762,4468283.1,5155513.63,4390956.86,3.44
2018-07-03,3.46,3.51,3.36,4872046.5,0.05,1.45,3.452,3.462,3.732,4540799.7,4670824.38,4436038.31,3.49
2018-07-04,3.46,3.46,3.37,3735599.0,-0.1,-2.87,3.454,3.441,3.692,4578479.9,4498069.83,4333341.91,3.39
2018-07-05,3.38,3.41,3.28,4001817.25,-0.09,-2.65,3.432,3.429,3.65,4471585.45,4327495.2,4365544.41,3.3
2018-07-06,3.32,3.38,3.23,5055356.0,0.02,0.61,3.388,3.415,3.61,4384808.25,4361285.6,4449265.18,3.32
2018-07-09,3.32,3.43,3.31,4336843.5,0.1,3.01,3.384,3.415,3.579,4400332.45,4434307.78,4473315.56,3.42
2018-07-10,3.42,3.46,3.4,3459164.5,0.02,0.58,3.374,3.413,3.55,4117756.05,4329277.88,4475048.95,3.44
2018-07-11,3.37,3.37,3.3,4050163.5,-0.12,-3.49,3.36,3.407,3.513,4180668.95,4379574.43,4519914.05,3.32
2018-07-12,3.34,3.65,3.34,12755386.0,0.29,8.73,3.422,3.427,3.494,5931382.7,5201484.08,5009799.05,3.61
2018-07-13,3.57,3.6,3.52,6700695.5,-0.05,-1.39,3.47,3.429,3.473,6260450.6,5322629.43,5212405.68,3.56
2018-07-16,3.57,3.65,3.55,5493879.0,0.03,0.84,3.504,3.444,3.457,6491857.7,5446095.08,5300804.35,3.59
2018-07-17,3.6,3.61,3.49,4300418.0,-0.03,-0.84,3.528,3.451,3.457,6660108.4,5388932.23,5029878.3,3.56
2018-07-18,3.6,3.62,3.52,3941338.0,-0.04,-1.12,3.568,3.464,3.453,6638343.3,5409506.13,4953787.98,3.52
2018-07-19,3.53,3.55,3.45,3748675.5,-0.04,-1.14,3.542,3.482,3.456,4837001.2,5384191.95,4855843.58,3.48
2018-07-20,3.47,3.56,3.42,4805611.5,0.06,1.72,3.538,3.504,3.46,4457984.4,5359217.5,4860251.55,3.54
2018-07-23,3.51,3.64,3.5,6415284.5,0.09,2.54,3.546,3.525,3.47,4642265.5,5567061.6,5000684.69,3.63
2018-07-24,3.66,3.87,3.63,11207657.0,0.19,5.23,3.598,3.563,3.488,6023713.3,6341910.85,5335594.36,3.82
2018-07-25,3.81,3.86,3.77,5586479.5,-0.03,-0.79,3.652,3.61,3.509,6352741.6,6495542.45,5437558.44,3.79
2018-07-26,3.8,3.84,3.71,5120143.5,-0.05,-1.32,3.704,3.623,3.525,6627035.2,5732018.2,5466751.14,3.74
2018-07-27,3.72,3.76,3.68,3154201.25,-0.03,-0.8,3.738,3.638,3.534,6296753.15,5377368.78,5349999.1,3.71
2018-07-30,3.71,3.79,3.69,3903208.25,0.03,0.81,3.76,3.653,3.549,5794337.9,5218301.7,5332198.39,3.74
2018-07-31,3.72,3.79,3.72,3118367.0,0.02,0.54,3.748,3.673,3.562,4176479.9,5100096.6,5244514.41,3.76
2018-08-01,3.77,3.78,3.58,5825175.5,-0.17,-4.52,3.708,3.68,3.572,4224219.1,5288480.35,5348993.24,3.59
2018-08-02,3.57,3.57,3.4,5298530.0,-0.08,-2.23,3.662,3.683,3.583,4259896.4,5443465.8,5413828.88,3.51
2018-08-03,3.51,3.53,3.43,2749556.25,-0.06,-1.71,3.61,3.674,3.589,4178967.4,5237860.28,5298538.89,3.45
2018-08-06,3.43,3.5,3.41,3318851.5,0.02,0.58,3.556,3.658,3.592,4062096.05,4928216.98,5247639.29,3.47
2018-08-07,3.48,3.58,3.45,4245265.5,0.11,3.17,3.52,3.634,3.599,4287475.75,4231977.83,5286944.34,3.58
2018-08-08,3.57,3.58,3.47,3417846.75,-0.1,-2.79,3.498,3.603,3.607,3806010.0,4015114.55,5255328.5,3.48
2018-08-09,3.46,3.67,3.44,6768185.5,0.13,3.74,3.518,3.59,3.607,4099941.1,4179918.75,4955968.48,3.61
2018-08-10,3.6,3.62,3.56,3624006.0,0.0,0.0,3.55,3.58,3.609,4274831.05,4226899.23,4802134.0,3.61
2018-08-13,3.55,3.67,3.53,5093676.0,0.05,1.39,3.588,3.572,3.613,4629795.95,4345946.0,4782123.85,3.66
2018-08-14,3.63,3.66,3.6,3527390.5,-0.04,-1.09,3.596,3.558,3.616,4486220.95,4386848.35,4743472.48,3.62
2018-08-15,3.63,3.67,3.53,4122486.5,-0.08,-2.21,3.608,3.553,3.617,4627148.9,4216579.45,4752529.9,3.54
2018-08-16,3.48,3.59,3.46,3837643.5,-0.02,-0.56,3.59,3.554,3.619,4041040.5,4070490.8,4756978.3,3.52
2018-08-17,3.56,3.58,3.48,2775811.5,-0.03,-0.85,3.566,3.558,3.616,3871401.6,4073116.33,4655488.3,3.49
2018-08-20,3.51,3.56,3.47,3276763.5,0.06,1.72,3.544,3.566,3.612,3508019.1,4068907.53,4498562.25,3.55
2018-08-21,3.55,3.59,3.53,3536168.25,0.02,0.56,3.534,3.565,3.6,3509774.65,3997997.8,4114987.81,3.57
2018-08-22,3.56,3.56,3.5,2245938.75,-0.06,-1.68,3.528,3.568,3.586,3134465.1,3880807.0,3947960.78,3.51
2018-08-23,3.52,3.59,3.5,3583501.0,0.05,1.43,3.536,3.563,3.577,3083636.6,3562338.55,3871128.65,3.56
2018-08-24,3.54,3.58,3.52,2370511.75,-0.02,-0.56,3.546,3.556,3.568,3002576.65,3436989.13,3831944.18,3.54
2018-08-27,3.58,3.76,3.57,8333766.5,0.18,5.08,3.58,3.562,3.567,4013977.25,3760998.18,4053472.09,3.72
2018-08-28,3.66,3.71,3.64,5636896.0,-0.03,-0.81,3.604,3.569,3.564,4434122.8,3971948.73,4179398.54,3.69
2018-08-29,3.68,3.69,3.57,6358621.0,-0.11,-2.98,3.618,3.573,3.563,5256659.25,4195562.18,4206070.81,3.58
2018-08-30,3.56,3.57,3.4,8718521.0,-0.16,-4.47,3.59,3.563,3.559,6283663.25,4683649.93,4377070.36,3.42
2018-08-31,3.39,3.43,3.36,3228372.25,-0.01,-0.29,3.564,3.555,3.557,6455235.35,4728906.0,4401011.16,3.41
2018-09-03,3.39,3.39,3.32,3246059.0,-0.03,-0.88,3.496,3.538,3.552,5437693.85,4725835.55,4397371.54,3.38
2018-09-04,3.39,3.42,3.36,2588018.25,0.03,0.89,3.44,3.522,3.544,4827918.3,4631020.55,4314509.18,3.41
2018-09-05,3.38,3.4,3.33,2352244.25,-0.07,-2.05,3.392,3.505,3.537,4026642.95,4641651.1,4261229.05,3.34
2018-09-06,3.33,3.38,3.31,2569765.75,-0.01,-0.3,3.374,3.482,3.523,2796891.9,4540277.58,4051308.06,3.33
2018-09-07,3.33,3.37,3.29,2863764.75,-0.02,-0.6,3.354,3.459,3.508,2723970.4,4589602.88,4013296.0,3.31
2018-09-10,3.3,3.31,3.2,3323164.25,-0.1,-3.02,3.32,3.408,3.485,2739391.45,4088542.65,3924770.41,3.21
2018-09-11,3.21,3.26,3.2,2353080.75,0.03,0.94,3.286,3.363,3.466,2692403.95,3760161.13,3866054.93,3.24
2018-09-12,3.24,3.26,3.22,1777513.88,-0.01,-0.31,3.264,3.328,3.451,2577457.88,3302050.41,3748806.29,3.23
2018-09-13,3.27,3.28,3.21,2209670.0,0.01,0.31,3.246,3.31,3.437,2505438.73,2651165.31,3667407.62,3.24
2018-09-14,3.25,3.26,3.21,2029335.38,-0.02,-0.62,3.228,3.291,3.423,2338552.85,2531261.63,3630083.81,3.22
2018-09-17,3.19,3.19,3.07,4064131.75,-0.14,-4.35,3.202,3.261,3.4,2486746.35,2613068.9,3669452.23,3.08
2018-09-18,3.05,3.14,3.05,3425683.0,0.05,1.62,3.18,3.233,3.378,2701266.8,2696835.38,3663927.96,3.13
2018-09-19,3.1,3.2,3.09,3788258.5,0.03,0.96,3.166,3.215,3.36,3103415.73,2840436.8,3741043.95,3.16
2018-09-20,3.16,3.19,3.14,2222342.0,-0.01,-0.32,3.148,3.197,3.34,3105950.13,2805694.43,3672986.0,3.15
2018-09-21,3.16,3.25,3.15,4321621.0,0.09,2.86,3.152,3.19,3.325,3564407.25,2951480.05,3770541.46,3.24
2018-09-25,3.21,3.21,3.17,2338310.25,-0.05,-1.54,3.174,3.188,3.298,3219242.95,2852994.65,3470768.65,3.19
2018-09-26,3.19,3.24,3.16,3485731.5,0.01,0.31,3.188,3.184,3.274,3231252.65,2966259.73,3363210.43,3.2
2018-09-27,3.19,3.2,3.12,2939162.0,-0.07,-2.19,3.182,3.174,3.251,3061433.35,3082424.54,3192237.48,3.13
2018-09-28,3.14,3.17,3.13,2467221.5,0.02,0.64,3.182,3.165,3.238,3110409.25,3108179.69,2879672.5,3.15
2018-10-08,3.08,3.1,3.01,4495619.5,-0.13,-4.13,3.138,3.145,3.218,3145208.95,3354808.1,2943034.86,3.02
2018-10-09,3.03,3.05,3.01,2033406.75,0.01,0.33,3.106,3.14,3.201,3084228.25,3151735.6,2882402.25,3.03
2018-10-10,3.02,3.05,2.98,2451729.0,-0.02,-0.66,3.068,3.128,3.181,2877427.75,3054340.2,2875587.79,3.01
2018-10-11,2.91,2.91,2.71,7696688.5,-0.28,-9.3,2.988,3.085,3.15,3828933.05,3445183.2,3142810.0,2.73
2018-10-12,2.7,2.72,2.58,5518713.5,-0.04,-1.47,2.896,3.039,3.118,4439231.45,3774820.35,3290257.39,2.69
2018-10-15,2.71,2.75,2.66,3085136.25,-0.02,-0.74,2.826,2.982,3.086,4157134.8,3651171.88,3301325.96,2.67
2018-10-16,2.67,2.71,2.6,2877777.25,-0.05,-1.87,2.744,2.925,3.057,4326008.9,3705118.58,3279056.61,2.62
2018-10-17,2.66,2.72,2.64,4290348.0,0.09,3.44,2.684,2.876,3.03,4693732.7,3785580.23,3375919.98,2.71
2018-10-18,2.69,2.69,2.63,3428981.75,-0.06,-2.21,2.668,2.828,3.001,3840191.35,3834562.2,3458493.37,2.65
2018-10-19,2.61,2.73,2.6,4823984.0,0.07,2.64,2.674,2.785,2.975,3701245.45,4070238.45,3589209.07,2.72
2018-10-22,2.74,2.92,2.73,7052841.5,0.16,5.88,2.716,2.771,2.958,4494786.5,4325960.65,3840384.38,2.88
2018-10-23,2.87,2.88,2.78,4935786.0,-0.08,-2.78,2.752,2.748,2.944,4906388.25,4616198.58,3883967.09,2.8
2018-10-24,2.78,2.85,2.77,3626236.75,-0.01,-0.36,2.768,2.726,2.927,4773566.0,4733649.35,3893994.78,2.79
2018-10-25,2.69,2.79,2.66,3585590.75,-0.01,-0.36,2.794,2.731,2.908,4804887.8,4322539.58,3883861.39,2.78
2018-10-26,2.8,2.83,2.76,3256251.0,0.01,0.36,2.808,2.741,2.89,4491341.2,4096293.33,3935556.84,2.79
2018-10-29,2.8,2.82,2.76,2768614.75,-0.02,-0.72,2.786,2.751,2.867,3634495.85,4064641.18,3857906.53,2.77
2018-10-30,2.64,2.75,2.61,4715201.0,-0.07,-2.53,2.766,2.759,2.842,3590378.85,4248383.55,3976751.06,2.7
2018-10-31,2.7,2.77,2.7,3242664.0,0.05,1.85,2.758,2.763,2.82,3513664.3,4143615.15,3964597.69,2.75
2018-11-01,2.77,2.91,2.76,7103554.0,0.07,2.54,2.766,2.78,2.804,4217256.95,4511072.38,4172817.29,2.82
2018-11-02,2.9,2.94,2.85,6842464.0,0.07,2.48,2.786,2.797,2.791,4934499.55,4712920.38,4391579.41,2.89
2018-11-05,2.86,2.9,2.82,4997750.5,-0.04,-1.38,2.802,2.794,2.783,5380326.7,4507411.28,4416685.96,2.85
2018-11-06,2.85,2.89,2.83,3886708.5,0.03,1.05,2.838,2.802,2.775,5214628.2,4402503.53,4509351.05,2.88
2018-11-07,2.86,2.88,2.83,3683890.5,-0.04,-1.39,2.856,2.807,2.767,5302873.5,4408268.9,4570959.13,2.84
2018-11-08,2.87,2.87,2.82,2448781.5,-0.02,-0.7,2.856,2.811,2.771,4371919.0,4294587.98,4308563.78,2.82
2018-11-09,2.82,2.85,2.78,2622019.25,-0.03,-1.06,2.836,2.811,2.776,3527830.05,4231164.8,4163729.06,2.79
2018-11-12,2.77,2.91,2.76,5337387.0,0.11,3.94,2.846,2.824,2.788,3595757.35,4488042.03,4276341.6,2.9
2018-11-13,2.86,2.95,2.85,6534215.5,0.04,1.38,2.858,2.848,2.804,4125258.75,4669943.48,4459163.51,2.94
2018-11-14,2.92,2.94,2.87,5914025.0,-0.05,-1.7,2.868,2.862,2.813,4571285.65,4937079.58,4540347.36,2.89
2018-11-15,2.88,2.94,2.87,5627017.5,0.04,1.38,2.89,2.873,2.827,5206932.85,4789425.93,4650249.15,2.93
2018-11-16,2.94,2.97,2.9,5945810.5,0.01,0.34,2.92,2.878,2.838,5871691.1,4699760.58,4706340.48,2.94
2018-11-19,2.93,2.94,2.89,3740289.25,-0.02,-0.68,2.924,2.885,2.84,5552271.55,4574014.45,4540712.86,2.92
2018-11-20,2.88,2.9,2.81,5020577.0,-0.1,-3.42,2.9,2.879,2.841,5249543.85,4687401.3,4544952.41,2.82
2018-11-21,2.79,2.82,2.77,3712864.0,0.0,0.0,2.886,2.877,2.842,4809311.65,4690298.65,4549283.78,2.82
2018-11-22,2.82,2.82,2.78,2426930.0,-0.02,-0.71,2.86,2.875,2.843,4169294.15,4688113.5,4491350.74,2.8
2018-11-23,2.79,2.8,2.7,3527520.75,-0.09,-3.21,2.814,2.867,2.839,3685636.2,4778663.65,4504914.23,2.71
2018-11-26,2.71,2.74,2.7,1832816.12,0.0,0.0,2.772,2.848,2.836,3304141.57,4428206.56,4458124.29,2.71
2018-11-27,2.73,2.75,2.71,1663323.62,0.02,0.74,2.754,2.827,2.838,2632690.9,3941117.37,4305530.42,2.73
2018-11-28,2.73,2.83,2.7,5148415.5,0.1,3.66,2.756,2.821,2.842,2919801.2,3864556.42,4400818.0,2.83
2018-11-29,2.84,2.84,2.75,3421294.0,-0.08,-2.83,2.746,2.803,2.838,3118674.0,3643984.07,4216705.0,2.75
2018-11-30,2.74,2.79,2.72,2299191.75,0.03,1.09,2.76,2.787,2.833,2873008.2,3279322.2,3989541.39,2.78
2018-12-03,2.87,2.88,2.83,4624272.0,0.07,2.52,2.788,2.78,2.833,3431299.37,3367720.47,3970867.46,2.85
2018-12-04,2.84,2.85,2.81,2870891.0,-0.01,-0.35,2.81,2.782,2.831,3672812.85,3152751.87,3920076.59,2.84
2018-12-05,2.79,2.82,2.78,2272128.0,-0.04,-1.41,2.804,2.78,2.829,3097555.35,3008678.27,3849488.46,2.8
2018-12-06,2.77,2.79,2.73,2654656.25,-0.06,-2.14,2.802,2.774,2.825,2944227.8,3031450.9,3859782.2,2.74
2018-12-07,2.74,2.76,2.73,1289872.88,0.01,0.36,2.796,2.778,2.823,2742364.03,2807686.11,3793174.88,2.75
2018-12-10,2.73,2.74,2.71,1759427.5,-0.03,-1.09,2.77,2.779,2.814,2169395.13,2800347.25,3614276.91,2.72
2018-12-11,2.74,2.74,2.72,1304717.0,0.02,0.73,2.75,2.78,2.804,1856160.33,2764486.59,3352801.98,2.74
2018-12-12,2.75,2.76,2.73,1092708.38,0.0,0.0,2.738,2.771,2.796,1620276.4,2358915.88,3111736.15,2.74
2018-12-13,2.75,2.81,2.72,2915403.25,0.04,1.46,2.746,2.774,2.789,1672425.8,2308326.8,2976155.44,2.78
2018-12-14,2.77,2.78,2.72,2052476.75,-0.05,-1.8,2.742,2.769,2.778,1824946.58,2283655.3,2781488.75,2.73
2018-12-17,2.72,2.73,2.7,2016829.0,-0.01,-0.37,2.742,2.756,2.768,1876426.88,2022911.0,2695315.74,2.72
2018-12-18,2.71,2.73,2.68,2229097.5,-0.02,-0.73,2.734,2.742,2.762,2061302.98,1958731.65,2555741.76,2.7
2018-12-19,2.7,2.71,2.67,1441871.62,-0.02,-0.74,2.722,2.73,2.755,2131135.62,1875706.01,2442192.14,2.68
2018-12-20,2.68,2.69,2.65,1865135.5,-0.01,-0.37,2.7,2.723,2.749,1921082.07,1796753.94,2414102.42,2.67
2018-12-21,2.66,2.67,2.6,5003167.5,-0.07,-2.62,2.674,2.708,2.743,2511220.22,2168083.4,2487884.76,2.6
2018-12-24,2.6,2.63,2.6,1756792.0,0.02,0.77,2.654,2.698,2.739,2459212.82,2167819.85,2484083.55,2.62
2018-12-25,2.59,2.6,2.52,3293273.5,-0.04,-1.53,2.63,2.682,2.731,2672048.02,2366675.5,2565581.04,2.58
2018-12-26,2.57,2.65,2.56,3251385.0,0.05,1.94,2.62,2.671,2.721,3033950.7,2582543.16,2470729.52,2.63
2018-12-27,2.67,2.69,2.62,3291532.5,0.0,0.0,2.612,2.656,2.715,3319230.1,2620156.09,2464241.44,2.63
2018-12-28,2.63,2.66,2.62,1725151.88,0.0,0.0,2.618,2.646,2.708,2663626.98,2587423.6,2435539.45,2.63
2019-01-02,2.64,2.65,2.58,2000780.38,-0.05,-1.9,2.61,2.632,2.694,2712424.65,2585818.74,2304364.87,2.58
2019-01-03,2.58,2.62,2.57,1687637.25,0.0,0.0,2.61,2.62,2.681,2391297.4,2531672.71,2245202.18,2.58
2019-01-04,2.56,2.65,2.54,3203348.5,0.05,1.94,2.61,2.615,2.673,2381690.1,2707820.4,2291763.21,2.63
2019-01-07,2.65,2.67,2.62,3374437.5,0.03,1.14,2.616,2.614,2.669,2398271.1,2858750.6,2327752.27,2.66
2019-01-08,2.65,2.76,2.62,5514066.0,0.05,1.88,2.632,2.625,2.667,3156053.93,2909840.45,2538961.93,2.71
2019-01-09,2.69,2.75,2.68,4506262.5,-0.02,-0.74,2.654,2.632,2.665,3657150.35,3184787.5,2676303.68,2.69
2019-01-10,2.68,2.69,2.66,2546221.75,-0.02,-0.74,2.672,2.641,2.662,3828867.25,3110082.33,2738378.91,2.67
2019-01-11,2.69,2.7,2.66,2273653.5,0.01,0.38,2.682,2.646,2.659,3642928.25,3012309.18,2797426.17,2.68
2019-01-14,2.68,2.73,2.65,3454256.0,0.03,1.12,2.692,2.654,2.655,3658891.95,3028581.53,2824368.81,2.71
2019-01-15,2.7,2.72,2.68,2800432.25,0.0,0.0,2.692,2.662,2.654,3116165.2,3136109.56,2861766.58,2.71
2019-01-16,2.71,2.72,2.66,3028128.25,-0.04,-1.48,2.688,2.671,2.652,2820538.35,3238844.35,2912331.54,2.67
2019-01-17,2.67,2.71,2.65,2743118.0,0.0,0.0,2.688,2.68,2.65,2859917.6,3344392.43,2938032.57,2.67
2019-01-18,2.67,2.71,2.67,2714486.5,0.03,1.12,2.692,2.687,2.651,2948084.2,3295506.23,3001663.31,2.7
2019-01-21,2.7,2.74,2.69,3175531.75,0.01,0.37,2.692,2.692,2.653,2892339.35,3275615.65,3067183.13,2.71
2019-01-22,2.7,2.7,2.65,2584462.0,-0.05,-1.84,2.682,2.687,2.656,2849145.3,2982655.25,2946247.85,2.66
2019-01-23,2.66,2.67,2.63,1979451.38,-0.01,-0.38,2.678,2.683,2.658,2639409.93,2729974.14,2957380.82,2.65
2019-01-24,2.65,2.67,2.62,2363643.0,0.0,0.0,2.674,2.681,2.661,2563514.93,2711716.26,2910899.29,2.65
2019-01-25,2.65,2.67,2.63,2265893.0,-0.01,-0.38,2.662,2.677,2.662,2473796.23,2710940.21,2861624.69,2.64
2019-01-28,2.66,2.69,2.65,2568918.0,0.01,0.38,2.65,2.671,2.663,2352473.48,2622406.41,2825493.97,2.65
2019-01-29,2.64,2.64,2.6,2435332.5,-0.03,-1.13,2.642,2.662,2.662,2322647.58,2585896.44,2861003.0,2.62
2019-01-30,2.61,2.63,2.6,1470330.12,-0.02,-0.76,2.632,2.655,2.663,2220823.32,2430116.63,2834480.49,2.6
2019-01-31,2.61,2.62,2.54,3473199.25,-0.04,-1.54,2.614,2.644,2.662,2442734.57,2503124.75,2923758.59,2.56
2019-02-01,2.56,2.62,2.56,2772292.75,0.06,2.34,2.61,2.636,2.662,2544014.52,2508905.38,2902205.8,2.62
2019-02-11,2.62,2.74,2.61,6559266.5,0.12,4.58,2.628,2.639,2.666,3342084.22,2847278.85,3061447.25,2.74
2019-02-12,2.74,3.01,2.72,20707948.0,0.27,9.85,2.706,2.674,2.681,6996607.32,4659627.45,3821141.35,3.01
2019-02-13,3.15,3.31,3.13,15566514.0,0.3,9.97,2.848,2.74,2.712,9815844.1,6018333.71,4374153.93,3.31
2019-02-14,3.64,3.64,3.39,39905768.0,0.22,6.65,3.042,2.828,2.755,17102357.85,9772546.21,6242131.24,3.53
2019-02-15,3.46,3.67,3.45,26776414.0,0.05,1.42,3.234,2.922,2.8,21903182.1,12223598.31,7467269.26,3.58
2019-02-18,3.62,3.89,3.47,32774686.0,0.2,5.59,3.442,3.035,2.853,27146266.0,15244175.11,8933290.76,3.78
2019-02-19,3.73,3.84,3.66,23722560.0,-0.02,-0.53,3.592,3.149,2.906,27749188.4,17372897.86,9979397.15,3.76
2019-02-20,3.69,3.93,3.67,23183550.0,0.07,1.86,3.696,3.272,2.964,29272595.6,19544219.85,10987168.24,3.83
2019-02-21,3.8,3.92,3.72,20802396.0,-0.08,-2.09,3.74,3.391,3.018,25451921.2,21277139.53,11890132.14,3.75
2019-02-22,3.71,3.84,3.7,16048657.0,0.06,1.6,3.786,3.51,3.073,23306369.8,22604775.95,12556840.66,3.81
2019-02-25,4.0,4.19,3.91,24402202.0,0.38,9.97,3.868,3.655,3.147,21631873.0,24389069.5,13618174.18,4.19
2019-02-26,4.4,4.61,4.19,40348604.0,0.21,5.01,3.996,3.794,3.234,24957081.8,26353135.1,15506381.28,4.4
2019-02-27,4.37,4.45,4.03,29423734.0,-0.26,-5.91,4.058,3.877,3.309,26205118.6,27738857.1,16878595.41,4.14
2019-02-28,4.17,4.21,4.0,17658392.0,-0.07,-1.69,4.122,3.931,3.38,25576317.8,25514119.5,17643332.86,4.07
2019-03-01,4.1,4.28,4.01,18761864.0,0.21,5.16,4.216,4.001,3.462,26118959.2,24712664.5,18468131.41,4.28
2019-03-04,4.42,4.49,4.26,24078508.0,0.04,0.94,4.242,4.055,3.545,26054220.4,23843046.7,19543610.91,4.32
2019-03-05,4.28,4.45,4.21,18634662.0,0.1,2.31,4.246,4.121,3.635,21711432.0,23334256.9,20353577.38,4.42
2019-03-06,4.27,4.33,4.13,31024272.0,-0.12,-2.71,4.278,4.168,3.72,22031539.6,24118329.1,21831274.48,4.3
2019-03-07,4.21,4.31,4.16,20347554.0,-0.1,-2.33,4.304,4.213,3.802,22569372.0,24072844.9,22674992.21,4.2
2019-03-08,4.05,4.24,4.01,19626222.0,-0.18,-4.29,4.252,4.234,3.872,22742243.6,24430601.4,23517688.68,4.02
2019-03-11,4.05,4.18,3.96,18049292.0,0.12,2.98,4.216,4.229,3.942,21536400.4,23795310.4,24092189.95,4.14
2019-03-12,4.14,4.17,4.07,15541505.0,-0.02,-0.48,4.156,4.201,3.998,20917769.0,21314600.5,23833867.8,4.12
2019-03-13,4.1,4.1,3.9,14411560.0,-0.19,-4.61,4.082,4.18,4.029,17595226.6,19813383.1,23776120.1,3.93
2019-03-14,3.9,3.96,3.77,11821545.0,-0.12,-3.05,4.004,4.154,4.043,15890024.8,19229698.4,22371908.95,3.81
2019-03-15,3.85,3.88,3.78,8099434.0,0.01,0.26,3.964,4.108,4.055,13584667.2,18163455.4,21438059.95,3.82
2019-03-18,3.82,3.87,3.74,10994577.0,0.05,1.31,3.91,4.063,4.059,12173724.2,16855062.3,20349054.5,3.87
2019-03-19,3.86,4.02,3.84,12597477.0,0.08,2.07,3.876,4.016,4.069,11584918.6,16251343.8,19792800.35,3.95
2019-03-20,3.95,3.95,3.84,7871728.5,-0.04,-1.01,3.872,3.977,4.073,10276952.3,13936089.45,19027209.28,3.91
2019-03-21,3.9,3.99,3.88,9658699.0,0.02,0.51,3.896,3.95,4.082,9844383.1,12867203.95,18470024.43,3.93
2019-03-22,4.08,4.12,3.98,15736603.0,0.14,3.56,3.946,3.955,4.095,11371816.9,12478242.05,18454421.73,4.07
2019-03-25,3.99,4.19,3.96,14541317.0,-0.02,-0.49,3.982,3.946,4.088,12081164.9,12127444.55,17961377.48,4.05
2019-03-26,4.03,4.06,3.82,12484652.0,-0.2,-4.94,3.962,3.919,4.06,12058599.9,11821759.25,16568179.88,3.85
2019-03-27,3.85,3.88,3.73,7046765.0,-0.05,-1.3,3.94,3.906,4.043,11893607.2,11085279.75,15449331.43,3.8
2019-03-28,3.78,3.93,3.75,6992752.5,0.02,0.53,3.918,3.907,4.031,11360417.9,10602400.5,14916049.45,3.82
2019-03-29,3.81,3.92,3.74,8852915.0,0.08,2.09,3.884,3.915,4.012,9983680.3,10677748.6,14420602.0,3.9
2019-04-01,3.91,4.04,3.91,11090314.0,0.11,2.82,3.876,3.929,3.996,9293479.7,10687322.3,13771192.3,4.01
2019-04-02,4.02,4.04,3.96,8073794.5,-0.04,-1.0,3.9,3.931,3.974,8411308.2,10234954.05,13243148.93,3.97
2019-04-03,3.94,3.97,3.91,7036189.5,0.0,0.0,3.934,3.937,3.957,8409193.1,10151400.15,12043744.8,3.97
2019-04-04,3.99,4.03,3.93,8383227.0,0.01,0.25,3.966,3.942,3.946,8687288.0,10023852.95,11445528.45,3.98
2019-04-08,4.01,4.01,3.84,9858561.0,-0.1,-2.51,3.962,3.923,3.939,8888417.2,9436048.75,10957145.4,3.88
2019-04-09,3.86,3.91,3.83,4836221.0,0.0,0.0,3.936,3.906,3.926,7637598.6,8465539.15,10296491.85,3.88
2019-04-10,3.86,3.98,3.81,8589190.0,0.04,1.03,3.926,3.913,3.916,7740677.7,8075992.95,9948876.1,3.92
2019-04-11,3.89,3.91,3.84,5603039.5,-0.08,-2.04,3.9,3.917,3.912,7454047.7,7931620.4,9508450.08,3.84
2019-04-12,3.85,3.87,3.81,3262610.25,-0.01,-0.26,3.87,3.918,3.913,6429924.35,7558606.18,9080503.34,3.83
2019-04-15,3.87,3.92,3.81,5364363.0,0.0,0.0,3.86,3.911,3.913,5531084.75,7209750.98,8943749.79,3.83
2019-04-16,3.8,3.9,3.78,6416818.0,0.06,1.57,3.862,3.899,3.914,5847204.15,6742401.38,8714861.84,3.89
2019-04-17,3.88,4.02,3.87,12903455.0,0.1,2.57,3.876,3.901,3.916,6710057.15,7225367.43,8730160.74,3.99
2019-04-18,4.0,4.01,3.92,6092278.0,-0.04,-1.0,3.898,3.899,3.918,6807904.85,7130976.28,8641188.21,3.95
2019-04-19,3.94,3.96,3.9,4813418.5,0.0,0.0,3.922,3.896,3.919,7118066.5,6773995.43,8398924.19,3.95
2019-04-22,3.98,4.0,3.93,7179158.0,0.0,0.0,3.946,3.903,3.913,7481025.5,6506055.13,7971051.94,3.95
2019-04-23,3.93,3.94,3.86,5217477.0,-0.09,-2.28,3.94,3.901,3.904,7241157.3,6544180.73,7504859.94,3.86
2019-04-24,3.87,4.1,3.82,15651944.0,0.22,5.7,3.958,3.917,3.915,7790855.1,7250456.13,7663224.54,4.08
2019-04-25,4.01,4.03,3.86,10758842.0,-0.21,-5.15,3.942,3.92,3.919,8724167.9,7766036.38,7848828.39,3.87
2019-04-26,3.82,3.91,3.81,5670327.0,-0.05,-1.29,3.916,3.919,3.919,8895549.6,8006808.05,7782707.11,3.82
2019-04-29,3.83,3.86,3.48,10156070.0,-0.25,-6.54,3.84,3.893,3.902,9490932.0,8485978.75,7847864.86,3.57
2019-04-30,3.56,3.64,3.53,4129162.0,0.03,0.84,3.788,3.864,3.882,9273269.0,8257213.15,7499807.26,3.6
2019-05-06,3.54,3.55,3.27,8572915.0,-0.28,-7.78,3.636,3.797,3.849,7857463.2,7824159.15,7524763.29,3.32
2019-05-07,3.35,3.43,3.32,4853223.0,0.06,1.81,3.538,3.74,3.82,6676339.4,7700253.65,7415614.96,3.38
2019-05-08,3.32,3.52,3.28,6477542.5,0.07,2.07,3.464,3.69,3.793,6837782.5,7866666.05,7320330.74,3.45
2019-05-09,3.4,3.49,3.37,3939555.75,-0.03,-0.87,3.434,3.637,3.77,5594479.65,7542705.83,7024380.48,3.42
2019-05-10,3.47,3.52,3.33,6189814.0,0.08,2.34,3.414,3.601,3.751,6006610.05,7639939.53,7092060.13,3.5
2019-05-13,3.46,3.48,3.4,4376904.0,-0.08,-2.29,3.434,3.535,3.726,5167407.85,6512435.53,6881445.83,3.42
2019-05-14,3.36,3.44,3.35,2703578.25,-0.03,-0.88,3.436,3.487,3.704,4737478.9,5706909.15,6736472.76,3.39
2019-05-15,3.42,3.44,3.39,3281138.5,0.03,0.89,3.43,3.447,3.683,4098198.1,5467990.3,6737399.18,3.42
2019-05-16,3.41,3.46,3.39,3085996.25,0.0,0.0,3.43,3.432,3.663,3927486.2,4760982.93,6623480.84,3.42
2019-05-17,3.42,3.44,3.3,4733690.0,-0.1,-2.92,3.394,3.404,3.634,3636261.4,4821435.73,6539324.44,3.32
2019-05-20,3.32,3.42,3.31,4776702.5,0.07,2.11,3.388,3.411,3.604,3716221.1,4441814.48,6132986.81,3.39
2019-05-21,3.38,3.51,3.36,6464863.5,0.08,2.36,3.404,3.42,3.58,4468478.15,4602978.53,6151616.09,3.47
2019-05-22,3.46,3.54,3.44,5037974.0,0.02,0.58,3.418,3.424,3.557,4819845.25,4459021.68,6162843.86,3.49
2019-05-23,3.47,3.47,3.38,3934886.0,-0.09,-2.58,3.414,3.422,3.53,4989623.2,4458554.7,6000630.26,3.4
2019-05-24,3.38,3.42,3.36,2136107.0,-0.02,-0.59,3.426,3.41,3.506,4470106.6,4053184.0,5846561.76,3.38
2019-05-27,3.4,3.53,3.37,5572410.0,0.14,4.14,3.452,3.42,3.478,4629248.1,4172734.6,5342585.06,3.52
2019-05-28,3.52,3.53,3.44,4664835.5,-0.04,-1.14,3.454,3.429,3.458,4269242.5,4368860.33,5037884.74,3.48
2019-05-29,3.44,3.5,3.42,3129539.5,-0.03,-0.86,3.446,3.432,3.44,3887555.6,4353700.43,4910845.36,3.45
2019-05-30,3.43,3.54,3.4,5685333.0,0.05,1.45,3.466,3.44,3.436,4237645.0,4613634.1,4687308.51,3.5
2019-05-31,3.46,3.49,3.42,3334066.0,-0.03,-0.86,3.478,3.452,3.428,4477236.8,4473671.7,4647553.71,3.44
2019-06-03,3.45,3.47,3.41,2783537.25,0.0,0.0,3.462,3.457,3.434,3919462.25,4274355.18,4358084.83,3.44
2019-06-04,3.44,3.44,3.35,3474553.25,-0.07,-2.04,3.44,3.447,3.434,3681405.8,3975324.15,4289151.34,3.37
2019-06-05,3.4,3.42,3.37,2526135.25,0.01,0.3,3.426,3.436,3.43,3560724.95,3724140.28,4091580.98,3.38
2019-06-06,3.38,3.39,3.3,2910998.75,-0.06,-1.77,3.39,3.428,3.425,3005858.1,3621751.55,4040153.13,3.32
2019-06-10,3.34,3.42,3.32,3481217.0,0.07,2.11,3.38,3.429,3.42,3035288.3,3756262.55,3904723.28,3.39
2019-06-11,3.39,3.5,3.35,6569525.0,0.1,2.95,3.39,3.426,3.423,3792485.85,3855974.05,4014354.33,3.49
2019-06-12,3.47,3.49,3.43,3290227.75,-0.04,-1.15,3.406,3.423,3.426,3755620.75,3718513.28,4043686.8,3.45
2019-06-13,3.43,3.47,3.43,2645796.5,-0.01,-0.29,3.418,3.422,3.427,3779553.0,3670138.98,4011919.7,3.44
2019-06-14,3.45,3.46,3.38,2678151.5,-0.05,-1.45,3.432,3.411,3.426,3732983.55,3369420.83,3991527.46,3.39
2019-06-17,3.39,3.4,3.36,1789785.62,-0.02,-0.59,3.428,3.404,3.428,3394697.27,3214992.79,3844332.24,3.37
2019-06-18,3.37,3.38,3.33,1930779.62,-0.02,-0.59,3.4,3.395,3.426,2466948.2,3129717.02,3702036.1,3.35
2019-06-19,3.44,3.46,3.37,3663128.0,0.03,0.9,3.386,3.396,3.422,2541528.25,3148574.5,3561949.32,3.38
2019-06-20,3.37,3.45,3.36,4178155.0,0.06,1.77,3.386,3.402,3.419,2847999.95,3313776.47,3518958.37,3.44
2019-06-21,3.46,3.52,3.44,6339080.5,0.06,1.74,3.408,3.42,3.424,3580185.75,3656584.65,3639168.1,3.5
2019-06-24,3.48,3.49,3.44,2689455.75,-0.05,-1.43,3.424,3.426,3.428,3760119.77,3577408.52,3666835.54,3.45
2019-06-25,3.46,3.46,3.39,2682887.0,-0.04,-1.16,3.436,3.418,3.422,3910541.25,3188744.72,3522359.39,3.41
2019-06-26,3.41,3.46,3.39,2475480.75,0.01,0.29,3.444,3.415,3.419,3673011.8,3107270.02,3412891.65,3.42
2019-06-27,3.44,3.49,3.43,3259843.25,0.04,1.17,3.448,3.417,3.42,3489349.45,3168674.7,3419406.84,3.46
2019-06-28,3.45,3.48,3.41,2839907.0,-0.02,-0.58,3.436,3.422,3.417,2789514.75,3184850.25,3277135.54,3.44
2019-07-01,3.57,3.78,3.52,16144276.0,0.34,9.88,3.502,3.463,3.434,5480478.8,4620299.29,3917646.04,3.78
2019-07-02,3.84,3.89,3.74,17406834.0,-0.03,-0.79,3.57,3.503,3.449,8425268.2,6167904.73,4648810.87,3.75
2019-07-03,3.71,3.73,3.65,8510109.0,-0.05,-1.33,3.626,3.535,3.466,9632193.85,6652602.83,4900588.66,3.7
2019-07-04,3.69,3.72,3.63,5022587.5,-0.06,-1.62,3.662,3.555,3.479,9984742.7,6737046.08,5025411.27,3.64
2019-07-05,3.65,3.68,3.63,3051238.75,0.01,0.28,3.704,3.57,3.495,10027009.05,6408261.9,5032423.27,3.65
2019-07-08,3.66,3.67,3.5,5780450.0,-0.13,-3.56,3.652,3.577,3.502,7954243.85,6717361.33,5147384.92,3.52
2019-07-09,3.51,3.58,3.48,3921524.5,0.05,1.42,3.616,3.593,3.506,5257181.95,6841225.08,5014984.9,3.57
2019-07-10,3.58,3.73,3.52,7509395.0,0.11,3.08,3.612,3.619,3.517,5057039.15,7344616.5,5225943.26,3.68
2019-07-11,3.67,3.72,3.61,4917685.0,-0.03,-0.81,3.614,3.638,3.528,5036058.65,7510400.68,5339537.69,3.65
2019-07-12,3.65,3.82,3.63,8256146.5,0.08,2.19,3.63,3.667,3.545,6077040.2,8052024.63,5618437.44,3.73
2019-07-15,3.75,3.81,3.71,7418809.5,0.05,1.34,3.682,3.667,3.565,6404712.1,7179477.98,5899888.63,3.78
2019-07-16,3.81,3.98,3.78,14720577.0,0.18,4.76,3.76,3.688,3.596,8564522.6,6910852.28,6539378.5,3.96
2019-07-17,3.98,4.35,3.93,21727144.0,0.15,3.79,3.846,3.729,3.632,11408072.4,8232555.78,7442579.3,4.11
2019-07-18,4.11,4.16,3.98,15293263.0,-0.04,-0.97,3.93,3.772,3.664,13483188.0,9259623.33,7998334.7,4.07
2019-07-19,4.05,4.14,4.0,8613247.0,-0.04,-0.98,3.99,3.81,3.69,13554608.1,9815824.15,8112043.03,4.03
2019-07-22,4.05,4.09,3.86,8969777.0,-0.02,-0.5,4.036,3.859,3.718,13864801.6,10134756.85,8426059.09,4.01
2019-07-23,4.0,4.07,3.98,5713928.5,-0.01,-0.25,4.044,3.902,3.748,12063471.9,10313997.25,8577611.16,4.0
2019-07-24,4.01,4.13,4.01,8167800.5,0.07,1.75,4.036,3.941,3.78,9351603.2,10379837.8,8862227.15,4.07
2019-07-25,4.08,4.29,4.06,16033609.0,0.22,5.41,4.08,4.005,3.822,9499672.4,11491430.2,9500915.44,4.29
2019-07-26,4.25,4.32,4.17,11177366.0,-0.09,-2.1,4.114,4.052,3.86,10012496.2,11783552.15,9917788.39,4.2
2019-07-29,4.21,4.32,4.17,11129692.0,0.1,2.38,4.172,4.104,3.886,10444479.2,12154640.4,9667059.19,4.3
2019-07-30,4.27,4.3,4.13,12379283.0,-0.17,-3.95,4.198,4.121,3.905,11777550.1,11920511.0,9415681.64,4.13
2019-07-31,4.1,4.11,4.01,8587757.0,-0.08,-1.94,4.194,4.115,3.922,11861541.4,10606572.3,9419564.04,4.05
2019-08-01,4.03,4.08,4.02,5674414.0,-0.01,-0.25,4.144,4.112,3.942,9789702.4,9644687.4,9452155.36,4.04
2019-08-02,3.93,3.98,3.88,9153162.0,-0.11,-2.72,4.09,4.102,3.956,9384861.6,9698678.9,9757251.53,3.93
2019-08-05,3.89,3.97,3.8,8747821.0,-0.1,-2.54,3.996,4.084,3.972,8908487.4,9676483.3,9905620.08,3.83
2019-08-06,3.72,3.8,3.64,10434628.0,-0.07,-1.83,3.922,4.06,3.981,8519556.4,10148553.25,10231275.25,3.76
2019-08-07,3.78,3.81,3.71,5950370.0,-0.05,-1.33,3.854,4.024,3.983,7992079.0,9926810.2,10153324.0,3.71
2019-08-08,3.74,3.83,3.71,6888493.0,0.12,3.23,3.812,3.978,3.992,8234894.8,9012298.6,10251864.4,3.83
2019-08-09,3.85,3.86,3.7,7003129.5,-0.11,-2.87,3.77,3.93,3.991,7804888.3,8594874.95,10189213.55,3.72
2019-08-12,3.74,3.86,3.71,7015737.5,0.13,3.5,3.774,3.885,3.995,7458471.6,8183479.5,10169059.95,3.85
2019-08-13,3.79,3.84,3.75,5029276.0,-0.05,-1.3,3.782,3.852,3.987,6377401.2,7448478.8,9684494.9,3.8
2019-08-14,3.89,3.94,3.85,8294571.0,0.06,1.58,3.812,3.833,3.974,6846241.4,7419160.2,9012866.25,3.86
2019-08-15,3.74,3.86,3.72,6014694.0,-0.01,-0.26,3.816,3.814,3.963,6671481.6,7453188.2,8548937.8,3.85
2019-08-16,3.83,3.87,3.79,6175872.0,-0.03,-0.78,3.836,3.803,3.953,6506030.1,7155459.2,8427069.05,3.82
2019-08-19,3.86,3.94,3.84,8219020.0,0.11,2.88,3.852,3.813,3.949,6746686.6,7102579.1,8389531.2,3.93
2019-08-20,3.94,3.97,3.88,5872800.0,-0.03,-0.76,3.872,3.827,3.944,6915391.4,6646396.3,8397474.78,3.9
2019-08-21,3.88,3.92,3.85,4700258.0,-0.03,-0.77,3.874,3.843,3.934,6196528.8,6521385.1,8224097.65,3.87
2019-08-22,3.95,4.08,3.94,11981806.0,0.11,2.84,3.9,3.858,3.918,7389951.2,7030716.4,8021507.5,3.98
2019-08-23,3.97,4.0,3.92,7371892.5,-0.01,-0.25,3.93,3.883,3.907,7629155.3,7067592.7,7831233.83,3.97
2019-08-26,3.86,3.9,3.84,6307842.0,-0.09,-2.27,3.92,3.886,3.886,7246919.7,6996803.15,7590141.33,3.88
2019-08-27,3.85,3.9,3.82,9107580.0,-0.03,-0.77,3.91,3.891,3.872,7893875.7,7404633.55,7426556.18,3.85
2019-08-28,3.83,3.83,3.75,6220023.0,-0.07,-1.82,3.892,3.883,3.858,8197828.7,7197178.75,7308169.48,3.78
2019-08-29,3.77,3.78,3.7,5629159.0,-0.06,-1.59,3.84,3.87,3.842,6927299.3,7158625.25,7305906.73,3.72
2019-08-30,3.75,3.76,3.65,5944560.0,-0.06,-1.61,3.778,3.854,3.829,6641832.8,7135494.05,7145476.63,3.66
2019-09-02,3.65,3.76,3.62,5516023.5,0.06,1.64,3.746,3.833,3.823,6483469.1,6865194.4,6983886.75,3.72
2019-09-03,3.71,3.75,3.7,4807131.5,0.02,0.54,3.724,3.817,3.822,5623379.4,6758627.55,6702511.93,3.74
2019-09-04,3.72,3.75,3.7,4861957.5,0.0,0.0,3.716,3.804,3.824,5351766.3,6774797.5,6648091.3,3.74
2019-09-05,3.77,3.92,3.75,11371776.0,0.1,2.67,3.74,3.79,3.824,6500289.7,6713794.5,6872255.45,3.84
2019-09-06,3.87,3.92,3.83,9682188.0,0.07,1.82,3.79,3.784,3.834,7247815.3,6944824.05,7006208.38,3.91
2019-09-09,3.98,4.1,3.93,15309329.0,0.19,4.86,3.866,3.806,3.846,9206476.4,7844972.75,7420887.95,4.1
2019-09-10,4.14,4.17,3.98,12421147.0,-0.09,-2.19,3.92,3.822,3.857,10729279.5,8176329.45,7790481.5,4.01
2019-09-11,4.04,4.18,4.01,13820498.0,0.04,1.0,3.982,3.849,3.866,12520987.6,8936376.95,8066777.85,4.05
2019-09-12,4.06,4.08,3.98,7280440.5,-0.02,-0.49,4.02,3.88,3.875,11702720.5,9101505.1,8130065.18,4.03
2019-09-16,4.05,4.08,3.99,5921682.0,0.0,0.0,4.044,3.917,3.886,10950619.3,9099217.3,8117355.68,4.03
2019-09-17,4.0,4.01,3.88,7805529.0,-0.12,-2.98,4.006,3.936,3.885,9449859.3,9328167.85,8096681.13,3.91
2019-09-18,3.91,3.93,3.86,4149088.75,-0.02,-0.51,3.982,3.951,3.884,7795447.65,9262363.58,8010495.56,3.89
2019-09-19,3.91,3.95,3.88,4766017.0,0.06,1.54,3.962,3.972,3.888,5984551.45,9252769.53,8013783.51,3.95
2019-09-20,3.94,3.97,3.9,4674507.5,-0.01,-0.25,3.944,3.982,3.886,5463364.85,8583042.68,7648418.59,3.94
2019-09-23,3.92,3.94,3.87,3887609.5,-0.04,-1.01,3.918,3.981,3.883,5056550.35,8003584.83,7474204.44,3.9
2019-09-24,3.9,3.95,3.89,4153125.0,0.0,0.0,3.916,3.961,3.884,4326069.55,6887964.43,7366468.59,3.9
2019-09-25,3.87,3.88,3.76,7275236.0,-0.13,-3.33,3.892,3.937,3.88,4951299.0,6373373.33,7274851.39,3.77
2019-09-26,3.78,3.79,3.71,4124926.5,-0.06,-1.59,3.844,3.903,3.876,4823080.9,5403816.18,7170096.56,3.71
2019-09-27,3.72,3.79,3.71,2776948.5,0.05,1.35,3.808,3.876,3.878,4443569.1,4953466.98,7027486.04,3.76
2019-09-30,3.74,3.82,3.74,2688977.0,-0.01,-0.27,3.778,3.848,3.883,4203842.6,4630196.48,6864706.89,3.75
2019-10-08,3.78,3.81,3.75,2949525.75,0.0,0.0,3.748,3.832,3.884,3963122.75,4144596.15,6736382.0,3.75
2019-10-09,3.72,3.75,3.68,2855605.75,0.0,0.0,3.744,3.818,3.885,3079196.7,4015247.85,6638805.71,3.75
2019-10-10,3.75,3.79,3.72,2823009.5,0.02,0.53,3.756,3.8,3.886,2818813.3,3820947.1,6536858.31,3.77
2019-10-11,3.79,3.79,3.72,2770303.25,-0.01,-0.27,3.756,3.782,3.882,2817484.25,3630526.68,6106784.68,3.76
2019-10-14,3.8,3.83,3.79,3861379.0,0.04,1.06,3.766,3.772,3.877,3051964.65,3627903.63,5815744.23,3.8
2019-10-15,3.8,3.8,3.73,2749785.0,-0.06,-1.58,3.764,3.756,3.859,3012016.5,3487569.63,5187767.03,3.74
2019-10-16,3.75,3.76,3.71,2029784.38,-0.02,-0.54,3.758,3.751,3.844,2846852.23,2963024.46,4668198.89,3.72
2019-10-17,3.72,3.73,3.69,2165048.5,-0.02,-0.54,3.744,3.75,3.827,2715260.03,2767036.66,4085426.42,3.7
2019-10-18,3.69,3.71,3.63,3147035.0,-0.06,-1.62,3.72,3.738,3.807,2790606.38,2804045.31,3878756.14,3.64
2019-10-21,3.64,3.65,3.54,2590019.75,-0.04,-1.1,3.68,3.723,3.786,2536334.53,2794149.59,3712173.03,3.6
2019-10-22,3.62,3.67,3.61,2226906.25,0.06,1.67,3.664,3.714,3.773,2431758.78,2721887.64,3433241.89,3.66
2019-10-23,3.66,3.84,3.62,4746760.5,0.09,2.46,3.67,3.714,3.766,2975154.0,2911003.11,3463125.48,3.75
2019-10-24,3.71,3.75,3.69,2841403.75,-0.04,-1.07,3.672,3.708,3.754,3110425.05,2912842.54,3366894.82,3.71
2019-10-25,3.72,3.72,3.65,2399926.25,-0.01,-0.27,3.684,3.702,3.742,2961003.3,2875804.84,3253165.76,3.7
2019-10-28,3.71,3.74,3.69,3186203.75,0.04,1.08,3.712,3.696,3.734,3080240.1,2808287.31,3218095.47,3.74
2019-10-29,3.73,3.73,3.65,2554806.0,-0.08,-2.14,3.712,3.688,3.722,3145820.05,2788789.41,3138179.52,3.66
2019-10-30,3.65,3.66,3.6,2160268.5,-0.02,-0.55,3.69,3.68,3.716,2628521.65,2801837.83,2882431.14,3.64
2019-10-31,3.59,3.59,3.54,3802808.25,-0.07,-1.92,3.662,3.667,3.709,2820802.55,2965613.8,2866325.23,3.57
2019-11-01,3.56,3.61,3.54,2037926.12,0.02,0.56,3.64,3.662,3.7,2748402.52,2854702.91,2829374.11,3.59
2019-11-04,3.6,3.64,3.59,2103383.0,0.01,0.28,3.612,3.662,3.693,2531838.37,2806039.24,2800094.41,3.6
2019-11-05,3.6,3.62,3.56,2414226.5,0.01,0.28,3.602,3.657,3.686,2503722.47,2824771.26,2773329.45,3.61
2019-11-06,3.62,3.63,3.59,2199982.75,-0.01,-0.28,3.594,3.642,3.678,2511665.32,2570093.49,2740548.3,3.6
2019-11-07,3.59,3.68,3.58,4663751.5,0.08,2.22,3.616,3.639,3.674,2683853.97,2752328.26,2832585.4,3.68
2019-11-08,3.7,3.71,3.63,2677707.0,-0.05,-1.36,3.624,3.632,3.667,2811810.15,2780106.34,2827955.59,3.63
2019-11-11,3.61,3.61,3.55,2935350.0,-0.07,-1.93,3.616,3.614,3.655,2978203.55,2755020.96,2781654.14,3.56
2019-11-12,3.58,3.66,3.58,4487384.5,0.1,2.81,3.626,3.614,3.651,3392835.15,2948278.81,2868534.11,3.66
2019-11-13,3.65,3.66,3.61,2345921.5,-0.02,-0.55,3.634,3.614,3.647,3422022.9,2966844.11,2884340.97,3.64
2019-11-14,3.63,3.79,3.62,8837144.0,0.12,3.3,3.65,3.633,3.65,4256701.4,3470277.69,3217945.74,3.76
2019-11-15,3.75,3.8,3.68,5371237.0,-0.07,-1.86,3.662,3.643,3.653,4795407.4,3803608.78,3329155.84,3.69
2019-11-18,3.73,3.78,3.69,4860197.0,0.03,0.81,3.694,3.655,3.659,5180376.8,4079290.18,3442664.71,3.72
2019-11-19,3.7,3.74,3.66,3650471.0,0.01,0.27,3.708,3.667,3.662,5012994.1,4202914.63,3513842.94,3.73
2019-11-20,3.71,3.72,3.65,2911603.75,-0.07,-1.88,3.712,3.673,3.658,5126130.55,4274076.73,3422085.11,3.66
2019-11-21,3.63,3.7,3.62,2907923.5,0.01,0.27,3.694,3.672,3.656,3940286.45,4098493.93,3425411.09,3.67
2019-11-22,3.66,3.72,3.63,3304662.0,-0.02,-0.55,3.686,3.674,3.653,3526971.45,4161189.43,3470647.88,3.65
2019-11-25,3.65,3.72,3.61,4133553.0,0.06,1.64,3.684,3.689,3.652,3381642.65,4281009.73,3518015.34,3.71
2019-11-26,3.74,3.95,3.74,12811643.0,0.15,4.04,3.71,3.709,3.662,5213877.05,5113435.58,4030857.19,3.86
2019-11-27,3.83,3.91,3.81,6601092.5,0.03,0.78,3.756,3.734,3.674,5951774.8,5538952.68,4252898.39,3.89
2019-11-28,3.88,3.94,3.83,4793225.5,-0.05,-1.28,3.79,3.742,3.688,6328835.2,5134560.83,4302419.26,3.84
2019-11-29,3.84,3.95,3.84,6988086.5,0.06,1.56,3.84,3.763,3.703,7065520.1,5296245.78,4549927.28,3.9
2019-12-02,3.94,3.95,3.87,4365313.5,-0.01,-0.26,3.876,3.78,3.718,7111872.2,5246757.43,4663023.8,3.89
2019-12-03,3.86,3.96,3.85,7094610.0,0.07,1.8,3.896,3.803,3.735,5968465.6,5591171.33,4897042.98,3.96
2019-12-04,3.95,4.11,3.93,11901622.0,0.08,2.02,3.926,3.841,3.757,7028571.5,6490173.15,5382124.94,4.04
2019-12-05,4.04,4.08,3.99,7515706.0,0.0,0.0,3.966,3.878,3.775,7573067.6,6950951.4,5524722.66,4.04
2019-12-06,4.04,4.12,4.03,6892644.5,0.03,0.74,4.0,3.92,3.797,7553979.2,7309749.65,5735469.54,4.07
2019-12-09,4.13,4.17,4.08,9452986.0,0.05,1.23,4.046,3.961,3.825,8571513.7,7841692.95,6061351.34,4.12
2019-12-10,4.09,4.13,4.04,7503044.5,0.01,0.24,4.08,3.988,3.849,8653200.6,7310833.1,6212134.34,4.13
2019-12-11,4.12,4.12,3.98,8135561.0,-0.13,-3.15,4.072,3.999,3.867,7899988.4,7464279.95,6501616.31,4.0
2019-12-12,4.01,4.06,3.99,5426402.0,0.01,0.25,4.066,4.016,3.879,7482127.6,7527597.6,6331079.21,4.01
2019-12-13,4.07,4.13,4.03,8152887.5,0.1,2.49,4.074,4.037,3.9,7734176.2,7644077.7,6470161.74,4.11
2019-12-16,4.21,4.44,4.21,17792634.0,0.28,6.81,4.128,4.087,3.934,9402105.8,8986809.75,7116783.59,4.39
2019-12-17,4.38,4.83,4.35,24691042.0,0.36,8.2,4.252,4.166,3.985,12839705.3,10746452.95,8168812.14,4.75
2019-12-18,4.75,4.77,4.62,13299576.0,-0.09,-1.9,4.384,4.228,4.035,13872508.3,10886248.35,8688210.75,4.66
2019-12-19,4.69,4.81,4.62,12833239.0,0.03,0.64,4.52,4.293,4.086,15353875.7,11418001.65,9184476.53,4.69
2019-12-20,4.71,4.83,4.66,9419358.0,-0.01,-0.21,4.634,4.354,4.137,15607169.8,11670673.0,9490211.33,4.68
2019-12-23,4.76,4.81,4.54,11865097.0,-0.12,-2.56,4.668,4.398,4.18,14421662.4,11911884.1,9876788.53,4.56
2019-12-24,4.6,4.72,4.48,9582548.0,0.14,3.07,4.658,4.455,4.222,11399963.6,12119834.45,9715333.78,4.7
2019-12-25,4.67,4.78,4.65,7946674.0,0.04,0.85,4.674,4.529,4.264,10329383.2,12100945.75,9782612.85,4.74
2019-12-26,4.78,4.89,4.73,11781181.0,0.09,1.9,4.702,4.611,4.314,10118971.6,12736423.65,10132010.63,4.83
2019-12-27,4.85,4.85,4.61,11744059.0,-0.19,-3.93,4.694,4.664,4.351,10583911.8,13095540.8,10369809.25,4.64
2019-12-30,4.56,4.59,4.42,9668945.0,-0.08,-1.72,4.694,4.681,4.384,10144681.4,12283171.9,10634990.83,4.56
2019-12-31,4.56,4.62,4.5,6249633.5,-0.02,-0.44,4.662,4.66,4.413,9478098.5,10439031.05,10592742.0,4.54
2020-01-02,4.57,4.67,4.55,8103195.5,0.07,1.54,4.636,4.655,4.442,9509402.8,9919393.0,10402820.68,4.61
2020-01-03,4.62,4.76,4.59,9945405.0,0.12,2.6,4.616,4.659,4.476,9142247.6,9630609.6,10524305.63,4.73
2020-01-06,4.67,4.8,4.63,9472785.0,-0.02,-0.42,4.63,4.662,4.508,8687992.8,9635952.3,10653312.65,4.71
2020-01-07,4.73,4.77,4.65,6537647.5,-0.03,-0.64,4.654,4.674,4.536,8061733.3,9103207.35,10507545.73,4.68
2020-01-08,4.82,5.13,4.79,21827494.0,0.28,5.98,4.738,4.7,4.578,11177305.4,10327701.95,11223768.2,4.96
2020-01-09,5.06,5.12,4.93,10964084.0,0.04,0.81,4.816,4.726,4.628,11749483.1,10629442.95,11365194.35,5.0
2020-01-10,5.03,5.05,4.88,7030938.0,-0.05,-1.0,4.86,4.738,4.675,11166589.7,10154418.65,11445421.15,4.95
2020-01-13,4.94,4.95,4.82,7864806.5,-0.01,-0.2,4.906,4.768,4.716,10844994.0,9766493.4,11431017.1,4.94
2020-01-14,4.92,5.02,4.89,7731662.0,0.02,0.41,4.962,4.808,4.745,11083796.9,9572765.1,10927968.5,4.96
2020-01-15,4.93,4.93,4.82,7156022.5,-0.08,-1.61,4.946,4.842,4.751,8149502.6,9663404.0,10051217.53,4.88
2020-01-16,4.9,4.93,4.84,4873499.5,0.01,0.2,4.924,4.87,4.763,6931385.7,9340434.4,9629913.7,4.89
2020-01-17,4.9,4.91,4.81,4917508.0,-0.06,-1.23,4.9,4.88,4.77,6508699.7,8837644.7,9234127.15,4.83
2020-01-20,4.81,5.0,4.79,8896417.0,0.15,3.11,4.908,4.907,4.785,6715021.8,8780007.9,9207980.1,4.98
2020-01-21,5.0,5.03,4.93,8031574.0,-0.01,-0.2,4.91,4.936,4.805,6775004.2,8929400.55,9016303.95,4.97
2020-01-22,4.97,4.98,4.75,8895725.0,-0.05,-1.01,4.918,4.932,4.816,7122944.7,7636223.65,8981962.8,4.92
2020-01-23,4.81,4.96,4.61,10682195.0,-0.2,-4.07,4.884,4.904,4.815,8284683.8,7608034.75,9118738.85,4.72
