date,open,high,low,volume,price_change,p_change,ma5,ma10,ma20,v_ma5,v_ma10,v_ma20,close
2017-07-25,13.72,13.75,13.42,59496.02,-0.25,-1.82,13.47,13.47,13.47,59496.02,59496.02,59496.02,13.47
2017-07-26,13.47,13.68,13.3,62165.02,0.21,1.56,13.575,13.575,13.575,60830.52,60830.52,60830.52,13.68
2017-07-27,13.56,14.02,13.56,112249.42,0.29,2.12,13.707,13.707,13.707,77970.15,77970.15,77970.15,13.97
2017-07-28,13.92,14.03,13.79,51831.9,-0.09,-0.64,13.75,13.75,13.75,71435.59,71435.59,71435.59,13.88
2017-07-31,13.88,14.12,13.72,68224.45,0.21,1.51,13.818,13.818,13.818,70793.36,70793.36,70793.36,14.09
2017-08-01,14.06,14.44,13.83,86560.9,-0.06,-0.43,13.93,13.853,13.853,76206.34,73421.29,73421.29,14.03
2017-08-02,14.03,14.06,13.76,56529.86,-0.2,-1.43,13.96,13.85,13.85,75079.31,71008.22,71008.22,13.83
2017-08-03,13.2,13.24,12.66,171729.84,-1.12,-8.1,13.708,13.708,13.708,86975.39,83598.43,83598.43,12.71
2017-08-04,12.8,12.93,12.72,59212.81,0.11,0.86,13.496,13.609,13.609,88451.57,80888.91,80888.91,12.82
2017-08-07,12.82,12.9,12.48,66591.43,0.01,0.08,13.244,13.531,13.531,88124.97,79459.17,79459.17,12.83
2017-08-08,12.86,12.97,12.72,33116.0,0.0,0.0,13.004,13.467,13.467,77435.99,76821.16,75246.15,12.83
2017-08-09,12.96,13.03,12.77,34175.14,0.18,1.4,12.84,13.4,13.429,72965.04,74022.18,71823.57,13.01
2017-08-10,12.93,13.09,12.81,34962.8,-0.02,-0.15,12.896,13.302,13.395,45611.64,66293.51,68988.12,12.99
2017-08-11,12.85,12.96,12.66,32057.0,-0.32,-2.46,12.866,13.181,13.344,40180.47,64316.02,66350.19,12.67
2017-08-14,12.7,12.79,12.56,39942.15,0.05,0.4,12.844,13.044,13.302,34850.62,61487.79,64589.65,12.72
2017-08-15,12.72,12.73,12.5,44543.83,-0.16,-1.26,12.79,12.897,13.256,37136.18,57286.09,63336.79,12.56
2017-08-16,12.55,12.66,12.5,35696.16,0.09,0.72,12.718,12.779,13.22,37440.39,55202.72,61710.87,12.65
2017-08-17,12.69,12.74,12.6,46476.33,0.05,0.4,12.66,12.778,13.191,39743.09,42677.37,60864.5,12.7
2017-08-18,12.68,12.68,12.47,39849.57,-0.08,-0.63,12.65,12.758,13.161,41301.61,40741.04,59758.45,12.62
2017-08-21,12.68,13.0,12.6,57611.38,0.36,2.85,12.702,12.773,13.152,44835.45,39843.04,59651.1,12.98
2017-08-22,13.02,13.05,12.76,39374.8,-0.2,-1.54,12.746,12.768,13.118,43801.65,40468.92,58645.04,12.78
2017-08-23,12.72,12.96,12.68,26425.11,-0.07,-0.55,12.758,12.738,13.069,41947.44,39693.91,56858.04,12.71
2017-08-24,12.69,12.82,12.63,21073.0,0.02,0.16,12.764,12.712,13.007,36866.77,38304.93,52299.22,12.73
2017-08-25,12.66,12.81,12.66,22523.79,0.06,0.47,12.798,12.724,12.953,33401.62,37351.61,50833.82,12.79
2017-08-28,12.8,12.97,12.79,33390.81,0.11,0.86,12.782,12.742,12.893,28557.5,36696.48,49092.14,12.9
2017-08-29,12.85,12.93,12.68,39459.61,-0.18,-1.4,12.77,12.758,12.828,28574.46,36188.06,46737.07,12.72
2017-08-30,12.69,12.77,12.64,26243.98,0.01,0.08,12.774,12.766,12.773,28538.24,35242.84,45222.78,12.73
2017-08-31,12.73,12.76,12.66,26140.16,-0.05,-0.39,12.764,12.764,12.771,29551.67,33209.22,37943.29,12.68
2017-09-01,12.67,12.87,12.64,45626.7,0.18,1.42,12.778,12.788,12.773,34172.25,33786.93,37263.99,12.86
2017-09-04,12.84,12.87,12.73,35851.36,-0.02,-0.16,12.766,12.774,12.774,34664.36,31610.93,35726.98,12.84
2017-09-05,12.84,12.94,12.77,38721.4,-0.02,-0.16,12.786,12.778,12.773,34516.72,31545.59,36007.25,12.82
2017-09-06,12.81,12.83,12.62,55406.15,-0.13,-1.01,12.778,12.776,12.757,40349.15,34443.7,37068.8,12.69
2017-09-07,12.73,12.78,12.6,44219.59,-0.07,-0.55,12.766,12.765,12.739,43965.04,36758.36,37531.64,12.62
2017-09-08,12.63,12.64,12.26,100323.76,-0.19,-1.51,12.68,12.729,12.727,54904.45,44538.35,40944.98,12.43
2017-09-11,12.43,12.44,12.2,71460.97,-0.09,-0.72,12.58,12.673,12.708,62026.37,48345.37,42520.92,12.34
2017-09-12,12.3,12.43,12.3,42845.6,0.02,0.16,12.488,12.637,12.698,62851.21,48683.97,42436.01,12.36
2017-09-13,12.36,12.55,12.23,48987.16,0.14,1.14,12.43,12.604,12.685,61567.42,50958.29,43100.56,12.4
2017-09-14,12.35,12.53,12.34,44385.2,0.05,0.4,12.396,12.581,12.673,61600.54,52782.79,42996.01,12.45
2017-09-15,12.53,12.55,12.4,50742.2,0.01,0.08,12.402,12.541,12.665,51684.23,53294.34,43540.64,12.46
2017-09-18,12.46,12.71,12.41,59986.98,0.21,1.69,12.468,12.524,12.649,49389.43,55707.9,43659.42,12.67
2017-09-19,12.67,12.7,12.39,46631.2,-0.26,-2.05,12.478,12.483,12.631,50146.55,56498.88,44022.24,12.41
2017-09-20,12.36,12.46,12.2,47938.35,-0.04,-0.32,12.472,12.451,12.614,49936.79,55752.1,45097.9,12.37
2017-09-21,12.3,12.35,12.26,22147.68,-0.11,-0.89,12.434,12.415,12.59,45489.28,53544.91,45151.63,12.26
2017-09-22,12.19,12.25,12.12,21249.81,-0.11,-0.9,12.372,12.387,12.558,39590.8,45637.52,45087.93,12.15
2017-09-25,12.11,12.17,12.07,20322.17,-0.07,-0.58,12.254,12.361,12.517,31657.84,40523.64,44434.5,12.08
2017-09-26,12.1,12.39,12.08,22539.17,0.17,1.41,12.222,12.35,12.494,26839.44,38492.99,43588.48,12.25
2017-09-27,12.25,12.3,12.1,22819.36,-0.12,-0.98,12.174,12.323,12.464,21815.64,35876.21,43417.25,12.13
2017-09-28,12.13,12.21,12.09,18662.04,0.02,0.17,12.152,12.293,12.437,21118.51,33303.9,43043.34,12.15
2017-09-29,12.2,12.36,12.15,24962.33,0.21,1.73,12.194,12.283,12.412,21861.01,30725.91,42010.12,12.36
2017-10-09,12.48,12.69,12.42,57540.4,0.25,2.02,12.3,12.277,12.401,29304.66,30481.25,43094.58,12.61
2017-10-10,12.61,12.71,12.55,30137.0,0.06,0.48,12.384,12.303,12.393,30824.23,28831.83,42665.36,12.67
2017-10-11,12.6,12.72,12.55,32745.61,-0.06,-0.47,12.48,12.327,12.389,32809.48,27312.56,41532.33,12.61
2017-10-12,12.65,12.84,12.52,52713.77,0.18,1.43,12.608,12.38,12.398,39619.82,30369.17,41957.04,12.79
2017-10-13,12.93,13.4,12.78,144956.52,0.47,3.67,12.788,12.491,12.439,63618.66,42739.84,44188.68,13.26
2017-10-16,13.28,13.35,13.02,56697.3,-0.08,-0.6,12.902,12.601,12.481,63450.04,46377.35,43450.49,13.18
2017-10-17,13.05,13.27,12.93,49234.13,-0.21,-1.59,12.962,12.673,12.512,67269.47,49046.85,43769.92,12.97
2017-10-18,12.96,13.31,12.96,45924.16,0.07,0.54,13.048,12.764,12.544,69905.18,51357.33,43616.77,13.04
2017-10-19,13.06,13.35,12.73,46585.0,-0.23,-1.76,13.052,12.83,12.562,68679.42,54149.62,43726.76,12.81
2017-10-20,12.73,13.0,12.64,32829.17,0.09,0.7,12.98,12.884,12.584,46253.95,54936.31,42831.11,12.9
2017-10-23,12.83,13.33,12.83,59757.36,0.42,3.26,13.008,12.955,12.616,46865.96,55158.0,42819.63,13.32
2017-10-24,13.38,13.67,13.36,91864.0,0.27,2.03,13.132,13.047,12.675,55391.94,61330.7,45081.27,13.59
2017-10-25,13.69,13.73,13.46,49232.92,0.08,0.59,13.258,13.153,12.74,56053.69,62979.43,45146.0,13.67
2017-10-26,13.68,14.42,13.68,157924.77,0.37,2.71,13.504,13.278,12.829,78321.64,73500.53,51934.85,14.04
2017-10-27,14.06,14.48,13.98,105968.87,0.18,1.28,13.768,13.374,12.933,92949.58,69601.77,56170.8,14.22
2017-10-30,14.19,14.43,13.9,61966.09,0.13,0.91,13.974,13.491,13.046,93391.33,70128.65,58253.0,14.35
2017-10-31,14.34,14.45,14.02,38062.23,-0.23,-1.6,14.08,13.606,13.14,82630.98,69011.46,59029.15,14.12
2017-11-01,14.11,14.99,14.01,116179.21,0.69,4.89,14.308,13.783,13.274,96020.23,76036.96,63697.14,14.81
2017-11-02,14.75,14.81,14.02,90170.09,-0.72,-4.86,14.318,13.911,13.371,82469.3,80395.47,67272.55,14.09
2017-11-03,14.1,14.3,13.64,87161.01,-0.21,-1.49,14.25,14.009,13.447,78707.73,85828.66,70382.48,13.88
2017-11-06,14.05,14.59,13.88,72205.58,0.44,3.17,14.244,14.109,13.532,80755.62,87073.48,71115.74,14.32
2017-11-07,14.28,14.78,14.28,48223.48,0.28,1.96,14.34,14.21,13.629,82787.87,82709.43,72020.06,14.6
2017-11-08,14.65,14.83,14.44,54901.88,-0.1,-0.69,14.278,14.293,13.723,70532.41,83276.32,73127.88,14.5
2017-11-09,14.5,14.59,14.0,77197.86,-0.3,-2.07,14.3,14.309,13.794,67937.96,75203.63,74352.08,14.2
2017-11-10,14.26,15.2,14.16,139227.8,0.82,5.78,14.528,14.389,13.882,78351.32,78529.52,74065.65,15.02
2017-11-13,15.03,15.05,14.62,106895.88,-0.13,-0.87,14.642,14.443,13.967,85289.38,83022.5,76575.57,14.89
2017-11-14,14.85,14.88,14.43,68818.5,-0.2,-1.34,14.66,14.5,14.053,89408.38,86098.13,77554.79,14.69
2017-11-15,14.68,14.98,14.31,57861.15,-0.13,-0.89,14.672,14.475,14.129,90000.24,80266.32,78151.64,14.56
2017-11-16,14.56,14.67,14.12,50831.85,-0.39,-2.68,14.666,14.483,14.197,84727.04,76332.5,78363.99,14.17
2017-11-17,14.21,14.37,13.63,67967.72,-0.21,-1.48,14.454,14.491,14.25,70475.02,74413.17,80120.91,13.96
2017-11-20,13.82,14.07,13.4,57540.9,-0.09,-0.65,14.25,14.446,14.278,60604.02,72946.7,80010.09,13.87
2017-11-21,13.73,14.17,13.64,63250.12,-0.07,-0.51,14.072,14.366,14.288,59490.35,74449.37,78579.4,13.8
2017-11-22,13.88,14.33,13.78,66673.95,0.5,3.62,14.02,14.346,14.32,61252.91,75626.57,79451.45,14.3
2017-11-23,14.29,14.29,13.75,49486.36,-0.51,-3.57,13.944,14.305,14.307,60983.81,72855.42,74029.53,13.79
2017-11-24,13.75,13.97,13.5,26236.22,0.05,0.36,13.92,14.187,14.288,52637.51,61556.27,70042.89,13.84
2017-11-27,13.84,13.95,13.02,51512.1,-0.81,-5.85,13.752,14.001,14.222,51431.75,56017.89,69520.19,13.03
2017-11-28,13.03,13.75,12.85,88027.19,0.64,4.91,13.726,13.899,14.2,56387.16,57938.76,72018.44,13.67
2017-11-29,13.6,14.31,13.6,79382.0,0.47,3.44,13.694,13.857,14.166,58928.77,60090.84,70178.58,14.14
2017-11-30,14.0,14.18,13.87,38010.53,-0.14,-0.99,13.736,13.84,14.162,56633.61,58808.71,67570.6,14.0
2017-12-01,14.01,14.32,13.81,27511.12,0.23,1.64,13.814,13.867,14.179,56888.59,54763.05,64588.11,14.23
2017-12-04,14.2,14.65,14.01,62664.57,0.22,1.55,14.098,13.925,14.186,59119.08,55275.42,64111.06,14.45
2017-12-05,14.43,14.57,13.8,65481.77,-0.53,-3.67,14.148,13.937,14.152,54610.0,55498.58,64973.97,13.92
2017-12-06,13.81,14.88,13.8,124571.74,0.93,6.68,14.29,13.992,14.169,63647.95,61288.36,68457.47,14.85
2017-12-07,14.85,15.11,14.62,91157.53,0.1,0.67,14.48,14.108,14.207,74277.35,65455.48,69155.45,14.95
2017-12-08,14.89,15.27,14.59,91710.44,0.08,0.54,14.64,14.227,14.207,87117.21,72002.9,66779.58,15.03
2017-12-11,15.17,15.27,14.9,80543.67,0.18,1.2,14.792,14.445,14.223,90693.03,74906.06,65461.97,15.21
2017-12-12,15.22,15.47,14.81,68278.8,-0.36,-2.37,14.978,14.563,14.231,91252.44,72931.22,65434.99,14.85
2017-12-13,14.7,15.48,14.65,112466.09,0.61,4.11,15.1,14.695,14.276,88831.31,76239.63,68165.23,15.46
2017-12-14,15.33,15.47,15.17,72489.18,-0.21,-1.36,15.16,14.82,14.33,85097.64,79687.49,69248.1,15.25
2017-12-15,15.16,15.4,14.72,80217.34,-0.34,-2.23,15.136,14.888,14.378,82799.02,84958.11,69860.58,14.91
2017-12-18,14.98,15.55,14.76,110872.09,0.18,1.21,15.112,14.952,14.439,88864.7,89778.87,72527.14,15.09
2017-12-19,15.01,16.15,14.81,156162.12,1.06,7.03,15.372,15.175,14.556,106441.36,98846.9,77172.74,16.15
2017-12-20,15.99,16.12,15.69,120115.66,-0.33,-2.04,15.444,15.272,14.632,107971.28,98401.29,79844.83,15.82
2017-12-21,15.79,16.78,15.73,142874.59,0.64,4.05,15.686,15.423,14.766,122048.36,103573.0,84514.24,16.46
2017-12-22,16.46,16.99,16.22,109927.27,0.08,0.49,16.012,15.574,14.901,127990.35,105394.68,88698.79,16.54
2017-12-25,16.54,16.68,16.06,63831.21,-0.07,-0.42,16.288,15.7,15.073,118582.17,103723.44,89314.75,16.47
2017-12-26,16.32,16.77,15.99,66327.66,-0.04,-0.24,16.344,15.858,15.211,100615.28,103528.32,88229.77,16.43
2017-12-27,16.23,16.63,16.12,59441.38,0.12,0.73,16.49,15.967,15.331,88480.42,98225.85,87232.74,16.55
2017-12-28,16.5,16.55,15.77,92688.34,-0.67,-4.05,16.374,16.03,15.425,78443.17,100245.77,89966.63,15.88
2017-12-29,15.9,16.35,15.78,65852.31,0.32,2.02,16.306,16.159,15.524,69628.18,98809.26,91883.69,16.2
2018-01-02,16.4,17.5,16.32,147604.73,1.1,6.79,16.472,16.38,15.666,86382.88,102482.53,96130.7,17.3
2018-01-03,17.24,18.18,17.1,175415.92,0.72,4.16,16.79,16.567,15.871,108200.54,104407.91,101627.4,18.02
2018-01-04,18.02,18.3,17.75,91168.87,0.04,0.22,17.092,16.791,16.032,114546.03,101513.23,99957.26,18.06
2018-01-05,18.06,18.17,17.56,65648.78,-0.34,-1.88,17.46,16.917,16.17,109138.12,93790.65,98681.82,17.72
2018-01-08,17.82,18.45,17.66,88831.82,0.38,2.14,17.84,17.073,16.324,113734.02,91681.1,98537.89,18.1
2018-01-09,17.9,19.07,17.89,117106.56,0.01,0.06,18.002,17.237,16.469,107634.39,97008.64,100366.04,18.11
2018-01-10,18.2,18.39,17.74,64993.65,0.15,0.83,18.05,17.42,16.639,85549.94,96875.24,100201.78,18.26
2018-01-11,18.38,18.5,17.13,154700.73,-0.9,-4.93,17.91,17.501,16.734,98256.31,106401.17,102313.51,17.36
2018-01-12,17.38,17.56,17.1,87754.04,0.0,0.0,17.838,17.649,16.84,102677.36,105907.74,103076.75,17.36
2018-01-15,17.05,17.4,16.51,105429.85,-0.7,-4.03,17.55,17.695,16.927,105996.97,109865.5,104337.38,16.66
2018-01-16,16.68,17.3,16.67,90392.87,0.64,3.84,17.388,17.695,17.038,100654.23,104144.31,103313.42,17.3
2018-01-17,17.39,17.49,16.14,111876.52,-1.08,-6.24,16.98,17.515,17.041,110030.8,97790.37,101099.14,16.22
2018-01-18,17.21,17.84,17.11,180261.28,1.62,9.99,17.076,17.493,17.142,115142.91,106699.61,104106.42,17.84
2018-01-19,18.6,19.4,18.4,261587.34,1.15,6.45,17.402,17.62,17.269,149909.57,126293.47,110042.06,18.99
2018-01-22,19.35,19.6,18.6,159525.12,0.08,0.42,17.884,17.717,17.395,160728.63,133362.8,112521.95,19.07
2018-01-23,19.1,19.28,18.66,98349.87,-0.08,-0.42,18.222,17.805,17.521,162320.03,131487.13,114247.88,18.99
2018-01-24,18.9,19.43,18.75,116628.31,0.31,1.63,18.838,17.909,17.665,163270.38,136650.59,116762.91,19.3
2018-01-25,19.25,19.48,18.85,70213.51,-0.3,-1.55,19.07,18.073,17.787,141260.83,128201.87,117301.52,19.0
2018-01-26,19.0,19.38,18.45,97725.24,0.36,1.9,19.144,18.273,17.961,108488.41,129198.99,117553.37,19.36
2018-01-29,19.3,19.3,18.72,67476.38,-0.36,-1.86,19.13,18.507,18.101,90078.66,125403.64,117634.57,19.0
2018-01-30,18.67,19.07,18.58,39820.76,-0.31,-1.63,19.07,18.646,18.171,78372.84,120346.43,112245.37,18.69
2018-01-31,18.69,19.15,18.25,52758.94,-0.06,-0.32,18.936,18.887,18.201,65598.97,114434.68,106112.52,18.63
2018-02-01,18.98,20.35,18.85,191093.0,0.46,2.47,18.954,19.012,18.253,89774.86,115517.85,111108.73,19.09
2018-02-02,19.29,20.88,18.61,151443.58,1.61,8.43,19.222,19.183,18.402,100518.53,104503.47,115398.47,20.7
2018-02-05,20.57,21.2,20.31,104567.99,-0.12,-0.58,19.538,19.334,18.526,107936.85,99007.76,116185.28,20.58
2018-02-06,20.0,20.39,18.58,117614.98,-1.42,-6.9,19.632,19.351,18.578,123495.7,100934.27,116210.7,19.16
2018-02-07,19.7,20.01,18.35,123172.36,-0.66,-3.44,19.606,19.271,18.59,137578.38,101588.67,119119.63,18.5
2018-02-08,18.48,18.99,17.8,64066.56,-0.01,-0.05,19.486,19.22,18.647,112173.09,100973.98,114587.93,18.49
2018-02-09,17.68,18.38,17.4,122319.4,-0.11,-0.59,19.022,19.122,18.698,106348.26,103433.4,116316.19,18.38
2018-02-12,18.39,19.81,18.28,88380.34,1.39,7.56,18.86,19.199,18.853,103110.73,105523.79,115463.72,19.77
2018-02-13,19.8,20.48,19.5,86510.66,0.1,0.51,19.002,19.317,18.982,96889.86,110192.78,115269.61,19.87
2018-02-14,19.96,21.39,19.89,85255.36,1.52,7.65,19.58,19.593,19.24,89306.46,113442.42,113938.55,21.39
2018-02-22,21.8,22.58,20.98,133119.23,1.01,4.72,20.362,19.924,19.468,103117.0,107645.05,111581.45,22.4
2018-02-23,22.08,22.4,21.58,91623.28,-0.28,-1.25,21.11,20.066,19.625,96977.77,101663.02,103083.24,22.12
2018-02-26,22.12,22.58,21.54,103170.76,0.12,0.54,21.604,20.232,19.783,99935.86,101523.29,100265.53,22.24
2018-02-27,22.03,22.06,21.44,76078.32,-0.59,-2.65,21.96,20.481,19.916,97849.39,97369.63,99151.95,21.65
2018-02-28,21.15,22.23,20.82,87935.7,0.33,1.52,22.078,20.829,20.05,98385.46,93845.96,97717.32,21.98
2018-03-01,21.8,21.96,21.21,90337.98,-0.36,-1.64,21.922,21.142,20.181,89829.21,96473.1,98723.54,21.62
2018-03-02,21.44,21.58,20.82,65286.11,-0.53,-2.45,21.716,21.413,20.268,84561.77,90769.77,97101.58,21.09
2018-03-05,21.17,21.52,20.55,60930.82,-0.04,-0.19,21.478,21.541,20.37,76113.79,88024.82,96774.31,21.05
2018-03-06,21.03,23.16,20.71,163874.81,2.11,10.02,21.78,21.87,20.594,93673.08,95761.24,102977.01,23.16
2018-03-07,23.1,23.13,21.39,150651.36,-1.67,-7.21,21.682,21.88,20.737,106216.22,102300.84,107871.63,21.49
2018-03-08,21.11,22.08,20.99,104866.68,0.03,0.14,21.662,21.792,20.858,109121.96,99475.58,103560.31,21.52
2018-03-09,21.52,21.99,21.31,82135.1,-0.07,-0.33,21.734,21.725,20.896,112491.75,98526.76,100094.89,21.45
2018-03-12,21.39,22.45,20.91,132923.45,0.95,4.43,22.004,21.741,20.987,126890.28,101502.03,101512.66,22.4
2018-03-13,22.08,22.18,21.62,71268.84,-0.75,-3.35,21.702,21.741,21.111,108369.09,101021.09,99195.36,21.65
2018-03-14,21.31,22.46,21.3,72689.41,0.14,0.65,21.762,21.722,21.276,92776.7,99496.46,96671.21,21.79
2018-03-15,21.3,21.79,20.94,72305.76,-0.44,-2.02,21.728,21.695,21.419,86264.51,97693.23,97083.17,21.35
2018-03-16,21.3,21.52,20.96,44199.25,-0.35,-1.64,21.638,21.686,21.55,78677.34,95584.55,93177.16,21.0
2018-03-19,20.86,20.99,20.13,79796.43,-0.77,-3.67,21.204,21.604,21.573,68051.94,97471.11,92747.97,20.23
2018-03-20,19.99,21.15,19.9,83418.73,0.73,3.61,21.066,21.384,21.627,70481.92,89425.5,92593.37,20.96
2018-03-21,21.1,21.27,20.4,58595.68,-0.44,-2.1,20.812,21.287,21.584,67663.17,80219.93,91260.39,20.52
2018-03-22,20.7,20.7,19.7,76995.9,-0.5,-2.44,20.546,21.137,21.465,68601.2,77432.86,88454.22,20.02
2018-03-23,19.02,19.48,18.1,109734.55,-1.17,-5.84,20.116,20.877,21.301,81708.26,80192.8,89359.78,18.85
2018-03-26,18.55,19.22,18.33,51908.44,0.35,1.86,19.91,20.557,21.149,76130.66,72091.3,86796.67,19.2
2018-03-27,19.45,20.18,19.45,61851.33,0.4,2.08,19.638,20.352,21.047,71817.18,71149.55,86085.32,19.6
2018-03-28,19.29,19.83,19.0,42986.54,-0.6,-3.06,19.334,20.073,20.898,68695.35,68179.26,83837.86,19.0
2018-03-29,19.0,20.0,18.76,67147.32,0.84,4.42,19.298,19.922,20.809,66725.64,67663.42,82678.33,19.84
2018-03-30,19.85,20.21,19.65,45370.76,0.05,0.25,19.506,19.811,20.749,53852.88,67780.57,81682.56,19.89
2018-04-02,19.88,20.45,19.62,48769.46,-0.16,-0.8,19.612,19.761,20.683,53225.08,64677.87,81074.49,19.73
2018-04-03,19.31,19.31,18.7,71117.01,-0.84,-4.26,19.47,19.554,20.469,55078.22,63447.7,76436.6,18.89
2018-04-04,18.97,19.19,18.67,51390.44,-0.15,-0.79,19.418,19.376,20.332,56759.0,62727.18,71473.55,18.74
2018-04-09,18.72,18.9,18.18,42711.0,-0.1,-0.53,19.178,19.238,20.188,51871.73,59298.69,68365.77,18.64
2018-04-10,18.11,18.71,17.79,97561.74,0.05,0.27,18.938,19.222,20.05,62309.93,58081.4,69137.1,18.69
2018-04-11,18.85,19.08,18.6,44323.69,0.03,0.16,18.736,19.174,19.866,61420.78,57322.93,64707.11,18.72
2018-04-12,18.6,18.92,18.4,29339.51,-0.22,-1.18,18.658,19.064,19.708,53065.28,54071.75,62610.65,18.5
2018-04-13,18.5,18.66,17.96,45057.02,-0.47,-2.54,18.516,18.967,19.52,51798.59,54278.8,61229.03,18.03
2018-04-16,17.88,18.35,17.88,34976.51,0.16,0.89,18.426,18.802,19.362,50251.69,51061.71,59362.57,18.19
2018-04-17,18.01,18.73,18.01,47060.27,0.2,1.1,18.366,18.652,19.232,40151.4,51230.67,59505.62,18.39
2018-04-18,18.58,19.11,18.22,55769.84,0.68,3.7,18.436,18.586,19.174,42440.63,51930.7,58304.29,19.07
2018-04-19,18.98,19.05,18.75,36435.21,-0.25,-1.31,18.5,18.579,19.067,43859.77,48462.52,55955.11,18.82
2018-04-20,18.68,19.8,18.5,65100.71,0.35,1.86,18.728,18.622,18.999,47868.51,49833.55,56280.36,19.17
2018-04-23,19.19,19.29,18.2,34580.22,-0.22,-1.15,18.88,18.653,18.946,47789.25,49020.47,54159.58,18.95
2018-04-24,18.73,19.58,18.73,45208.17,0.27,1.43,19.046,18.706,18.964,47418.83,43785.12,50933.26,19.22
2018-04-25,19.01,19.83,18.89,55769.52,0.6,3.12,19.196,18.816,18.995,47418.77,44929.7,51126.31,19.82
2018-04-26,19.8,19.8,19.46,24513.73,-0.12,-0.6,19.372,18.936,19.0,45034.47,44447.12,49259.43,19.7
2018-04-27,19.82,20.5,19.74,42979.22,0.18,0.91,19.514,19.121,19.044,40610.17,44239.34,49259.07,19.88
2018-05-02,19.88,20.51,19.71,56724.21,0.47,2.36,19.794,19.337,19.07,45038.97,46414.11,48737.91,20.35
2018-05-03,20.48,21.33,20.35,70339.64,0.8,3.93,20.18,19.613,19.133,50065.26,48742.05,49986.36,21.15
2018-05-04,20.99,21.5,20.68,48594.0,-0.3,-1.42,20.386,19.791,19.189,48630.16,48024.46,49977.58,20.85
2018-05-07,20.97,21.25,20.47,74515.87,0.27,1.29,20.67,20.021,19.3,58630.59,51832.53,50147.53,21.12
2018-05-08,21.12,21.63,20.9,44262.95,-0.06,-0.28,20.906,20.21,19.416,58887.33,49748.75,49791.15,21.06
2018-05-09,21.08,21.22,20.5,43175.75,-0.35,-1.66,20.978,20.386,19.52,56177.64,50608.31,49814.39,20.71
2018-05-10,20.75,20.97,20.45,28598.66,-0.01,-0.05,20.888,20.534,19.62,47829.45,48947.36,46366.24,20.7
2018-05-11,20.7,20.89,20.41,29145.42,0.03,0.14,20.864,20.625,19.721,43939.73,46284.95,45607.32,20.73
2018-05-14,20.75,21.1,20.6,33317.33,0.22,1.06,20.83,20.75,19.843,35700.02,47165.31,45806.21,20.95
2018-05-15,20.95,22.0,20.86,94445.82,1.05,5.01,21.018,20.962,20.042,45736.6,52311.97,48275.65,22.0
2018-05-16,21.88,22.4,21.75,75820.58,-0.12,-0.55,21.252,21.115,20.226,52265.56,54221.6,50317.86,21.88
2018-05-17,21.79,22.95,21.76,71608.19,0.48,2.19,21.584,21.236,20.425,60867.47,54348.46,51545.25,22.36
2018-05-18,22.36,22.86,21.89,44034.76,-0.19,-0.85,21.872,21.368,20.58,63845.34,53892.53,50958.5,22.17
2018-05-21,22.19,22.8,22.19,51373.28,0.42,1.89,22.2,21.515,20.768,67456.53,51578.27,51705.4,22.59
2018-05-22,22.59,22.78,22.29,31914.62,-0.1,-0.44,22.298,21.658,20.934,54950.29,50343.44,50046.1,22.49
2018-05-23,22.48,23.09,21.56,64488.6,-0.89,-3.96,22.242,21.747,21.067,52683.89,52474.73,51541.52,21.6
2018-05-24,21.66,22.76,21.66,82628.81,0.94,4.35,22.278,21.931,21.233,54888.01,57877.74,53412.55,22.54
2018-05-25,22.7,22.7,20.29,116691.89,-2.22,-9.85,21.908,21.89,21.258,69419.44,66632.39,56458.67,20.32
2018-05-28,20.32,21.27,19.01,93197.62,0.73,3.59,21.6,21.9,21.325,77784.31,72620.42,59892.86,21.05
2018-05-29,20.87,21.98,20.87,87010.68,0.67,3.18,21.446,21.872,21.417,88803.52,71876.9,62094.43,21.72
2018-05-30,21.01,21.5,19.88,66281.3,-1.79,-8.24,21.112,21.677,21.396,89162.06,70922.98,62572.29,19.93
2018-05-31,20.14,20.98,20.14,48405.21,0.82,4.11,20.754,21.516,21.376,82317.34,68602.68,61475.57,20.75
2018-06-01,20.7,21.2,19.84,49807.72,-0.69,-3.33,20.702,21.305,21.337,68940.51,69179.97,61536.25,20.06
2018-06-04,20.0,20.57,19.69,39806.74,0.44,2.19,20.592,21.096,21.306,58262.33,68023.32,59800.8,20.5
2018-06-05,20.8,21.19,20.22,49055.2,0.4,1.95,20.428,20.937,21.298,50671.23,69737.38,60040.41,20.9
2018-06-06,20.98,21.15,20.52,43185.5,0.12,0.57,20.646,20.879,21.313,46052.07,67607.07,60040.9,21.02
2018-06-07,21.05,21.05,20.29,46111.68,-0.65,-3.09,20.57,20.662,21.297,45593.37,63955.35,60916.55,20.37
2018-06-08,20.32,20.58,20.0,27926.26,-0.25,-1.23,20.582,20.642,21.266,41217.08,55078.79,60855.59,20.12
2018-06-11,19.98,20.34,19.89,15429.8,0.06,0.3,20.518,20.555,21.228,36341.69,47302.01,59961.21,20.18
2018-06-12,20.33,20.35,19.81,34346.04,-0.28,-1.39,20.318,20.373,21.123,33399.86,42035.55,56956.22,19.9
2018-06-13,20.01,20.35,19.9,25302.97,0.0,0.0,20.094,20.37,21.024,29823.35,37937.71,54430.34,19.9
2018-06-14,19.87,20.03,19.41,25418.57,-0.25,-1.26,19.95,20.26,20.888,25684.73,35639.05,52120.86,19.65
2018-06-15,19.55,19.83,18.65,52276.67,-0.65,-3.31,19.726,20.154,20.73,30554.81,35885.94,52532.96,19.0
2018-06-19,18.67,18.89,17.88,38140.11,-0.5,-2.63,19.39,19.954,20.525,35096.87,35719.28,51871.3,18.5
2018-06-20,18.35,18.55,18.02,30137.85,-0.19,-1.03,19.072,19.695,20.316,34255.23,33827.55,51782.46,18.31
2018-06-21,18.32,18.94,17.52,48257.3,-0.69,-3.77,18.616,19.355,20.117,38846.1,34334.73,50970.9,17.62
2018-06-22,17.54,18.15,17.44,28506.38,0.48,2.72,18.306,19.128,19.895,39463.66,32574.2,48264.77,18.1
2018-06-25,18.34,18.78,18.22,38037.5,0.29,1.6,18.184,18.955,19.799,36615.83,33585.32,44332.06,18.39
2018-06-26,18.3,18.92,18.11,34760.06,0.53,2.88,18.268,18.829,19.692,35939.82,35518.35,41410.18,18.92
2018-06-27,19.0,19.77,18.8,33820.32,0.2,1.06,18.43,18.751,19.562,36676.31,35465.77,38750.66,19.12
2018-06-28,19.2,19.69,18.39,33009.21,-0.7,-3.66,18.59,18.603,19.487,33626.69,36236.4,37087.05,18.42
2018-06-29,18.76,19.58,18.6,34978.34,0.94,5.1,18.842,18.574,19.417,34921.09,37192.37,36415.71,19.36
2018-07-02,19.36,19.78,18.81,23635.3,-0.3,-1.55,18.976,18.58,19.367,32040.65,34328.24,35107.09,19.06
2018-07-03,18.9,19.15,18.32,32126.74,-0.16,-0.84,18.972,18.62,19.287,31513.98,33726.9,34723.09,18.9
2018-07-04,19.33,19.92,19.33,66097.39,0.73,3.86,19.074,18.752,19.224,37969.4,37322.85,35575.2,19.63
2018-07-05,19.47,20.0,19.19,63984.59,-0.33,-1.68,19.25,18.92,19.138,44164.47,38895.58,36615.15,19.3
2018-07-06,19.3,19.55,18.5,39242.98,0.18,0.93,19.274,19.058,19.093,45017.4,39969.24,36271.72,19.48
2018-07-09,19.59,20.44,19.22,49385.32,0.81,4.16,19.52,19.248,19.102,50167.4,41104.03,37344.67,20.29
2018-07-10,20.28,20.5,19.9,34413.04,0.14,0.69,19.826,19.399,19.114,50624.66,41069.32,38293.83,20.43
2018-07-11,19.98,20.25,19.85,37438.85,-0.3,-1.47,19.926,19.5,19.126,44892.96,41431.18,38448.47,20.13
2018-07-12,19.91,20.64,19.85,39710.85,0.45,2.23,20.182,19.716,19.16,40038.21,42101.34,39168.87,20.58
2018-07-13,20.4,20.75,20.1,40102.21,0.12,0.58,20.426,19.85,19.212,40210.05,42613.73,39903.05,20.7
2018-07-16,20.75,21.1,20.51,32886.04,0.17,0.82,20.542,20.031,19.306,36910.2,43538.8,38933.52,20.87
2018-07-17,20.88,20.88,20.41,19282.52,-0.21,-1.01,20.588,20.207,19.414,33884.09,42254.38,37990.64,20.66
2018-07-18,20.71,20.76,19.83,47261.19,-0.71,-3.44,20.552,20.239,19.496,35848.56,40370.76,38846.81,19.95
2018-07-19,19.97,20.28,19.61,40479.42,-0.17,-0.85,20.392,20.287,19.604,36002.28,38020.24,38457.91,19.78
2018-07-20,19.77,19.97,19.59,40202.15,-0.02,-0.1,20.204,20.315,19.687,36022.26,38116.16,39042.7,19.76
2018-07-23,19.8,20.7,19.56,83075.88,0.93,4.71,20.168,20.355,19.802,46060.23,41485.22,41294.62,20.69
2018-07-24,20.8,20.8,20.45,54893.3,-0.13,-0.63,20.148,20.368,19.884,53182.39,43533.24,42301.28,20.56
2018-07-25,20.56,20.56,19.95,38778.82,-0.49,-2.38,20.172,20.362,19.931,51485.91,43667.24,42549.21,20.07
2018-07-26,20.07,20.11,19.2,47351.18,-0.46,-2.29,20.138,20.265,19.991,52860.27,44431.27,43266.31,19.61
2018-07-27,19.43,19.65,19.25,13080.04,-0.11,-0.56,20.086,20.145,19.998,47435.84,41729.05,42171.39,19.5
2018-07-30,19.5,19.61,19.21,20136.97,0.0,0.0,19.848,20.008,20.02,34848.06,40454.15,41996.47,19.5
2018-07-31,19.13,19.65,19.13,11214.45,0.11,0.56,19.658,19.903,20.055,26112.29,39647.34,40950.86,19.61
2018-08-01,19.6,19.8,19.35,25372.0,-0.26,-1.33,19.514,19.843,20.041,23430.93,37458.42,38914.59,19.35
2018-08-02,19.36,19.36,18.46,23104.1,-0.52,-2.69,19.358,19.748,20.018,18581.51,35720.89,36870.57,18.83
2018-08-03,18.6,19.3,18.6,19409.36,0.24,1.27,19.272,19.679,19.997,19847.38,33641.61,35878.88,19.07
2018-08-06,19.08,19.76,18.97,33174.58,-0.02,-0.1,19.182,19.515,19.935,22454.9,28651.48,35068.35,19.05
2018-08-07,19.03,19.38,18.66,43198.53,0.27,1.42,19.124,19.391,19.88,28851.71,27482.0,35507.62,19.32
2018-08-08,19.45,19.45,19.07,18892.64,-0.21,-1.09,19.076,19.295,19.829,27555.84,25493.39,34580.31,19.11
2018-08-09,19.12,19.54,19.0,42844.7,0.29,1.52,19.19,19.274,19.77,31503.96,25042.74,34737.0,19.4
2018-08-10,19.5,19.6,19.18,26407.0,-0.03,-0.15,19.25,19.261,19.703,32903.49,26375.43,34052.24,19.37
2018-08-13,19.28,19.4,18.8,18509.52,-0.32,-1.65,19.25,19.216,19.612,29970.48,26212.69,33333.42,19.05
2018-08-14,19.06,19.19,18.91,11942.18,-0.05,-0.26,19.186,19.155,19.529,23719.21,26285.46,32966.4,19.0
2018-08-15,19.0,19.13,18.13,25590.63,-0.85,-4.47,18.994,19.035,19.439,25058.81,26307.32,31882.87,18.15
2018-08-16,17.98,18.34,17.63,32249.0,0.0,0.0,18.744,18.967,19.358,22939.67,27221.81,31471.35,18.15
2018-08-17,18.49,18.55,17.98,39463.2,-0.17,-0.94,18.466,18.858,19.269,25550.91,29227.2,31434.4,17.98
2018-08-20,17.8,18.21,17.61,24738.86,0.07,0.39,18.266,18.758,19.137,26796.77,28383.63,28517.55,18.05
2018-08-21,17.97,18.83,17.97,59188.53,0.68,3.77,18.212,18.699,19.045,36246.04,29982.63,28732.31,18.73
2018-08-22,18.8,18.8,18.46,19936.0,-0.22,-1.18,18.284,18.639,18.967,35115.12,30086.96,27790.17,18.51
2018-08-23,18.51,18.59,18.16,22050.41,-0.17,-0.92,18.322,18.533,18.904,33075.4,28007.53,26525.14,18.34
2018-08-24,18.34,18.86,18.25,33683.6,0.44,2.4,18.482,18.474,18.868,31919.48,28735.19,27555.31,18.78
2018-08-27,18.76,19.28,18.62,36145.44,0.4,2.13,18.708,18.487,18.852,34200.8,30498.79,28355.74,19.18
2018-08-28,19.32,19.34,19.02,20519.21,0.0,0.0,18.798,18.505,18.83,26466.93,31356.49,28820.97,19.18
2018-08-29,19.14,19.2,19.02,10957.25,-0.13,-0.68,18.906,18.595,18.815,24671.18,29893.15,28100.24,19.05
2018-08-30,18.95,19.2,18.67,16795.27,-0.24,-1.26,19.0,18.661,18.814,23620.15,28347.78,27784.8,18.81
2018-08-31,18.76,19.26,18.76,16779.24,0.31,1.65,19.068,18.775,18.817,20239.28,26079.38,27653.29,19.12
2018-09-03,19.12,19.16,18.48,17279.54,-0.13,-0.68,19.03,18.869,18.814,16466.1,25333.45,26858.54,18.99
2018-09-04,18.98,19.39,18.98,24809.9,0.21,1.11,19.034,18.916,18.808,17324.24,21895.59,25939.11,19.2
2018-09-05,19.2,19.32,19.0,16007.97,-0.16,-0.83,19.032,18.969,18.804,18334.38,21502.78,25794.87,19.04
2018-09-06,19.0,19.15,18.66,15130.99,-0.35,-1.84,19.008,19.004,18.769,18001.53,20810.84,24409.19,18.69
2018-09-07,18.63,19.16,18.63,17493.53,0.29,1.55,18.98,19.024,18.749,18144.39,19191.83,23963.51,18.98
2018-09-10,18.82,19.18,18.18,24802.7,-0.73,-3.85,18.832,18.931,18.709,19649.02,18057.56,24278.17,18.25
2018-09-11,18.26,18.65,16.43,82670.46,-1.82,-9.97,18.278,18.656,18.581,31221.13,24272.69,27814.59,16.43
2018-09-12,16.0,16.68,15.8,55075.0,-0.14,-0.85,17.728,18.38,18.488,39034.54,28684.46,29288.81,16.29
2018-09-13,16.4,16.54,16.27,19044.0,0.17,1.04,17.282,18.145,18.403,39817.14,28909.33,28628.56,16.46
2018-09-14,16.49,17.83,16.49,35447.49,0.6,3.65,16.898,17.939,18.357,43407.93,30776.16,28427.77,17.06
2018-09-17,17.19,17.28,16.7,17356.0,-0.17,-1.0,16.626,17.729,18.299,41918.59,30783.8,28058.63,16.89
2018-09-18,16.83,17.35,16.7,26646.6,0.37,2.19,16.792,17.535,18.226,30713.82,30967.47,26431.53,17.26
2018-09-19,17.25,18.02,17.2,58114.08,0.04,0.23,16.994,17.361,18.165,31321.63,35178.09,28340.43,17.3
2018-09-20,17.36,17.69,17.36,22511.13,0.18,1.04,17.198,17.24,18.122,32015.06,35916.1,28363.47,17.48
2018-09-21,17.52,17.72,16.87,27309.4,0.05,0.29,17.292,17.095,18.06,30387.44,36897.69,28044.76,17.53
2018-09-25,17.35,17.76,17.26,15375.9,0.14,0.8,17.448,17.037,17.984,29991.42,35955.01,27006.28,17.67
2018-09-26,17.75,19.03,17.62,60202.68,0.86,4.87,17.702,17.247,17.952,36702.64,33708.23,28990.46,18.53
2018-09-27,18.38,18.86,18.3,24476.53,-0.06,-0.32,17.936,17.465,17.923,29975.13,30648.38,29666.42,18.47
2018-09-28,18.42,19.32,18.21,56071.35,0.61,3.3,18.256,17.727,17.936,36687.17,34351.12,31630.22,19.08
2018-10-08,18.6,19.05,18.52,35410.96,-0.26,-1.36,18.514,17.903,17.921,38307.48,34347.46,32561.81,18.82
2018-10-09,18.9,19.05,18.3,25865.27,-0.18,-0.96,18.708,18.078,17.904,40405.36,35198.39,32991.1,18.64
2018-10-10,18.72,19.19,18.55,18075.84,0.26,1.4,18.782,18.242,17.889,31979.99,34341.31,32654.39,18.9
2018-10-11,18.3,19.15,18.04,41552.44,-0.72,-3.81,18.724,18.33,17.846,35395.17,32685.15,33931.62,18.18
2018-10-12,18.6,19.2,18.22,72997.7,0.87,4.79,18.718,18.487,17.864,38780.44,37733.81,36824.95,19.05
2018-10-15,19.12,20.2,18.62,72568.38,0.07,0.37,18.778,18.646,17.871,46211.93,42259.71,39578.7,19.12
2018-10-16,19.11,19.11,18.05,37258.39,-1.01,-5.28,18.672,18.69,17.864,48490.55,44447.95,40201.48,18.11
2018-10-17,18.39,18.64,18.12,23853.99,0.42,2.32,18.598,18.69,17.969,49646.18,40813.09,37260.66,18.53
2018-10-18,18.65,18.65,17.0,54931.91,-1.19,-6.42,18.43,18.577,18.021,52322.07,43858.62,37253.5,17.34
2018-10-19,17.03,18.8,17.02,63282.48,1.46,8.42,18.38,18.549,18.138,50379.03,44579.74,39465.43,18.8
2018-10-22,18.91,19.95,18.89,80985.3,0.92,4.89,18.5,18.639,18.271,52062.41,49137.17,41742.32,19.72
2018-10-23,19.72,19.92,18.4,56082.69,-1.11,-5.63,18.6,18.636,18.357,55827.27,52158.91,43678.65,18.61
2018-10-24,18.74,18.75,17.97,32288.12,-0.5,-2.69,18.516,18.557,18.4,57514.1,53580.14,43960.73,18.11
2018-10-25,17.7,17.91,17.0,39485.08,-0.28,-1.55,18.614,18.522,18.426,54424.73,53373.4,43029.28,17.83
2018-10-26,18.02,18.45,17.14,58402.22,-0.36,-2.02,18.348,18.364,18.426,53448.68,51913.86,44823.83,17.47
2018-10-29,17.47,17.49,16.12,68762.9,-0.87,-4.98,17.724,18.112,18.379,51004.2,51533.31,46896.51,16.6
2018-10-30,16.6,17.33,15.88,61008.72,0.36,2.17,17.394,17.997,18.344,51989.41,53908.34,49178.15,16.96
2018-10-31,16.99,17.65,16.83,46520.38,0.24,1.42,17.212,17.864,18.277,54835.86,56174.98,48494.03,17.2
2018-11-01,17.2,17.71,17.2,38015.25,0.41,2.38,17.168,17.891,18.234,54541.89,54483.31,49170.97,17.61
2018-11-02,18.1,18.36,17.88,38400.2,0.71,4.03,17.338,17.843,18.196,50541.49,51995.09,48287.41,18.32
2018-11-05,18.28,18.66,18.1,24158.02,0.07,0.38,17.696,17.71,18.175,41620.51,46312.36,47724.76,18.39
2018-11-06,18.41,18.6,18.12,15646.76,0.1,0.54,18.002,17.698,18.167,32548.12,42268.77,47213.84,18.49
2018-11-07,18.45,18.55,18.17,15457.0,-0.29,-1.57,18.202,17.707,18.132,26335.45,40585.65,47082.9,18.2
2018-11-08,18.28,18.4,17.48,44445.19,-0.4,-2.2,18.24,17.704,18.113,27621.43,41081.66,47227.53,17.8
2018-11-09,17.92,18.05,17.4,38394.75,-0.35,-1.97,18.066,17.702,18.033,27620.34,39080.92,45497.39,17.45
2018-11-12,17.49,17.8,17.08,37111.74,0.29,1.66,17.936,17.816,17.964,30211.09,35915.8,43724.55,17.74
2018-11-13,17.5,17.77,17.3,35769.03,0.02,0.11,17.79,17.896,17.947,34235.54,33391.83,43650.09,17.76
2018-11-14,17.78,17.78,16.8,74835.65,-0.66,-3.72,17.57,17.886,17.875,46111.27,36223.36,46199.17,17.1
2018-11-15,17.17,17.19,16.81,56991.49,0.09,0.53,17.448,17.844,17.868,48620.53,38120.98,46302.15,17.19
2018-11-16,17.3,17.32,16.7,100346.39,-0.2,-1.16,17.356,17.711,17.777,61010.86,44315.6,48155.34,16.99
2018-11-19,17.03,17.05,16.48,90801.26,-0.34,-2.0,17.138,17.537,17.624,71748.76,50979.93,48646.14,16.65
2018-11-20,16.68,16.78,16.2,72209.98,-0.38,-2.28,16.84,17.315,17.507,79036.95,56636.25,49452.51,16.27
2018-11-21,16.13,16.13,15.57,92289.82,-0.24,-1.48,16.626,17.098,17.403,82527.79,64319.53,52452.59,16.03
2018-11-22,16.03,16.03,15.21,125709.4,-0.58,-3.62,16.278,16.863,17.284,96271.37,72445.95,56763.81,15.45
2018-11-23,15.14,15.4,14.49,151387.52,-0.71,-4.59,15.828,16.592,17.147,106479.6,83745.23,61413.07,14.74
2018-11-26,14.79,15.2,13.98,131056.3,-0.49,-3.32,15.348,16.243,17.03,114530.6,93139.68,64527.74,14.25
2018-11-27,14.36,14.48,14.13,59857.92,0.15,1.05,14.974,15.907,16.902,112060.19,95548.57,64470.2,14.4
2018-11-28,14.31,14.64,14.27,70209.52,0.14,0.97,14.676,15.651,16.769,107644.13,95085.96,65654.66,14.54
2018-11-29,14.65,14.65,13.82,119632.25,-0.72,-4.95,14.35,15.314,16.579,106428.7,101350.04,69735.51,13.82
2018-11-30,13.82,14.11,13.4,108261.64,0.03,0.22,14.172,15.0,16.356,97803.53,102141.56,73228.58,13.85
2018-12-03,14.3,14.79,13.98,172436.02,0.81,5.85,14.254,14.801,16.169,106079.47,110305.04,80642.48,14.66
2018-12-04,14.65,15.12,14.42,135968.78,0.32,2.18,14.37,14.672,15.994,121301.64,116680.92,86658.58,14.98
2018-12-05,14.65,15.2,14.58,107623.04,0.13,0.87,14.484,14.58,15.839,128784.35,118214.24,91266.88,15.11
2018-12-06,14.9,15.08,14.54,79042.18,-0.44,-2.91,14.654,14.502,15.683,120666.33,113547.52,92996.73,14.67
2018-12-07,14.66,14.82,14.34,64876.22,-0.16,-1.09,14.786,14.479,15.536,111989.25,104896.39,94320.81,14.51
2018-12-10,14.37,14.41,13.95,72623.92,-0.39,-2.69,14.678,14.466,15.355,92026.83,99053.15,96096.42,14.12
2018-12-11,14.22,14.38,14.06,57183.29,0.25,1.77,14.556,14.463,15.185,76269.73,98785.69,97167.13,14.37
2018-12-12,14.37,14.55,14.35,38119.77,0.04,0.28,14.416,14.45,15.051,62369.08,95576.71,95331.34,14.41
2018-12-13,14.5,14.55,14.2,51161.46,0.01,0.07,14.366,14.51,14.912,56792.93,88729.63,95039.83,14.42
2018-12-14,14.41,14.41,13.98,55018.96,-0.44,-3.05,14.26,14.523,14.762,54821.48,83405.36,92773.46,13.98
2018-12-17,13.97,13.97,13.61,43843.0,-0.31,-2.22,14.17,14.424,14.613,49065.3,70546.06,90425.55,13.67
2018-12-18,13.5,13.87,13.48,51921.91,0.12,0.88,14.054,14.305,14.489,48013.02,62141.38,89411.15,13.79
2018-12-19,13.86,13.97,13.68,36709.03,-0.03,-0.22,13.924,14.17,14.375,47730.87,55049.97,86632.11,13.76
2018-12-20,13.92,13.92,13.62,31442.43,0.02,0.14,13.796,14.081,14.292,43787.07,50290.0,81918.76,13.78
2018-12-21,13.77,13.91,13.61,42791.55,0.07,0.51,13.77,14.015,14.247,41341.58,48081.53,76488.96,13.85
2018-12-24,13.85,14.35,13.6,51785.7,0.31,2.24,13.868,14.019,14.243,42930.12,45997.71,72525.43,14.16
2018-12-25,14.0,14.34,13.9,56456.7,0.08,0.56,13.958,14.006,14.235,43837.08,45925.05,72355.37,14.24
2018-12-26,14.12,14.34,13.85,46907.29,-0.33,-2.32,13.988,13.956,14.203,45876.73,46803.8,71190.26,13.91
2018-12-27,14.14,14.18,13.55,50958.45,-0.31,-2.23,13.952,13.874,14.192,49779.94,46783.5,67756.57,13.6
2018-12-28,13.63,13.8,13.03,75492.3,-0.46,-3.38,13.81,13.79,14.157,56320.09,48830.84,66118.1,13.14
2019-01-02,13.28,13.5,13.25,78465.65,0.35,2.66,13.676,13.772,14.098,61656.08,52293.1,61419.58,13.49
2019-01-03,13.51,13.51,12.51,91846.25,-0.84,-6.23,13.358,13.658,13.982,68733.99,56285.54,59213.46,12.65
2019-01-04,12.55,13.0,12.2,105586.77,0.3,2.37,13.166,13.577,13.874,80469.88,63173.31,59111.64,12.95
2019-01-07,13.11,13.17,12.98,55694.1,0.18,1.39,13.072,13.512,13.797,81417.01,65598.48,57944.24,13.13
2019-01-08,13.13,13.26,12.98,35489.65,-0.09,-0.69,13.052,13.431,13.723,73416.48,64868.29,56474.91,13.04
2019-01-09,13.04,13.3,13.04,54813.05,0.12,0.92,12.986,13.331,13.675,68685.96,65171.02,55584.37,13.16
2019-01-10,13.15,13.15,12.93,40281.53,-0.21,-1.6,13.046,13.202,13.604,58373.02,63553.5,54739.28,12.95
2019-01-11,13.04,13.11,12.89,38519.82,0.03,0.23,13.052,13.109,13.533,44959.63,62714.76,54759.28,12.98
2019-01-14,12.98,13.16,12.93,49347.91,0.13,1.0,13.048,13.06,13.467,43690.39,62553.7,54668.6,13.11
2019-01-15,13.01,13.22,13.0,54971.19,0.08,0.61,13.078,13.065,13.428,47586.7,60501.59,54666.21,13.19
2019-01-16,13.2,13.3,13.14,60685.53,0.02,0.15,13.088,13.037,13.405,48761.2,58723.58,55508.34,13.21
2019-01-17,13.26,13.26,12.94,43366.85,-0.19,-1.44,13.102,13.074,13.366,49378.26,53875.64,55080.59,13.02
2019-01-18,13.02,13.36,13.0,49853.4,0.33,2.54,13.176,13.114,13.346,51644.98,48302.3,55737.81,13.35
2019-01-21,13.43,14.58,13.43,168590.2,0.86,6.44,13.396,13.222,13.367,75493.43,59591.91,62595.19,14.21
2019-01-22,14.15,14.39,14.02,102033.15,-0.03,-0.21,13.594,13.336,13.384,84905.83,66246.26,65557.27,14.18
2019-01-23,14.23,14.67,14.07,98100.21,0.41,2.89,13.87,13.479,13.405,92388.76,70574.98,67873.0,14.59
2019-01-24,14.55,14.67,14.38,67727.67,0.03,0.21,14.19,13.646,13.424,97260.93,73319.59,68436.55,14.62
2019-01-25,14.64,14.79,14.45,61503.6,-0.11,-0.75,14.422,13.799,13.454,99590.97,75617.97,69166.36,14.51
2019-01-28,14.6,15.15,14.45,111413.98,0.54,3.72,14.59,13.993,13.527,88155.72,81824.58,72189.14,15.05
2019-01-29,14.87,15.12,14.64,70393.86,-0.15,-1.0,14.734,14.164,13.615,81827.86,83366.85,71934.22,14.9
2019-01-30,14.69,14.97,14.56,35631.22,-0.28,-1.88,14.74,14.305,13.671,69334.07,80861.41,69792.5,14.62
2019-01-31,14.58,14.85,14.45,42330.06,-0.02,-0.14,14.736,14.463,13.769,64254.54,80757.74,67316.69,14.6
2019-02-01,14.74,14.98,14.6,45942.63,0.38,2.6,14.83,14.626,13.87,61142.35,80366.66,64334.48,14.98
2019-02-11,14.95,15.33,14.77,54864.2,0.29,1.94,14.874,14.732,13.977,49832.39,68994.06,64292.99,15.27
2019-02-12,15.25,15.53,15.02,54278.93,0.05,0.33,14.958,14.846,14.091,46609.41,64218.64,65232.45,15.32
2019-02-13,15.26,15.62,15.2,53705.02,0.15,0.98,15.128,14.934,14.207,50224.17,59779.12,65177.05,15.47
2019-02-14,15.46,16.2,15.33,72455.24,0.42,2.71,15.386,15.061,14.354,56249.2,60251.87,66785.73,15.89
2019-02-15,15.8,15.99,15.57,56450.6,-0.13,-0.82,15.542,15.186,14.493,58350.8,59746.57,67682.27,15.76
2019-02-18,15.81,16.49,15.81,60525.45,0.69,4.38,15.778,15.326,14.66,59483.05,54657.72,68241.15,16.45
2019-02-19,16.3,16.88,16.05,58256.61,0.08,0.49,16.02,15.489,14.827,60278.58,53444.0,68405.42,16.53
2019-02-20,16.54,16.7,16.19,52280.74,-0.1,-0.6,16.212,15.67,14.988,59993.73,55108.95,67985.18,16.43
2019-02-21,16.32,16.48,16.1,68326.14,-0.16,-0.97,16.288,15.837,15.15,59167.91,57708.56,69233.15,16.27
2019-02-22,16.23,16.31,15.78,75079.83,-0.03,-0.18,16.384,15.963,15.295,62893.75,60622.28,70494.47,16.24
2019-02-25,15.43,16.49,15.04,558795.44,0.04,0.25,16.35,16.064,15.398,162547.75,111015.4,90004.73,16.28
2019-02-26,15.88,15.93,15.52,307784.16,-0.67,-4.12,16.166,16.093,15.47,212453.26,136365.92,100292.28,15.61
2019-02-27,15.5,15.76,15.12,172505.72,-0.36,-2.31,15.93,16.071,15.503,236498.26,148245.99,104012.56,15.25
2019-02-28,15.15,15.38,15.1,98305.18,0.12,0.79,15.75,16.019,15.54,242494.07,150830.99,105541.43,15.37
2019-03-01,15.38,15.44,15.16,89524.12,0.03,0.2,15.582,15.983,15.585,245382.92,154138.34,106942.46,15.4
2019-03-04,15.5,15.83,15.47,171229.12,0.23,1.49,15.452,15.901,15.614,167869.66,165208.71,109933.21,15.63
2019-03-05,15.63,15.78,15.47,105321.83,0.12,0.77,15.48,15.823,15.656,127377.19,169915.23,111679.61,15.75
2019-03-06,15.78,16.08,15.78,134793.23,0.24,1.52,15.628,15.779,15.725,119834.7,178166.48,116637.71,15.99
2019-03-07,16.0,16.07,15.71,145005.23,-0.15,-0.94,15.722,15.736,15.787,129174.71,185834.39,121771.47,15.84
2019-03-08,15.63,15.64,14.97,119587.38,-0.83,-5.24,15.644,15.613,15.788,135187.36,190285.14,125453.71,15.01
2019-03-11,15.0,15.34,14.97,92805.4,0.32,2.13,15.584,15.518,15.791,119502.61,143686.14,127350.77,15.33
2019-03-12,15.35,16.07,15.35,221467.48,0.67,4.37,15.634,15.557,15.825,142731.74,135054.47,135710.2,16.0
2019-03-13,16.08,16.23,15.81,194105.3,-0.1,-0.62,15.616,15.622,15.847,154594.16,137214.43,142730.21,15.9
2019-03-14,15.85,16.38,15.38,176068.66,0.47,2.96,15.722,15.722,15.871,160806.84,144990.78,147910.88,16.37
2019-03-15,16.44,16.87,16.35,234396.59,0.36,2.2,16.066,15.855,15.919,183768.69,159478.02,156808.18,16.73
2019-03-18,16.73,17.2,16.46,152277.31,0.37,2.21,16.42,16.002,15.952,195663.07,157582.84,161395.77,17.1
2019-03-19,17.1,17.11,16.6,98320.8,-0.44,-2.57,16.552,16.093,15.958,171033.73,156882.74,163398.98,16.66
2019-03-20,16.68,16.71,16.15,87006.38,-0.28,-1.68,16.648,16.132,15.956,149613.95,152104.05,165135.27,16.38
2019-03-21,16.27,16.47,16.19,81663.51,0.0,0.0,16.65,16.186,15.961,130732.92,145769.88,165802.13,16.38
2019-03-22,16.45,16.69,16.16,76525.74,-0.04,-0.24,16.572,16.319,15.966,99158.75,141463.72,165874.43,16.34
2019-03-25,16.04,16.16,15.69,89782.0,-0.63,-3.86,16.294,16.357,15.938,86659.69,141161.38,142423.76,15.71
2019-03-26,15.81,15.87,15.16,72234.12,-0.39,-2.48,16.026,16.289,15.923,81442.35,126238.04,130646.26,15.32
2019-03-27,15.4,15.63,15.16,53656.18,0.22,1.44,15.858,16.253,15.938,74772.31,112193.13,124703.78,15.54
2019-03-28,15.51,15.67,15.38,40392.3,-0.14,-0.9,15.662,16.156,15.939,66518.07,98625.49,121808.13,15.4
2019-03-29,15.43,15.71,15.22,86518.91,0.3,1.95,15.534,16.053,15.954,68516.7,83837.73,121657.87,15.7
2019-04-01,16.7,17.25,16.3,258019.52,1.34,8.54,15.8,16.047,16.025,102164.21,94411.95,125997.39,17.04
2019-04-02,17.56,18.18,17.35,293753.09,0.57,3.35,16.258,16.142,16.118,146468.0,113955.18,135418.96,17.61
2019-04-03,16.9,17.0,16.5,263894.03,-0.57,-3.27,16.518,16.188,16.16,188515.57,131643.94,141874.0,16.84
2019-04-04,17.07,18.52,17.03,364242.88,1.27,7.54,17.06,16.361,16.274,253285.69,159901.88,152835.88,18.11
2019-04-08,19.92,19.92,19.51,345512.31,1.81,9.99,17.904,16.719,16.519,305084.37,186800.53,164132.13,19.92
2019-04-09,19.9,19.9,18.35,319358.62,-1.42,-7.13,18.196,16.998,16.678,317352.19,209758.2,175459.79,18.5
2019-04-10,18.44,18.97,17.83,209304.59,-0.1,-0.54,18.354,17.306,16.798,300462.49,223465.24,174851.64,18.4
2019-04-11,18.3,18.3,17.09,176398.92,-1.21,-6.58,18.424,17.471,16.862,282963.46,235739.52,173966.32,17.19
2019-04-12,17.15,17.48,16.8,103575.28,-0.15,-0.87,18.21,17.635,16.896,230829.94,242057.82,170341.65,17.04
2019-04-15,17.38,17.59,16.79,106958.0,-0.21,-1.23,17.592,17.748,16.901,183119.08,244101.72,163969.72,16.83
2019-04-16,16.79,17.59,16.55,107160.48,0.68,4.04,17.394,17.795,16.921,140679.45,229015.82,161713.88,17.51
2019-04-17,17.55,17.85,17.3,101624.5,-0.12,-0.69,17.192,17.773,16.958,119143.44,209802.96,161879.07,17.39
2019-04-18,17.3,17.41,16.97,66737.28,-0.25,-1.44,17.182,17.803,16.996,97211.11,190087.29,160865.61,17.14
2019-04-19,17.03,17.32,16.83,70628.31,0.16,0.93,17.234,17.722,17.042,90621.71,160725.83,160313.85,17.3
2019-04-22,17.31,17.32,16.72,72816.8,-0.52,-3.01,17.224,17.408,17.064,83793.47,133456.28,160128.41,16.78
2019-04-23,16.66,16.96,16.52,53823.0,-0.22,-1.31,17.034,17.214,17.106,73125.98,106902.72,158330.46,16.56
2019-04-24,15.98,15.98,15.48,199532.31,-0.87,-5.25,16.694,16.943,17.125,92707.54,105925.49,164695.37,15.69
2019-04-25,15.68,15.69,15.06,103321.48,-0.58,-3.7,16.288,16.735,17.103,100024.38,98617.74,167178.63,15.11
2019-04-26,15.07,15.18,14.75,54842.89,-0.23,-1.52,15.804,16.519,17.077,96867.3,93744.51,167901.16,14.88
2019-04-29,14.9,15.06,14.58,58109.18,0.0,0.0,15.424,16.324,17.036,93925.77,88859.62,166480.67,14.88
2019-04-30,14.88,15.48,14.85,85327.25,0.6,4.03,15.208,16.121,16.958,100226.62,86676.3,157846.06,15.48
2019-05-06,14.92,15.27,14.61,81214.05,-0.62,-4.0,15.042,15.868,16.821,76562.97,84635.26,147219.11,14.86
2019-05-07,14.92,15.19,14.8,58779.47,0.25,1.68,15.042,15.665,16.734,67654.57,83839.47,136963.38,15.11
2019-05-08,14.8,15.16,14.7,41044.05,-0.19,-1.26,15.05,15.427,16.575,64894.8,80881.05,120803.44,14.92
2019-05-09,14.72,14.88,14.46,45584.37,-0.44,-2.95,14.97,15.197,16.303,62389.84,78157.81,105807.04,14.48
2019-05-10,14.59,14.95,14.22,63890.23,0.25,1.73,14.82,15.014,16.114,58102.43,79164.53,93033.62,14.73
2019-05-13,14.53,14.66,14.38,37371.42,-0.33,-2.24,14.728,14.885,15.914,49333.91,62948.44,84436.96,14.4
2019-05-14,14.19,15.05,14.18,62878.08,0.32,2.22,14.65,14.846,15.791,50153.63,58904.1,78760.92,14.72
2019-05-15,14.78,15.11,14.74,54682.35,0.18,1.22,14.646,14.848,15.684,52881.29,58888.05,76316.28,14.9
2019-05-16,14.83,15.6,14.75,91416.13,0.5,3.36,14.83,14.9,15.612,62047.64,62218.74,75539.18,15.4
2019-05-17,15.3,15.3,14.75,63808.09,-0.58,-3.77,14.848,14.834,15.478,62031.21,60066.82,73371.56,14.82
2019-05-20,14.8,14.8,14.21,47561.22,-0.36,-2.43,14.86,14.794,15.331,64069.17,56701.54,70668.4,14.46
2019-05-21,14.49,14.69,14.47,35008.2,0.19,1.31,14.846,14.748,15.207,58495.2,54324.41,69081.94,14.65
2019-05-22,14.65,14.65,14.28,43663.76,-0.29,-1.98,14.738,14.692,15.06,56291.48,54586.39,67733.72,14.36
2019-05-23,14.29,14.44,13.72,61733.36,-0.54,-3.76,14.422,14.626,14.912,50354.93,56201.28,67179.54,13.82
2019-05-24,13.72,13.96,13.16,86051.89,-0.45,-3.26,14.132,14.49,14.752,54803.69,58417.45,68790.99,13.37
2019-05-27,13.38,13.63,13.25,55266.89,0.2,1.5,13.954,14.407,14.646,56344.82,60207.0,61577.72,13.57
2019-05-28,13.57,13.92,13.5,63456.74,0.06,0.44,13.75,14.298,14.572,62034.53,60264.86,59584.48,13.63
2019-05-29,13.62,13.88,13.52,44501.07,0.23,1.69,13.65,14.194,14.521,62201.99,59246.74,59067.39,13.86
2019-05-30,13.85,13.85,13.45,57418.91,-0.32,-2.31,13.594,14.008,14.454,61339.1,55847.01,59032.88,13.54
2019-05-31,13.6,13.82,13.55,42153.69,0.2,1.48,13.668,13.9,14.367,52559.46,53681.57,56874.2,13.74
2019-06-03,13.78,13.78,13.3,43883.89,-0.34,-2.48,13.634,13.794,14.294,50282.86,53313.84,55007.69,13.4
2019-06-04,13.4,13.4,13.12,37909.69,-0.22,-1.64,13.544,13.647,14.198,45173.45,53603.99,53964.2,13.18
2019-06-05,13.26,13.35,13.09,28884.71,-0.05,-0.38,13.398,13.524,14.108,42050.18,52126.08,53356.23,13.13
2019-06-06,13.15,13.2,12.74,49566.0,-0.36,-2.74,13.244,13.419,14.023,40479.6,50909.35,53555.32,12.77
2019-06-10,12.76,13.09,12.76,31938.1,0.2,1.57,13.09,13.379,13.935,38436.48,45497.97,51957.71,12.97
2019-06-11,12.97,13.49,12.97,48665.57,0.48,3.7,13.1,13.367,13.887,39392.81,44837.84,52522.42,13.45
2019-06-12,13.47,13.58,13.3,32749.2,-0.14,-1.04,13.126,13.335,13.817,38360.72,41767.08,51015.97,13.31
2019-06-13,13.28,13.54,13.22,22776.34,0.12,0.9,13.186,13.292,13.743,37139.04,39594.61,49420.67,13.43
2019-06-14,13.42,13.44,13.15,25340.34,-0.21,-1.56,13.276,13.26,13.634,32293.91,36386.75,46116.88,13.22
2019-06-17,13.22,13.28,13.0,16390.27,0.0,0.0,13.326,13.208,13.554,29184.34,33810.41,43745.99,13.22
2019-06-18,13.21,13.35,13.17,13589.65,0.03,0.23,13.286,13.193,13.494,22169.16,30780.99,42047.41,13.25
2019-06-19,13.5,13.6,13.27,30472.0,0.06,0.45,13.286,13.206,13.427,21713.72,30037.22,41820.6,13.31
2019-06-20,13.3,13.4,12.98,69038.1,-0.02,-0.15,13.258,13.222,13.373,30966.07,34052.56,43089.32,13.29
2019-06-21,13.3,13.64,13.26,67664.32,0.28,2.11,13.328,13.302,13.361,39430.87,35862.39,43385.87,13.57
2019-06-24,13.56,13.67,13.35,44236.41,0.09,0.66,13.416,13.371,13.375,45000.1,37092.22,41295.09,13.66
2019-06-25,13.71,13.73,13.18,41074.22,-0.32,-2.34,13.434,13.36,13.364,50497.01,36333.09,40585.46,13.34
2019-06-26,13.23,13.4,13.14,22315.67,-0.05,-0.38,13.43,13.358,13.347,48865.74,35289.73,38528.41,13.29
2019-06-27,13.35,13.41,13.21,30633.2,-0.04,-0.3,13.422,13.34,13.316,41184.76,36075.42,37835.01,13.25
2019-06-28,13.25,13.27,13.0,31865.0,-0.2,-1.51,13.318,13.323,13.292,34024.9,36727.88,36557.32,13.05
2019-07-01,13.3,13.49,13.24,54503.0,0.36,2.76,13.268,13.342,13.275,36078.22,40539.16,37174.78,13.41
2019-07-02,13.43,13.45,13.29,41114.8,-0.07,-0.52,13.268,13.351,13.272,36086.33,43291.67,37036.33,13.34
2019-07-03,13.33,13.39,13.16,28737.51,-0.06,-0.45,13.266,13.348,13.277,37370.7,43118.22,36577.72,13.28
2019-07-04,13.34,13.67,13.34,79894.93,0.33,2.48,13.338,13.38,13.301,47223.05,44203.91,39128.23,13.61
2019-07-05,13.68,13.78,13.53,44463.38,-0.01,-0.07,13.448,13.383,13.343,49742.72,41883.81,38873.1,13.6
2019-07-08,13.5,13.58,13.13,38514.0,-0.18,-1.32,13.45,13.359,13.365,46544.92,41311.57,39201.9,13.42
2019-07-09,13.27,13.41,13.2,22592.0,-0.14,-1.04,13.438,13.353,13.357,42840.36,39463.35,37898.22,13.28
2019-07-10,13.26,13.46,13.24,18240.0,0.08,0.6,13.454,13.36,13.359,40740.86,39055.78,37172.76,13.36
2019-07-11,13.36,13.43,13.26,17397.14,-0.03,-0.23,13.398,13.368,13.354,28241.3,37732.18,36903.8,13.33
2019-07-12,13.39,13.65,13.3,42644.35,0.23,1.73,13.39,13.419,13.371,27877.5,38810.11,37769.0,13.56
2019-07-15,13.54,13.58,13.15,54831.22,-0.13,-0.96,13.392,13.421,13.382,31140.94,38842.93,39691.05,13.43
2019-07-16,13.32,13.35,13.2,44601.32,-0.19,-1.42,13.384,13.411,13.381,35542.81,39191.59,41241.63,13.24
2019-07-17,13.28,13.4,13.08,57013.05,0.15,1.13,13.39,13.422,13.385,43297.42,42019.14,42568.68,13.39
2019-07-18,13.24,13.32,13.16,28832.15,-0.16,-1.2,13.37,13.384,13.382,45584.42,36912.86,40558.38,13.23
2019-07-19,13.29,13.35,13.13,31127.38,-0.08,-0.6,13.288,13.339,13.361,43281.02,35579.26,38731.54,13.15
2019-07-22,13.2,13.2,12.74,34137.0,-0.34,-2.59,13.164,13.278,13.319,39142.18,35141.56,38226.57,12.81
2019-07-23,12.81,12.88,12.71,24185.77,0.06,0.47,13.09,13.237,13.295,35059.07,35300.94,37382.14,12.87
2019-07-24,12.87,12.99,12.87,18965.19,0.06,0.47,12.998,13.194,13.277,27449.5,35373.46,37214.62,12.93
2019-07-25,12.94,12.95,12.85,12555.0,-0.01,-0.08,12.936,13.153,13.261,24194.07,34889.24,36310.71,12.92
2019-07-26,12.8,12.85,12.69,33957.38,-0.15,-1.16,12.86,13.074,13.247,24760.07,34020.55,36415.33,12.77
2019-07-29,12.77,12.92,12.71,30807.94,0.1,0.78,12.872,13.018,13.22,24094.26,31618.22,35230.58,12.87
2019-07-30,12.87,12.93,12.77,26379.42,0.02,0.15,12.876,12.983,13.197,24532.99,29796.03,34493.81,12.89
2019-07-31,12.81,12.85,12.73,21855.02,-0.12,-0.93,12.844,12.921,13.172,25110.95,26280.23,34149.68,12.77
2019-08-01,12.77,12.83,12.71,18062.7,0.05,0.39,12.824,12.88,13.132,26212.49,25203.28,31058.07,12.82
2019-08-02,12.6,12.7,12.42,19644.95,-0.19,-1.48,12.796,12.828,13.084,23350.01,24055.04,29817.15,12.63
2019-08-05,12.57,12.63,12.32,29744.98,-0.29,-2.3,12.69,12.781,13.03,23137.41,23615.84,29378.7,12.34
2019-08-06,12.14,12.14,11.19,65717.13,-0.85,-6.89,12.41,12.643,12.94,31004.96,27768.97,31534.95,11.49
2019-08-07,11.39,11.63,11.27,26105.91,-0.2,-1.74,12.114,12.479,12.837,31855.13,28483.04,31928.25,11.29
2019-08-08,11.29,11.5,11.27,26836.13,0.21,1.86,11.85,12.337,12.745,33609.82,29911.16,32400.2,11.5
2019-08-09,11.53,11.55,10.92,50554.31,-0.48,-4.17,11.528,12.162,12.618,39791.69,31570.85,32795.7,11.02
2019-08-12,11.02,11.83,11.02,52040.58,0.67,6.08,11.398,12.044,12.531,44250.81,33694.11,32656.17,11.69
2019-08-13,11.62,11.75,11.21,54911.24,-0.02,-0.17,11.434,11.922,12.453,42089.63,36547.3,33171.66,11.67
2019-08-14,11.79,11.98,11.49,35576.08,-0.16,-1.37,11.478,11.796,12.359,43983.67,37919.4,32099.81,11.51
2019-08-15,11.22,11.44,11.16,24956.08,-0.14,-1.22,11.452,11.651,12.266,43607.66,38608.74,31906.01,11.37
2019-08-16,11.41,11.6,11.37,27732.0,0.0,0.0,11.522,11.525,12.177,39043.2,39417.44,31736.24,11.37
2019-08-19,11.37,12.03,11.33,93983.55,0.63,5.54,11.584,11.491,12.136,47431.79,45841.3,34728.57,12.0
2019-08-20,12.0,12.22,11.76,57283.19,-0.07,-0.58,11.636,11.535,12.089,47906.18,44997.91,36383.44,11.93
2019-08-21,11.93,12.09,11.9,33913.88,0.08,0.67,11.736,11.607,12.043,47573.74,45778.7,37130.87,12.01
2019-08-22,12.01,12.09,11.95,28843.96,0.08,0.67,11.88,11.666,12.002,48351.32,45979.49,37945.32,12.09
2019-08-23,12.02,12.3,11.96,38093.19,0.16,1.32,12.056,11.789,11.976,50423.55,44733.38,38152.11,12.25
2019-08-26,11.89,12.18,11.81,43178.98,-0.18,-1.47,12.07,11.827,11.936,40262.64,43847.22,38770.66,12.07
2019-08-27,12.11,12.43,12.11,44176.2,0.34,2.82,12.166,11.901,11.912,37641.24,42773.71,39660.5,12.41
2019-08-28,12.38,12.42,12.26,15392.73,-0.11,-0.89,12.224,11.98,11.888,33937.01,40755.38,39337.39,12.3
2019-08-29,12.32,12.37,12.09,23009.0,-0.18,-1.46,12.23,12.055,11.853,32770.02,40560.67,39584.7,12.12
2019-08-30,12.22,12.67,12.22,57560.09,0.16,1.32,12.236,12.146,11.836,36663.4,43543.48,41480.46,12.28
2019-09-02,12.24,12.51,12.2,37415.99,0.16,1.3,12.31,12.19,11.841,35510.8,37886.72,41864.01,12.44
2019-09-03,12.39,12.53,12.34,30908.31,0.05,0.4,12.326,12.246,11.891,32857.22,35249.23,40123.57,12.49
2019-09-04,12.42,12.52,12.39,25841.52,-0.01,-0.08,12.362,12.293,11.95,34946.98,34442.0,40110.35,12.48
2019-09-05,12.48,12.69,12.48,35917.95,0.08,0.64,12.45,12.34,12.003,37528.77,35149.4,40564.44,12.56
2019-09-06,12.58,12.79,12.57,31589.44,0.16,1.27,12.538,12.387,12.088,32334.64,34499.02,39616.2,12.72
2019-09-09,12.81,12.92,12.73,31099.2,0.17,1.34,12.628,12.469,12.148,31071.28,33291.04,38569.13,12.89
2019-09-10,12.94,12.94,12.76,29837.26,-0.03,-0.23,12.702,12.514,12.208,30857.07,31857.15,37315.43,12.86
2019-09-11,12.9,12.93,12.67,29209.0,-0.15,-1.17,12.748,12.555,12.268,31530.57,33238.78,36997.08,12.71
2019-09-12,12.71,12.83,12.71,19839.29,0.08,0.63,12.794,12.622,12.339,28314.84,32921.81,36741.24,12.79
2019-09-16,12.89,12.89,12.68,22878.0,-0.09,-0.7,12.79,12.664,12.405,26572.55,29453.6,36498.54,12.7
2019-09-17,12.68,12.72,12.13,46175.15,-0.48,-3.78,12.656,12.642,12.416,29587.74,30329.51,34108.12,12.22
2019-09-18,12.28,12.28,12.13,20095.21,-0.02,-0.16,12.524,12.613,12.43,27639.33,29248.2,32248.72,12.2
2019-09-19,12.21,12.28,12.19,16717.19,0.08,0.66,12.438,12.593,12.443,25140.97,28335.77,31388.88,12.28
2019-09-20,12.33,12.48,12.28,26570.0,0.05,0.41,12.346,12.57,12.455,26487.11,27400.97,31275.19,12.33
2019-09-23,12.35,12.35,11.85,42480.78,-0.38,-3.08,12.196,12.493,12.44,30407.67,28490.11,31494.56,11.95
2019-09-24,11.99,12.29,11.88,36148.65,0.19,1.59,12.18,12.418,12.444,28402.37,28995.05,31143.05,12.14
2019-09-25,12.14,12.17,11.92,22736.37,-0.14,-1.15,12.14,12.332,12.423,28930.6,28284.96,30071.06,12.0
2019-09-26,12.02,12.09,11.82,25351.31,-0.11,-0.92,12.062,12.25,12.403,30657.42,27899.2,30568.99,11.89
2019-09-27,11.85,11.88,11.73,22658.58,-0.1,-0.84,11.954,12.15,12.386,29875.14,28181.12,30551.46,11.79
2019-09-30,11.79,11.89,11.56,18930.91,-0.22,-1.87,11.878,12.037,12.351,25165.16,27786.42,28620.01,11.57
2019-10-08,11.6,11.77,11.5,17646.3,0.14,1.21,11.792,11.986,12.314,21464.69,24933.53,27631.52,11.71
2019-10-09,11.7,12.02,11.58,18470.92,0.29,2.48,11.792,11.966,12.29,20611.6,24771.1,27009.65,12.0
2019-10-10,11.99,12.05,11.89,15528.8,-0.04,-0.33,11.806,11.934,12.264,18647.1,24652.26,26494.02,11.96
2019-10-11,11.98,12.05,11.8,12901.3,-0.08,-0.67,11.824,11.889,12.23,16695.65,23285.39,25343.18,11.88
2019-10-14,12.04,12.38,11.91,45362.85,0.46,3.87,11.978,11.928,12.211,21982.03,23573.6,26031.85,12.34
2019-10-15,12.3,12.32,11.95,34316.8,-0.32,-2.59,12.04,11.916,12.167,25316.13,23390.41,26192.73,12.02
2019-10-16,11.96,12.09,11.83,17201.95,-0.17,-1.41,12.01,11.901,12.117,25062.34,22836.97,25560.97,11.85
2019-10-17,11.87,11.87,11.66,22569.0,-0.16,-1.35,11.956,11.881,12.066,26470.38,22558.74,25228.97,11.69
2019-10-18,11.7,11.75,11.51,29700.5,0.01,0.09,11.92,11.872,12.011,29830.22,23262.93,25722.03,11.7
2019-10-21,11.64,11.64,11.17,44814.04,-0.33,-2.82,11.726,11.852,11.945,29720.46,25851.25,26818.83,11.37
2019-10-22,11.3,11.39,11.2,25071.4,-0.09,-0.79,11.578,11.809,11.898,27871.38,26593.76,25763.64,11.28
2019-10-23,11.29,11.3,11.12,24026.18,-0.11,-0.97,11.442,11.726,11.846,29236.22,27149.28,25960.19,11.17
2019-10-24,11.17,11.19,11.09,15147.52,-0.01,-0.09,11.336,11.646,11.79,27751.93,27111.15,25881.71,11.16
2019-10-25,11.13,11.28,11.1,12927.93,0.12,1.07,11.252,11.586,11.738,24397.41,27113.82,25199.6,11.28
2019-10-28,11.29,11.7,11.29,42800.16,0.28,2.48,11.29,11.508,11.718,23994.64,26857.55,25215.57,11.56
2019-10-29,11.59,11.59,11.45,16489.91,-0.08,-0.69,11.33,11.454,11.685,22278.34,25074.86,24232.64,11.48
2019-10-30,11.45,11.48,11.34,16071.4,-0.05,-0.44,11.382,11.412,11.657,20687.38,24961.8,23899.39,11.43
2019-10-31,11.5,11.69,11.41,28442.37,0.22,1.93,11.48,11.408,11.645,23346.35,25549.14,24053.94,11.65
2019-11-01,11.6,11.86,11.54,29245.33,0.13,1.12,11.58,11.416,11.644,26609.83,25503.62,24383.28,11.78
2019-11-04,11.82,11.97,11.81,28108.65,0.06,0.51,11.636,11.463,11.658,23671.53,23833.09,24842.17,11.84
2019-11-05,11.9,11.95,11.75,31526.57,0.1,0.84,11.728,11.529,11.669,26678.86,24478.6,25536.18,11.94
2019-11-06,12.02,12.15,11.87,34073.84,-0.04,-0.34,11.822,11.602,11.664,30279.35,25483.37,26316.33,11.9
2019-11-07,11.88,12.02,11.85,26585.03,0.05,0.42,11.882,11.681,11.664,29907.88,26627.12,26869.14,11.95
2019-11-08,11.98,12.09,11.86,35539.24,-0.07,-0.59,11.902,11.741,11.664,31166.67,28888.25,28001.03,11.88
2019-11-11,11.72,11.8,11.2,54601.27,-0.53,-4.46,11.804,11.72,11.614,36465.19,30068.36,28462.95,11.35
2019-11-12,11.38,11.39,11.24,26325.53,-0.06,-0.53,11.674,11.701,11.578,35424.98,31051.92,28063.39,11.29
2019-11-13,11.26,11.32,11.14,21885.92,-0.02,-0.18,11.548,11.685,11.549,32987.4,31633.38,28297.59,11.27
2019-11-14,11.3,11.4,11.21,21907.26,0.07,0.62,11.426,11.654,11.531,32051.84,30979.86,28264.5,11.34
2019-11-15,11.37,11.37,11.14,21717.27,-0.19,-1.68,11.28,11.591,11.504,29287.45,30227.06,27865.34,11.15
2019-11-18,11.15,11.39,11.1,19290.72,0.18,1.61,11.276,11.54,11.502,22225.34,29345.27,26589.18,11.33
2019-11-19,11.37,11.66,11.31,24947.21,0.3,2.65,11.344,11.509,11.519,21949.68,28687.33,26582.97,11.63
2019-11-20,11.63,11.85,11.56,32380.06,0.15,1.29,11.446,11.497,11.55,24048.5,28517.95,27000.66,11.78
2019-11-21,11.62,11.98,11.62,27853.23,0.03,0.26,11.54,11.483,11.582,25237.7,28644.77,27635.95,11.81
2019-11-22,11.77,11.99,11.68,40398.1,-0.05,-0.42,11.662,11.471,11.606,28973.86,29130.66,29009.45,11.76
2019-11-25,11.75,12.06,11.69,40958.83,0.22,1.87,11.792,11.534,11.627,33307.49,27766.41,28917.39,11.98
2019-11-26,11.8,11.93,11.58,39867.42,-0.24,-2.0,11.814,11.579,11.64,36291.53,29120.6,30086.26,11.74
2019-11-27,11.62,11.94,11.62,27235.23,0.14,1.19,11.834,11.64,11.663,35262.56,29655.53,30644.45,11.88
2019-11-28,11.77,11.82,11.61,18425.0,-0.25,-2.1,11.798,11.669,11.662,33376.92,29307.31,30143.59,11.63
2019-11-29,11.53,11.67,11.43,17801.66,-0.11,-0.95,11.75,11.706,11.649,28857.63,28915.75,29571.4,11.52
2019-12-02,11.52,11.59,11.21,29333.83,-0.25,-2.17,11.608,11.7,11.62,26532.63,29920.06,29632.66,11.27
2019-12-03,11.24,11.45,11.2,17605.0,0.17,1.51,11.548,11.681,11.595,22080.14,29185.84,28936.58,11.44
2019-12-04,11.3,11.44,11.28,11242.0,-0.03,-0.26,11.454,11.644,11.571,18881.5,27072.03,27794.99,11.41
2019-12-05,11.41,11.48,11.37,14298.81,0.03,0.26,11.416,11.607,11.545,18056.26,25716.59,27180.68,11.44
2019-12-06,11.44,11.55,11.36,14223.73,0.11,0.96,11.422,11.586,11.529,17340.67,23099.15,26114.9,11.55
2019-12-09,11.65,11.89,11.57,35026.04,0.28,2.42,11.534,11.571,11.553,18479.12,22505.87,25136.14,11.83
2019-12-10,11.87,12.23,11.79,76827.37,0.39,3.3,11.69,11.619,11.599,30323.59,26201.87,27661.23,12.22
2019-12-11,12.4,12.79,12.26,98139.36,0.31,2.54,11.914,11.684,11.662,47703.06,33292.28,31473.91,12.53
2019-12-12,13.0,13.57,12.65,173150.05,0.63,5.03,12.258,11.837,11.753,79473.31,48764.79,39036.05,13.16
2019-12-13,13.14,13.44,13.02,96291.48,0.16,1.22,12.612,12.017,11.862,95886.86,56613.77,42764.76,13.32
2019-12-16,13.44,13.45,12.93,99286.08,-0.23,-1.73,12.864,12.199,11.95,108738.87,63608.99,46764.52,13.09
2019-12-17,13.01,13.05,12.7,132426.64,-0.29,-2.21,12.98,12.335,12.008,119858.72,75091.16,52138.5,12.8
2019-12-18,12.78,12.96,12.66,87387.89,0.01,0.08,13.036,12.475,12.06,117708.43,82705.75,54888.89,12.81
2019-12-19,12.76,12.89,12.68,41738.04,0.02,0.16,12.97,12.614,12.111,91426.03,85449.67,55583.13,12.83
2019-12-20,12.85,12.95,12.48,74060.89,-0.35,-2.73,12.802,12.707,12.147,86979.91,91433.38,57266.27,12.48
2019-12-23,12.41,12.63,12.27,66167.46,-0.12,-0.96,12.656,12.76,12.166,80356.18,94547.53,58526.7,12.36
2019-12-24,12.42,12.78,12.38,72463.2,0.34,2.75,12.636,12.808,12.214,68363.5,94111.11,60156.49,12.7
2019-12-25,12.69,12.95,12.6,59184.69,-0.06,-0.47,12.602,12.819,12.252,62722.86,90215.64,61753.96,12.64
2019-12-26,12.67,13.71,12.46,187599.88,1.02,8.07,12.768,12.869,12.353,91895.22,91660.63,70212.71,13.66
2019-12-27,13.7,14.0,13.55,127073.28,-0.01,-0.07,13.002,12.902,12.46,102497.7,94738.81,75676.29,13.65
2019-12-30,13.65,14.35,13.52,111375.6,0.58,4.25,13.376,13.016,12.608,111539.33,95947.76,79778.37,14.23
2019-12-31,14.13,14.25,13.91,64702.68,-0.1,-0.7,13.662,13.149,12.742,109987.23,89175.36,82133.26,14.13
2020-01-02,14.2,14.58,14.07,99252.82,-0.01,-0.07,13.958,13.28,12.878,118000.85,90361.85,86533.8,14.12
2020-01-03,14.05,14.77,13.87,111241.93,0.39,2.76,14.128,13.448,13.031,102729.26,97312.24,91380.96,14.51
2020-01-06,14.39,14.78,14.25,84104.01,-0.08,-0.55,14.284,13.643,13.175,94135.41,98316.56,94874.97,14.43
2020-01-07,14.38,14.49,14.18,55523.13,-0.13,-0.9,14.298,13.837,13.299,82964.91,97252.12,95899.82,14.3
2020-01-08,14.28,14.41,13.9,69972.44,-0.34,-2.38,14.264,13.963,13.386,84018.87,97003.05,95557.08,13.96
2020-01-09,14.09,14.29,13.9,48622.64,0.04,0.29,14.24,14.099,13.459,73892.83,95946.84,93081.24,14.0
2020-01-10,14.02,14.13,13.8,41049.47,0.11,0.79,14.16,14.144,13.507,59854.34,81291.8,86476.21,14.11
2020-01-13,14.12,14.12,13.73,58875.37,-0.01,-0.07,14.094,14.189,13.546,54808.61,74472.01,84605.41,14.1
2020-01-14,14.15,14.48,14.03,64221.91,0.02,0.14,14.058,14.178,13.597,56548.37,69756.64,82852.2,14.12
2020-01-15,14.02,14.33,13.97,39345.57,-0.06,-0.42,14.078,14.171,13.66,50422.99,67220.93,78198.15,14.06
2020-01-16,14.15,14.17,13.9,25132.02,-0.15,-1.07,14.06,14.15,13.715,45724.87,59808.85,75085.35,13.91
2020-01-17,13.88,14.76,13.8,107008.87,0.61,4.38,14.142,14.151,13.8,58916.75,59385.54,78348.89,14.52
2020-01-20,14.52,14.66,14.0,67488.36,-0.31,-2.13,14.164,14.129,13.886,60639.35,57723.98,78020.27,14.21
2020-01-21,14.07,14.18,13.88,34155.62,-0.25,-1.76,14.132,14.095,13.966,54626.09,55587.23,76419.67,13.96
2020-01-22,13.9,13.99,13.6,52177.22,-0.25,-1.79,14.062,14.07,14.017,57192.42,53807.71,75405.38,13.71
2020-01-23,13.6,13.75,13.02,65117.69,-0.54,-3.94,13.914,13.987,14.043,65189.55,55457.21,75702.03,13.17
