date,open,high,low,volume,price_change,p_change,ma5,ma10,ma20,v_ma5,v_ma10,v_ma20,close
2017-07-25,8.49,8.58,8.42,732877.5,-0.01,-0.12,8.49,8.49,8.49,732877.5,732877.5,732877.5,8.49
2017-07-26,8.55,8.7,8.44,914782.88,0.01,0.12,8.495,8.495,8.495,823830.19,823830.19,823830.19,8.5
2017-07-27,8.48,8.52,8.22,1035162.81,-0.2,-2.35,8.43,8.43,8.43,894274.4,894274.4,894274.4,8.3
2017-07-28,8.34,8.37,8.21,609770.94,-0.02,-0.24,8.393,8.393,8.393,823148.53,823148.53,823148.53,8.28
2017-07-31,8.29,8.52,8.22,931249.81,0.23,2.78,8.416,8.416,8.416,844768.79,844768.79,844768.79,8.51
2017-08-01,8.51,8.76,8.5,1324188.88,0.19,2.23,8.458,8.463,8.463,963031.06,924672.14,924672.14,8.7
2017-08-02,8.7,8.71,8.51,746080.94,-0.17,-1.95,8.464,8.473,8.473,929290.68,899159.11,899159.11,8.53
2017-08-03,8.6,8.75,8.51,692878.12,0.11,1.29,8.532,8.494,8.494,860833.74,873373.99,873373.99,8.64
2017-08-04,8.65,9.05,8.61,1545961.62,0.22,2.55,8.648,8.534,8.534,1048071.87,948105.94,948105.94,8.86
2017-08-07,8.82,8.91,8.63,994612.25,0.03,0.34,8.724,8.57,8.57,1060744.36,952756.58,952756.58,8.89
2017-08-08,8.86,8.98,8.7,826770.94,-0.1,-1.12,8.742,8.6,8.59,961260.77,962145.92,941303.34,8.79
2017-08-09,8.85,8.93,8.65,922369.81,0.06,0.68,8.806,8.635,8.612,996518.55,962904.61,939725.54,8.85
2017-08-10,8.8,8.85,8.5,1121417.75,-0.29,-3.28,8.79,8.661,8.608,1082226.47,971530.11,953701.87,8.56
2017-08-11,8.46,8.46,8.01,1489150.88,-0.5,-5.84,8.63,8.639,8.569,1070864.33,1059468.1,991948.22,8.06
2017-08-14,8.05,8.21,8.04,557946.94,0.14,1.74,8.492,8.608,8.544,983531.26,1022137.81,963014.8,8.2
2017-08-15,8.2,8.25,8.08,530906.5,-0.05,-0.61,8.364,8.553,8.519,924358.38,942809.58,936008.04,8.15
2017-08-16,8.15,8.19,8.06,396751.94,-0.04,-0.49,8.216,8.511,8.495,819234.8,907876.68,904287.09,8.11
2017-08-17,8.12,8.25,8.11,392960.12,0.1,1.23,8.146,8.468,8.479,673543.28,877884.88,875880.04,8.21
2017-08-18,8.18,8.22,8.11,260078.39,-0.03,-0.36,8.17,8.4,8.464,427728.78,749296.55,843469.42,8.18
2017-08-21,8.19,8.33,8.19,371235.0,0.12,1.47,8.19,8.341,8.456,390386.39,686958.83,819857.7,8.3
2017-08-22,8.26,8.34,8.2,272461.81,-0.01,-0.12,8.218,8.291,8.446,338697.45,631527.91,796836.92,8.29
2017-08-23,8.28,8.29,8.08,377925.44,-0.19,-2.29,8.216,8.216,8.426,334932.15,577083.48,769994.04,8.1
2017-08-24,8.11,8.18,8.06,223069.84,0.01,0.12,8.194,8.17,8.416,300954.1,487248.69,729389.4,8.1
2017-08-25,8.1,8.28,8.1,451232.34,0.16,1.98,8.21,8.19,8.415,339184.89,383456.83,721462.47,8.26
2017-08-28,8.27,8.59,8.25,741737.94,0.22,2.66,8.246,8.218,8.413,413285.47,401835.93,711986.87,8.48
2017-08-29,8.48,8.52,8.39,500587.88,0.02,0.24,8.288,8.253,8.403,458910.69,398804.07,670806.82,8.5
2017-08-30,7.9,8.17,7.65,2517607.5,-0.45,-5.29,8.278,8.247,8.379,886847.1,610889.63,759383.15,8.05
2017-08-31,8.06,8.06,7.67,1611195.88,-0.22,-2.73,8.224,8.209,8.339,1164472.31,732713.2,805299.04,7.83
2017-09-01,7.82,7.83,7.72,1015838.75,-0.05,-0.64,8.128,8.169,8.285,1277393.59,808289.24,778792.9,7.78
2017-09-04,7.77,7.79,7.68,850300.69,-0.02,-0.26,7.984,8.115,8.228,1299106.14,856195.81,771577.32,7.76
2017-09-05,7.76,7.82,7.7,656903.56,0.03,0.39,7.842,8.065,8.178,1330369.28,894639.98,763083.95,7.79
2017-09-06,7.75,7.82,7.7,606557.56,-0.01,-0.13,7.788,8.033,8.125,948159.29,917503.19,747293.34,7.78
2017-09-07,7.78,7.91,7.75,642123.81,0.05,0.64,7.788,8.006,8.088,754344.87,959408.59,723328.64,7.83
2017-09-08,7.84,7.9,7.77,470935.19,-0.03,-0.38,7.792,7.96,8.075,645364.16,961378.88,672417.85,7.8
2017-09-11,7.78,7.78,7.65,702574.94,-0.1,-1.28,7.78,7.882,8.05,615819.01,957462.58,679649.25,7.7
2017-09-12,7.7,7.71,7.6,646407.5,-0.05,-0.65,7.752,7.797,8.025,613719.8,972044.54,685424.3,7.65
2017-09-13,7.63,7.85,7.62,769036.44,0.15,1.96,7.756,7.772,8.01,646215.58,797187.43,704038.53,7.8
2017-09-14,7.81,7.86,7.71,397598.47,-0.05,-0.64,7.74,7.764,7.987,597310.51,675827.69,704270.45,7.75
2017-09-15,7.76,7.77,7.66,314262.19,-0.06,-0.77,7.718,7.755,7.962,565975.91,605670.04,706979.64,7.69
2017-09-18,7.69,7.81,7.69,370534.62,0.11,1.43,7.738,7.759,7.937,499567.84,557693.43,706944.62,7.8
2017-09-19,7.82,7.83,7.72,342841.31,-0.05,-0.64,7.758,7.755,7.91,438854.61,526287.2,710463.59,7.75
2017-09-20,7.78,7.78,7.67,378543.44,-0.03,-0.39,7.742,7.749,7.891,360756.01,503485.79,710494.49,7.72
2017-09-21,7.72,7.72,7.63,423257.25,-0.09,-1.17,7.718,7.729,7.868,365887.76,481599.14,720503.86,7.63
2017-09-22,7.65,7.65,7.42,611032.62,-0.17,-2.23,7.672,7.695,7.828,425241.85,495608.88,728493.88,7.46
2017-09-25,7.44,7.45,7.3,505560.06,-0.14,-1.88,7.576,7.657,7.77,452246.94,475907.39,716684.98,7.32
2017-09-26,7.32,7.38,7.28,335931.12,0.03,0.41,7.496,7.627,7.712,450864.9,444859.75,708452.15,7.35
2017-09-27,7.33,7.57,7.27,651942.81,0.2,2.72,7.462,7.602,7.687,505544.77,433150.39,615168.91,7.55
2017-09-28,7.55,7.58,7.48,352465.62,-0.07,-0.93,7.432,7.575,7.67,491386.45,428637.1,552232.4,7.48
2017-09-29,7.51,7.68,7.51,416485.19,0.17,2.27,7.47,7.571,7.663,452476.96,438859.4,522264.72,7.65
2017-10-09,7.72,7.79,7.7,589453.12,0.12,1.57,7.56,7.568,7.664,469255.57,460751.25,509222.34,7.77
2017-10-10,7.76,7.8,7.7,399933.31,0.02,0.26,7.648,7.572,7.664,482056.01,466460.45,496373.83,7.79
2017-10-11,7.79,7.8,7.74,299823.81,-0.03,-0.39,7.69,7.576,7.663,411632.21,458588.49,481037.14,7.76
2017-10-12,7.77,7.85,7.73,373612.38,0.05,0.64,7.756,7.594,7.662,415861.56,453624.0,467611.57,7.81
2017-10-13,7.8,7.96,7.78,629342.94,0.09,1.15,7.806,7.638,7.667,458433.11,455455.04,475531.96,7.9
2017-10-16,7.92,7.93,7.78,413938.66,-0.03,-0.38,7.826,7.693,7.675,423330.22,446292.9,461100.14,7.87
2017-10-17,8.0,8.2,7.89,878605.88,0.04,0.51,7.85,7.749,7.688,519064.73,500560.37,472710.06,7.91
2017-10-18,7.91,7.99,7.85,422587.09,0.06,0.76,7.892,7.791,7.697,543617.39,477624.8,455387.59,7.97
2017-10-19,7.97,7.98,7.8,294114.75,-0.16,-2.01,7.892,7.824,7.7,527717.86,471789.71,450213.41,7.81
2017-10-20,7.78,7.89,7.76,286979.28,0.06,0.77,7.886,7.846,7.709,459245.13,458839.12,448849.26,7.87
2017-10-23,7.84,7.92,7.77,331601.38,-0.05,-0.64,7.876,7.851,7.71,442777.68,433053.95,446902.6,7.82
2017-10-24,7.84,7.97,7.84,281303.78,0.08,1.03,7.87,7.86,7.716,323317.26,421191.0,443825.72,7.88
2017-10-25,7.95,8.18,7.9,832275.56,0.27,3.43,7.906,7.899,7.738,405254.95,474436.17,466512.33,8.15
2017-10-26,8.13,8.37,8.1,1095404.12,0.17,2.09,8.008,7.95,7.772,565512.82,546615.34,500119.67,8.32
2017-10-27,8.3,8.43,8.2,674299.94,-0.09,-1.08,8.08,7.983,7.811,642976.96,551111.04,503283.04,8.23
2017-10-30,8.24,8.35,8.03,711092.25,0.04,0.49,8.17,8.023,7.858,718875.13,580826.4,513559.65,8.27
2017-10-31,8.27,8.28,8.1,466518.16,-0.07,-0.85,8.234,8.052,7.901,755918.01,539617.63,520089.0,8.2
2017-11-01,8.2,8.36,8.15,595421.0,-0.02,-0.24,8.24,8.073,7.932,708547.09,556901.02,517262.91,8.18
2017-11-02,8.1,8.15,7.82,930461.5,-0.34,-4.16,8.144,8.076,7.95,675558.57,620535.7,546162.71,7.84
2017-11-03,7.84,7.88,7.65,760063.06,0.02,0.26,8.07,8.075,7.961,692711.19,667844.08,563341.6,7.86
2017-11-06,7.85,7.85,7.71,404216.19,-0.06,-0.76,7.976,8.073,7.962,631335.98,675105.56,554079.75,7.8
2017-11-07,7.8,7.99,7.78,679348.69,0.09,1.15,7.914,8.074,7.967,673902.09,714910.05,568050.52,7.89
2017-11-08,7.9,8.16,7.87,1442867.75,0.15,1.9,7.886,8.063,7.981,843391.44,775969.27,625202.72,8.04
2017-11-09,8.05,8.22,7.92,1069238.88,0.05,0.62,7.936,8.04,7.995,871146.91,773352.74,659984.04,8.09
2017-11-10,8.1,8.55,8.04,2168803.25,0.42,5.19,8.066,8.068,8.026,1152894.95,922803.07,736957.06,8.51
2017-11-13,8.51,8.85,8.35,1924347.62,0.2,2.35,8.248,8.112,8.068,1456921.24,1044128.61,812477.51,8.71
2017-11-14,8.65,8.7,8.41,1156875.12,-0.12,-1.38,8.386,8.15,8.101,1552426.52,1113164.31,826390.97,8.58
2017-11-15,8.5,8.53,8.31,876169.94,-0.22,-2.56,8.45,8.168,8.121,1439086.96,1141239.2,849070.11,8.36
2017-11-16,8.35,8.54,8.33,814908.62,0.07,0.84,8.516,8.226,8.151,1388220.91,1129683.91,875109.8,8.42
2017-11-17,8.49,8.88,8.36,1963749.38,0.27,3.21,8.552,8.309,8.192,1347210.14,1250052.54,958948.31,8.69
2017-11-20,8.57,8.93,8.53,1561725.25,0.17,1.95,8.584,8.416,8.245,1274685.66,1365803.45,1020454.5,8.87
2017-11-21,8.81,9.0,8.72,1817255.0,0.13,1.47,8.666,8.526,8.3,1406761.64,1479594.08,1097252.06,8.99
2017-11-22,8.82,8.83,8.61,2539270.75,-0.29,-3.23,8.734,8.592,8.328,1739381.8,1589234.38,1182601.82,8.7
2017-11-23,8.7,9.02,8.46,2138417.25,-0.15,-1.72,8.76,8.638,8.339,2004083.53,1696152.22,1234752.48,8.55
2017-11-24,8.4,8.48,8.16,1296154.62,-0.1,-1.17,8.708,8.63,8.349,1870564.57,1608887.36,1265845.21,8.43
2017-11-27,8.38,8.4,8.16,905259.88,-0.15,-1.78,8.592,8.588,8.35,1739271.5,1506978.58,1275553.6,8.29
2017-11-28,8.29,8.49,8.22,720783.0,0.16,1.93,8.482,8.574,8.362,1519977.1,1463369.37,1288266.84,8.44
2017-11-29,8.47,9.17,8.39,2095623.5,0.67,7.93,8.566,8.65,8.409,1431247.65,1585314.73,1363276.96,9.12
2017-11-30,9.08,9.13,8.85,1663270.12,-0.1,-1.1,8.66,8.71,8.468,1336218.22,1670150.88,1399917.39,9.02
2017-12-01,9.04,9.13,8.88,1114258.0,0.06,0.67,8.788,8.748,8.529,1299838.9,1585201.74,1417627.14,9.07
2017-12-04,9.02,9.1,8.75,1177208.12,-0.07,-0.77,8.93,8.761,8.589,1354228.55,1546750.02,1456276.74,9.0
2017-12-05,8.92,9.2,8.87,1999398.62,-0.02,-0.22,9.04,8.761,8.644,1609951.67,1564964.39,1522279.23,8.99
2017-12-06,8.93,9.11,8.73,1244279.25,0.07,0.78,9.03,8.798,8.695,1439682.82,1435465.24,1512349.81,9.07
2017-12-07,9.03,9.15,8.8,953815.75,-0.2,-2.2,9.002,8.831,8.735,1297791.95,1317005.09,1506578.65,8.88
2017-12-08,8.81,8.81,8.52,1373291.0,-0.24,-2.7,8.916,8.852,8.741,1349598.55,1324718.72,1466803.04,8.64
2017-12-11,8.61,8.79,8.54,863007.75,0.14,1.62,8.87,8.9,8.744,1286758.47,1320493.51,1413736.05,8.77
2017-12-12,8.79,8.87,8.53,874646.25,-0.23,-2.62,8.782,8.911,8.743,1061808.0,1335879.84,1399624.6,8.55
2017-12-13,8.49,8.5,8.3,1073959.12,-0.08,-0.94,8.662,8.846,8.748,1027743.97,1233713.4,1409514.06,8.47
2017-12-14,8.43,8.66,8.39,810944.69,0.06,0.71,8.592,8.797,8.754,999169.76,1148480.86,1409315.87,8.53
2017-12-15,8.47,8.58,8.31,778095.31,-0.06,-0.7,8.556,8.736,8.742,880130.62,1114864.59,1350033.16,8.46
2017-12-18,8.41,8.54,8.35,669230.31,0.07,0.83,8.506,8.688,8.725,841375.14,1064066.81,1305408.41,8.52
2017-12-19,8.52,8.56,8.41,618360.19,0.01,0.12,8.502,8.642,8.702,790117.92,925962.96,1245463.67,8.53
2017-12-20,8.52,8.53,8.2,1041837.62,-0.3,-3.52,8.452,8.557,8.678,783693.62,905718.8,1170592.02,8.22
2017-12-21,8.17,8.46,8.14,671349.88,0.14,1.7,8.418,8.505,8.668,755774.66,877472.21,1097238.65,8.36
2017-12-22,8.39,8.47,8.3,448141.91,-0.02,-0.24,8.392,8.474,8.663,689783.98,784957.3,1054838.01,8.33
2017-12-25,8.57,8.8,8.32,1513316.25,0.14,1.68,8.38,8.443,8.672,858601.17,849988.15,1085240.83,8.46
2017-12-26,8.54,9.2,8.46,2683804.25,0.62,7.33,8.49,8.496,8.704,1271689.98,1030903.95,1183391.89,9.08
2017-12-27,8.99,9.09,8.83,1831233.12,-0.16,-1.76,8.63,8.541,8.694,1429569.08,1106631.35,1170172.38,8.92
2017-12-28,8.98,9.28,8.81,2190091.5,0.15,1.68,8.772,8.595,8.696,1733317.41,1244546.03,1196513.44,9.07
2017-12-29,9.01,9.12,8.96,1030978.75,0.0,0.0,8.922,8.657,8.697,1849884.77,1269834.38,1192349.48,9.08
2018-01-02,9.16,9.68,9.16,2284534.0,0.42,4.63,9.128,8.754,8.721,2004128.32,1431364.75,1247715.78,9.49
2018-01-03,9.45,9.58,9.38,1452443.75,0.0,0.0,9.208,8.849,8.746,1757856.22,1514773.1,1220368.03,9.48
2018-01-04,9.46,9.54,9.34,1218637.88,-0.03,-0.32,9.312,8.971,8.764,1635337.18,1532453.13,1219085.96,9.44
2018-01-05,9.42,9.78,9.38,1958388.88,0.16,1.7,9.418,9.095,8.8,1588996.65,1661157.03,1269314.62,9.6
2018-01-08,9.63,10.02,9.63,2042043.0,0.3,3.13,9.58,9.251,8.863,1791209.5,1820547.14,1302752.22,9.89
2018-01-09,9.83,9.95,9.62,1359931.12,-0.12,-1.22,9.634,9.381,8.912,1606288.93,1805208.63,1327598.39,9.76
2018-01-10,9.7,9.8,9.51,1247764.0,-0.01,-0.1,9.686,9.447,8.972,1565352.98,1661604.6,1346254.28,9.74
2018-01-11,9.68,9.69,9.26,1602882.38,-0.38,-3.9,9.672,9.492,9.017,1642201.88,1638769.53,1372700.44,9.37
2018-01-12,9.23,9.47,9.16,1218039.38,-0.04,-0.43,9.62,9.519,9.057,1494131.98,1541564.31,1393055.17,9.34
2018-01-15,9.3,9.43,9.1,1275591.62,-0.11,-1.18,9.488,9.534,9.096,1340841.7,1566025.6,1417929.99,9.23
2018-01-16,9.27,9.61,9.25,1443428.12,0.39,4.24,9.456,9.545,9.15,1357541.1,1481915.01,1456639.88,9.6
2018-01-17,9.68,9.74,9.23,1358925.12,-0.24,-2.5,9.38,9.533,9.191,1379773.32,1472563.15,1493668.13,9.36
2018-01-18,9.28,9.62,9.18,1364746.75,0.22,2.35,9.422,9.547,9.259,1332146.2,1487174.04,1509813.58,9.58
2018-01-19,9.69,9.87,9.41,1369502.75,-0.1,-1.04,9.452,9.536,9.316,1362438.87,1428285.42,1544721.23,9.49
2018-01-22,9.4,9.49,9.23,1043113.25,-0.04,-0.42,9.494,9.491,9.371,1315943.2,1328392.45,1574469.79,9.44
2018-01-23,9.41,9.71,9.33,1389757.38,0.26,2.75,9.516,9.486,9.434,1305209.05,1331375.08,1568291.85,9.71
2018-01-24,9.65,9.73,9.47,1352584.88,-0.07,-0.72,9.57,9.475,9.461,1303941.0,1341857.16,1501730.88,9.63
2018-01-25,9.56,9.93,9.52,1610030.88,0.17,1.76,9.614,9.518,9.505,1352997.83,1342572.01,1490670.77,9.8
2018-01-26,9.8,9.98,9.7,1117315.38,0.06,0.61,9.688,9.57,9.545,1302560.35,1332499.61,1437031.96,9.86
2018-01-29,9.86,9.98,9.29,1726528.38,-0.47,-4.77,9.678,9.586,9.56,1439243.38,1377593.29,1471809.45,9.39
2018-01-30,9.3,9.41,9.11,1245307.25,-0.24,-2.56,9.566,9.541,9.543,1410353.35,1357781.2,1419848.11,9.15
2018-01-31,9.1,9.36,9.04,1227984.75,0.05,0.55,9.48,9.525,9.529,1385433.33,1344687.17,1408625.16,9.2
2018-02-01,9.12,9.29,8.92,1378080.25,0.09,0.98,9.376,9.495,9.521,1339043.2,1346020.52,1416597.28,9.28
2018-02-02,9.1,9.32,9.06,892274.31,0.0,0.0,9.258,9.473,9.505,1294034.99,1298297.67,1363291.55,9.27
2018-02-05,9.1,9.59,9.1,1185227.12,0.21,2.26,9.278,9.478,9.485,1185774.74,1312509.06,1320450.75,9.49
2018-02-06,9.31,9.59,9.03,1940607.0,-0.27,-2.85,9.292,9.429,9.458,1324834.69,1367594.02,1349484.55,9.22
2018-02-07,9.41,9.44,8.51,1630679.5,-0.39,-4.22,9.222,9.351,9.413,1405373.64,1395403.48,1368630.32,8.85
2018-02-08,8.73,8.85,8.54,877871.81,-0.1,-1.13,9.116,9.246,9.382,1305331.95,1322187.58,1332379.79,8.75
2018-02-09,8.4,8.4,7.88,1540805.5,-0.47,-5.37,8.918,9.088,9.329,1435038.19,1364536.59,1348518.1,8.28
2018-02-12,8.25,8.35,8.08,769398.75,-0.03,-0.36,8.67,8.974,9.28,1351872.51,1268823.62,1323208.46,8.25
2018-02-13,8.36,8.47,8.32,662644.94,0.09,1.09,8.494,8.893,9.217,1096280.1,1210557.39,1284169.3,8.34
2018-02-14,8.33,8.4,8.2,307127.91,-0.01,-0.12,8.39,8.806,9.166,831569.78,1118471.71,1231579.44,8.33
2018-02-22,8.45,8.65,8.36,660335.56,0.3,3.6,8.366,8.741,9.118,788062.53,1046697.24,1196358.88,8.63
2018-02-23,8.67,8.68,8.5,402072.75,-0.05,-0.58,8.426,8.672,9.073,560315.98,997677.08,1147987.38,8.58
2018-02-26,8.61,8.84,8.6,844459.0,0.2,2.33,8.532,8.601,9.04,575328.03,963600.27,1138054.67,8.78
2018-02-27,8.78,8.78,8.51,1024665.06,-0.24,-2.74,8.57,8.532,8.981,647732.06,872006.08,1119800.05,8.53
2018-02-28,8.42,8.42,8.13,1298691.25,-0.24,-2.82,8.56,8.475,8.913,846044.72,838807.25,1117105.37,8.28
2018-03-01,8.17,8.3,8.14,998204.38,-0.05,-0.6,8.48,8.423,8.835,913618.49,850840.51,1086514.04,8.23
2018-03-02,8.15,8.21,8.08,774364.19,-0.1,-1.22,8.388,8.407,8.748,988076.78,774196.38,1069366.48,8.12
2018-03-05,8.15,8.22,8.04,926897.44,0.02,0.25,8.258,8.395,8.685,1004564.46,789946.25,1029384.94,8.13
2018-03-06,8.17,8.45,8.06,1434246.38,0.3,3.69,8.236,8.403,8.648,1086480.73,867106.39,1038831.89,8.42
2018-03-07,8.43,8.6,8.32,1232306.0,-0.02,-0.24,8.258,8.409,8.608,1073203.68,959624.2,1039047.96,8.39
2018-03-08,8.42,8.46,8.33,589512.12,0.07,0.84,8.3,8.39,8.566,991465.23,952541.86,999619.55,8.44
2018-03-09,8.46,8.51,8.39,983063.06,0.07,0.83,8.378,8.383,8.528,1033205.0,1010640.89,1004158.99,8.51
2018-03-12,8.53,8.67,8.53,1200899.0,0.05,0.59,8.462,8.36,8.481,1088005.31,1046284.89,1004942.58,8.55
2018-03-13,8.56,8.58,8.24,1143134.62,-0.19,-2.23,8.448,8.342,8.437,1029782.96,1058131.84,965068.96,8.35
2018-03-14,8.27,8.3,8.16,723282.81,-0.07,-0.84,8.42,8.339,8.407,927978.32,1000591.0,919699.13,8.25
2018-03-15,8.27,8.37,8.22,553522.38,0.08,0.97,8.398,8.349,8.386,920780.37,956122.8,903481.66,8.33
2018-03-16,8.33,8.39,8.26,496671.22,-0.06,-0.72,8.35,8.364,8.386,823502.01,928353.5,851274.94,8.27
2018-03-19,8.24,8.29,8.18,519252.28,0.0,0.0,8.294,8.378,8.387,687172.66,887588.99,838767.62,8.27
2018-03-20,8.18,8.28,8.14,537826.0,0.0,0.0,8.278,8.363,8.383,566110.94,797946.95,832526.67,8.27
2018-03-21,8.27,8.32,8.11,672974.62,-0.05,-0.6,8.272,8.346,8.378,556049.3,742013.81,850819.01,8.22
2018-03-22,8.2,8.21,8.03,650357.19,-0.04,-0.49,8.24,8.319,8.355,575416.26,748098.32,850320.09,8.17
2018-03-23,7.84,8.16,7.7,1429501.88,-0.01,-0.12,8.218,8.284,8.334,761982.39,792742.2,901691.54,8.16
2018-03-26,7.95,8.02,7.87,558932.06,-0.19,-2.33,8.156,8.225,8.293,769918.35,728545.51,887415.2,7.96
2018-03-27,8.05,8.09,7.95,567089.0,0.05,0.63,8.102,8.19,8.266,775770.95,670940.94,864536.39,8.0
2018-03-28,7.92,7.95,7.7,766827.5,-0.23,-2.88,8.012,8.142,8.241,794541.53,675295.41,837943.21,7.77
2018-03-29,7.8,7.99,7.54,947474.75,0.11,1.41,7.956,8.098,8.224,853965.04,714690.65,835406.73,7.89
2018-03-30,7.89,7.93,7.81,450398.94,-0.02,-0.25,7.898,8.058,8.211,658144.45,710063.42,819208.46,7.87
2018-04-02,7.94,8.21,7.87,1094286.38,0.29,3.69,7.936,8.046,8.212,765215.31,767566.83,827577.91,8.15
2018-04-03,8.08,8.27,8.06,668217.25,-0.03,-0.37,7.962,8.032,8.198,785440.96,780605.96,789276.45,8.13
2018-04-04,8.14,8.25,8.02,536349.12,-0.09,-1.11,8.018,8.015,8.181,739345.29,766943.41,754478.61,8.05
2018-04-09,8.05,8.24,8.0,631028.12,0.11,1.37,8.072,8.014,8.167,676055.96,765010.5,756554.41,8.16
2018-04-10,8.25,8.35,8.21,645343.5,0.17,2.08,8.166,8.032,8.158,715044.87,686594.66,739668.43,8.34
2018-04-11,8.36,8.62,8.36,1125311.0,0.25,3.0,8.254,8.095,8.16,721249.8,743232.56,735889.03,8.59
2018-04-12,8.53,8.69,8.53,981910.06,0.06,0.7,8.358,8.16,8.175,783988.36,784714.66,727827.8,8.65
2018-04-13,8.65,8.72,8.5,529614.5,-0.15,-1.73,8.448,8.233,8.188,782641.44,760993.36,718144.39,8.5
2018-04-16,8.5,8.5,8.18,981269.31,-0.19,-2.23,8.48,8.276,8.187,852689.67,764372.82,739531.73,8.32
2018-04-17,8.35,8.41,8.2,508590.34,-0.08,-0.96,8.462,8.314,8.186,825339.04,770191.96,740127.69,8.25
2018-04-18,8.4,8.48,8.17,608324.25,0.12,1.46,8.416,8.335,8.191,721941.69,721595.75,744581.29,8.36
2018-04-19,8.35,8.48,8.18,715612.38,-0.07,-0.84,8.344,8.351,8.192,668682.16,726335.26,753470.61,8.29
2018-04-20,8.26,8.32,8.16,484609.0,0.0,0.0,8.302,8.375,8.195,659681.06,721161.25,744052.33,8.29
2018-04-23,8.26,8.46,8.22,607935.0,0.15,1.81,8.328,8.404,8.209,585014.19,718851.93,741931.22,8.45
2018-04-24,8.5,8.79,8.47,1428034.38,0.1,1.18,8.388,8.425,8.229,768903.0,797121.02,741857.84,8.55
2018-04-25,8.56,8.66,8.46,541769.31,0.1,1.17,8.446,8.431,8.263,755592.01,738766.85,740999.7,8.65
2018-04-26,8.88,8.94,8.58,1098886.75,0.01,0.12,8.518,8.431,8.296,832246.89,750464.52,767589.59,8.65
2018-04-27,8.75,8.8,8.56,676412.56,0.08,0.93,8.604,8.453,8.343,870607.6,765144.33,763068.85,8.72
2018-05-02,8.73,8.8,8.48,727113.81,-0.2,-2.29,8.618,8.473,8.375,894443.36,739728.78,752050.8,8.52
2018-05-03,8.5,8.72,8.45,802150.0,0.2,2.35,8.65,8.519,8.417,769266.49,769084.74,769638.35,8.71
2018-05-04,8.69,8.69,8.51,654945.81,-0.17,-1.95,8.628,8.537,8.436,791901.79,773746.9,747671.32,8.54
2018-05-07,8.57,8.65,8.48,858409.88,0.11,1.29,8.626,8.572,8.462,743806.41,788026.65,757180.95,8.64
2018-05-08,8.63,8.8,8.61,955184.75,0.11,1.27,8.632,8.618,8.497,799560.85,835084.23,778122.74,8.75
2018-05-09,8.73,8.83,8.68,696170.19,0.03,0.34,8.684,8.651,8.528,793372.13,843907.74,781379.84,8.78
2018-05-10,8.81,8.85,8.64,509327.59,-0.07,-0.8,8.684,8.667,8.546,734807.64,752037.07,774579.04,8.71
2018-05-11,8.74,8.74,8.51,748749.19,-0.19,-2.18,8.682,8.655,8.543,753568.32,772735.05,755750.95,8.53
2018-05-14,8.5,8.58,8.47,477434.09,0.0,0.0,8.66,8.643,8.537,677373.16,710589.79,730527.15,8.53
2018-05-15,8.55,8.83,8.54,1203932.0,0.28,3.28,8.674,8.653,8.553,727122.61,763341.73,764243.03,8.82
2018-05-16,8.78,8.81,8.68,658524.0,-0.09,-1.02,8.664,8.674,8.574,719593.37,756482.75,748105.76,8.73
2018-05-17,8.73,8.76,8.6,512018.28,-0.07,-0.8,8.654,8.669,8.594,720131.51,727469.58,748277.16,8.66
2018-05-18,8.67,8.72,8.52,653118.38,0.06,0.69,8.692,8.687,8.612,701005.35,727286.84,750516.87,8.72
2018-05-21,8.78,8.82,8.64,869729.62,-0.03,-0.34,8.724,8.692,8.632,779464.46,728418.81,758222.73,8.69
2018-05-22,8.67,8.67,8.5,659584.12,-0.08,-0.92,8.68,8.677,8.648,670594.88,698858.75,766971.49,8.6
2018-05-23,8.6,8.6,8.4,670184.69,-0.18,-2.1,8.616,8.64,8.646,672927.02,696260.2,770083.97,8.41
2018-05-24,8.41,8.45,8.22,718710.31,-0.18,-2.14,8.53,8.592,8.63,714265.42,717198.47,734617.77,8.23
2018-05-25,8.22,8.29,8.13,500596.41,0.03,0.36,8.438,8.565,8.61,683761.03,692383.19,732559.12,8.26
2018-05-28,8.27,8.33,8.2,329090.56,0.04,0.48,8.362,8.543,8.593,575633.22,677548.84,694069.31,8.31
2018-05-29,8.29,8.44,8.26,515528.75,0.07,0.84,8.316,8.498,8.576,546822.14,608708.51,686025.12,8.37
2018-05-30,8.3,8.3,7.95,709740.88,-0.33,-3.95,8.24,8.428,8.551,554733.38,613830.2,685156.48,8.03
2018-05-31,8.06,8.11,7.95,644046.69,0.07,0.87,8.212,8.371,8.52,539800.66,627033.04,677251.31,8.09
2018-06-01,8.05,8.27,7.92,644328.12,0.02,0.25,8.182,8.31,8.499,568547.0,626154.02,676720.43,8.11
2018-06-04,8.12,8.19,8.07,535722.06,0.04,0.49,8.152,8.257,8.475,609873.3,592753.26,660586.03,8.16
2018-06-05,8.16,8.26,8.04,620818.06,0.01,0.12,8.112,8.214,8.446,630931.16,588876.65,643867.7,8.17
2018-06-06,8.15,8.29,8.11,597721.12,0.06,0.73,8.154,8.197,8.419,608527.21,581630.3,638945.25,8.24
2018-06-07,8.24,8.31,8.18,439171.25,-0.03,-0.36,8.176,8.194,8.393,567552.12,553676.39,635437.43,8.2
2018-06-08,8.18,8.23,8.05,527010.31,-0.03,-0.37,8.188,8.185,8.375,544088.56,556317.78,624350.49,8.17
2018-06-11,8.12,8.28,8.08,511887.25,0.08,0.98,8.204,8.178,8.361,539321.6,574597.45,626073.14,8.24
2018-06-12,8.27,8.88,8.27,2140987.0,0.47,5.7,8.312,8.212,8.355,843355.39,737143.27,672925.89,8.71
2018-06-13,8.73,8.75,8.58,977612.25,-0.04,-0.46,8.398,8.276,8.352,919333.61,763930.41,688880.31,8.67
2018-06-14,8.62,8.72,8.49,812171.06,-0.06,-0.69,8.482,8.329,8.35,993933.57,780742.85,703887.94,8.62
2018-06-15,8.66,8.68,8.43,851170.75,0.01,0.12,8.574,8.381,8.346,1058765.66,801427.11,713790.56,8.63
2018-06-19,8.49,8.7,8.38,2068071.75,-0.01,-0.12,8.65,8.427,8.342,1370002.56,954662.08,773707.67,8.62
2018-06-20,8.47,8.57,8.21,1010835.38,-0.22,-2.55,8.588,8.45,8.332,1143972.24,993663.81,791270.23,8.4
2018-06-21,8.38,8.86,8.37,1451850.5,0.21,2.5,8.578,8.488,8.343,1238819.89,1079076.75,830353.52,8.62
2018-06-22,8.62,8.99,8.46,1360559.25,0.34,3.94,8.646,8.564,8.379,1348497.53,1171215.55,862445.97,8.96
2018-06-25,9.05,9.09,8.82,1176977.5,-0.13,-1.45,8.688,8.631,8.408,1413658.88,1236212.27,896265.02,8.84
2018-06-26,8.69,8.95,8.45,1318029.12,-0.01,-0.11,8.73,8.69,8.434,1263650.35,1316826.46,945711.95,8.83
2018-06-27,8.75,9.03,8.65,1194618.38,0.0,0.0,8.816,8.702,8.457,1300406.95,1222189.59,979666.43,8.83
2018-06-28,8.78,8.83,8.54,760304.06,-0.26,-2.95,8.804,8.691,8.484,1162097.66,1200458.78,982194.59,8.56
2018-06-29,8.55,8.98,8.53,1080231.38,0.4,4.67,8.804,8.725,8.527,1106032.09,1227264.81,1004003.83,8.96
2018-07-02,8.93,9.01,8.51,1178978.0,-0.32,-3.57,8.766,8.727,8.554,1106432.19,1260045.53,1030736.32,8.65
2018-07-03,8.55,8.73,8.46,1031194.69,0.03,0.35,8.736,8.733,8.58,1049065.3,1156357.83,1055509.95,8.68
2018-07-04,8.6,8.69,8.13,1463029.12,-0.52,-5.98,8.604,8.71,8.58,1102747.45,1201577.2,1097620.51,8.17
2018-07-05,8.14,8.25,8.05,791149.06,0.0,0.0,8.524,8.664,8.576,1108916.45,1135507.06,1107291.9,8.16
2018-07-06,8.11,8.22,7.73,1079847.0,-0.14,-1.72,8.336,8.57,8.567,1108839.57,1107435.83,1139325.69,8.02
2018-07-09,8.03,8.21,8.03,569499.38,0.18,2.24,8.246,8.506,8.569,986943.85,1046688.02,1141450.14,8.2
2018-07-10,8.25,8.39,8.24,551498.75,0.08,0.97,8.168,8.452,8.571,891004.66,970034.98,1143430.72,8.29
2018-07-11,8.16,8.36,8.05,492818.0,-0.08,-0.96,8.176,8.39,8.546,696962.44,899854.94,1061022.27,8.21
2018-07-12,8.2,8.46,8.18,742438.81,0.21,2.56,8.228,8.376,8.534,687220.39,898068.42,1049263.6,8.42
2018-07-13,8.41,8.47,8.33,420712.66,0.02,0.24,8.31,8.323,8.524,555393.52,832116.55,1029690.68,8.43
2018-07-16,8.43,8.49,8.31,483468.75,-0.09,-1.07,8.338,8.292,8.51,538187.39,762565.62,1011305.58,8.34
2018-07-17,8.32,8.36,8.15,464622.69,-0.1,-1.2,8.33,8.249,8.491,520812.18,705908.42,931133.12,8.25
2018-07-18,8.28,8.44,8.27,451959.53,0.08,0.97,8.356,8.266,8.488,512640.49,604801.46,903189.33,8.34
2018-07-19,8.35,8.54,8.35,800490.69,0.13,1.56,8.364,8.296,8.48,524250.86,605735.63,870621.34,8.46
2018-07-20,8.43,8.6,8.36,482513.66,0.08,0.94,8.388,8.349,8.46,536611.06,546002.29,826719.06,8.55
2018-07-23,8.55,8.88,8.49,1048302.81,0.2,2.34,8.47,8.404,8.455,649577.88,593882.64,820285.33,8.75
2018-07-24,9.0,9.4,8.88,2290083.25,0.17,1.94,8.606,8.468,8.46,1014669.99,767741.09,868888.03,8.93
2018-07-25,9.07,9.3,8.9,1352918.25,0.24,2.69,8.77,8.563,8.477,1194861.73,853751.11,876803.03,9.16
2018-07-26,9.15,9.16,8.94,790618.19,-0.18,-1.97,8.874,8.619,8.498,1192887.23,858569.05,878318.73,8.98
2018-07-27,9.03,9.12,8.84,654486.5,-0.02,-0.22,8.956,8.672,8.498,1227281.8,881946.43,857031.49,8.96
2018-07-30,8.98,9.26,8.96,779560.25,0.11,1.23,9.022,8.746,8.519,1173533.29,911555.58,837060.6,9.08
2018-07-31,9.4,9.45,9.16,1390459.5,0.17,1.87,9.084,8.845,8.547,993608.54,1004139.26,855023.84,9.24
2018-08-01,9.38,9.55,9.04,1348191.5,-0.19,-2.05,9.064,8.917,8.592,992663.19,1093762.46,849281.96,9.06
2018-08-02,9.06,9.27,8.8,1450939.0,0.16,1.77,9.112,8.993,8.645,1124727.35,1158807.29,882271.46,9.22
2018-08-03,9.13,9.19,8.9,962021.5,-0.28,-3.04,9.108,9.032,8.691,1186234.35,1206758.08,876380.18,8.94
2018-08-06,8.83,9.29,8.8,1199601.5,0.14,1.57,9.108,9.065,8.735,1270242.6,1221887.94,907885.29,9.08
2018-08-07,9.15,9.64,9.02,2013950.62,0.52,5.73,9.18,9.132,8.8,1394940.82,1194274.68,981007.88,9.6
2018-08-08,9.5,9.61,9.4,1328170.12,-0.13,-1.35,9.262,9.163,8.863,1390936.55,1191799.87,1022775.49,9.47
2018-08-09,9.47,9.67,9.36,1144075.38,0.09,0.95,9.33,9.221,8.92,1329563.82,1227145.59,1042857.32,9.56
2018-08-10,9.53,9.71,9.42,885638.88,-0.02,-0.21,9.448,9.278,8.975,1314287.3,1250260.83,1066103.63,9.53
2018-08-13,9.43,9.63,9.36,836176.69,0.08,0.84,9.554,9.331,9.039,1241602.34,1255922.47,1083739.03,9.61
2018-08-14,9.55,9.59,9.36,735453.94,-0.2,-2.08,9.516,9.348,9.097,985903.0,1190421.91,1097280.59,9.41
2018-08-15,9.41,9.53,9.21,733713.12,-0.15,-1.59,9.474,9.368,9.143,867011.6,1128974.08,1111368.27,9.26
2018-08-16,9.16,9.35,9.12,687760.25,-0.06,-0.65,9.402,9.366,9.18,775748.58,1052656.2,1105731.75,9.2
2018-08-17,9.3,9.32,9.03,596971.81,-0.15,-1.63,9.306,9.377,9.205,718015.16,1016151.23,1111454.65,9.05
2018-08-20,9.07,9.15,8.86,632796.19,0.05,0.55,9.202,9.378,9.222,677339.06,959470.7,1090679.32,9.09
2018-08-21,8.97,9.13,8.86,631627.56,0.14,1.57,9.134,9.325,9.229,656573.79,821238.39,1007756.54,9.07
2018-08-22,9.06,9.06,8.81,582564.62,-0.24,-2.65,9.048,9.261,9.212,626344.09,746677.84,969238.86,8.83
2018-08-23,8.85,9.04,8.78,519400.66,0.09,1.02,8.992,9.197,9.209,592672.17,684210.37,955677.98,8.92
2018-08-24,8.93,9.08,8.89,449330.62,0.11,1.23,8.988,9.147,9.213,563143.93,640579.55,945420.19,9.03
2018-08-27,9.16,9.24,9.1,830351.38,0.21,2.33,9.018,9.11,9.221,602654.97,639997.02,947959.74,9.24
2018-08-28,9.3,9.33,9.14,565507.44,-0.02,-0.22,9.048,9.091,9.22,589430.94,623002.37,906712.14,9.22
2018-08-29,9.22,9.27,9.18,400840.25,0.02,0.22,9.13,9.089,9.229,553086.07,589715.08,859344.58,9.24
2018-08-30,9.25,9.27,8.91,682903.94,-0.31,-3.35,9.132,9.062,9.214,585786.73,589229.45,820942.82,8.93
2018-08-31,8.87,9.06,8.86,405094.5,0.07,0.78,9.126,9.057,9.217,576939.5,570041.72,793096.47,9.0
2018-09-03,8.94,8.98,8.79,514552.69,-0.04,-0.44,9.07,9.044,9.211,513779.76,558217.37,758844.03,8.96
2018-09-04,8.96,9.09,8.87,476248.72,0.09,1.0,9.036,9.042,9.184,495928.02,542679.48,681958.94,9.05
2018-09-05,9.05,9.11,8.8,593245.31,-0.23,-2.54,8.952,9.041,9.151,534409.03,543747.55,645212.7,8.82
2018-09-06,8.81,8.92,8.7,486316.25,-0.09,-1.02,8.912,9.022,9.11,495091.49,540439.11,612324.74,8.73
2018-09-07,8.75,8.88,8.59,572210.94,-0.08,-0.92,8.842,8.984,9.066,528514.78,552727.14,596653.34,8.65
2018-09-10,8.68,8.78,8.58,489088.16,-0.05,-0.58,8.77,8.92,9.015,523421.88,518600.82,579298.92,8.6
2018-09-11,8.62,8.66,8.46,598458.25,0.02,0.23,8.684,8.86,8.976,547863.78,521895.9,572449.13,8.62
2018-09-12,8.62,8.74,8.53,569009.81,-0.02,-0.23,8.64,8.796,8.943,543016.68,538712.86,564213.97,8.6
2018-09-13,8.73,8.76,8.27,952930.62,-0.19,-2.21,8.576,8.744,8.903,636339.56,565715.53,577472.49,8.41
2018-09-14,8.25,8.27,8.02,955375.38,-0.21,-2.5,8.486,8.664,8.861,712972.44,620743.61,595392.66,8.2
2018-09-17,8.19,8.31,8.11,428981.12,0.06,0.73,8.418,8.594,8.819,700951.04,612186.46,585201.91,8.26
2018-09-18,8.22,8.53,8.16,703045.44,0.23,2.79,8.392,8.538,8.79,721868.47,634866.13,588772.81,8.49
2018-09-19,8.48,8.66,8.42,627255.19,0.09,1.06,8.388,8.514,8.778,733517.55,638267.12,591007.33,8.58
2018-09-20,8.62,8.71,8.58,442876.88,0.1,1.17,8.442,8.509,8.766,631506.8,633923.18,587181.14,8.68
2018-09-21,8.68,8.84,8.67,513215.62,0.14,1.61,8.566,8.526,8.755,543074.85,628023.65,590375.39,8.82
2018-09-25,8.71,8.78,8.64,400850.72,-0.14,-1.59,8.65,8.534,8.727,537448.77,619199.9,568900.36,8.68
2018-09-26,8.71,9.01,8.7,620667.56,0.23,2.65,8.734,8.563,8.712,520973.19,621420.83,571658.37,8.91
2018-09-27,8.92,8.95,8.81,422051.72,0.0,0.0,8.8,8.594,8.695,479932.5,606725.03,572718.94,8.91
2018-09-28,8.94,8.98,8.83,428985.0,-0.03,-0.34,8.84,8.641,8.693,477154.12,554330.46,560022.99,8.88
2018-10-08,8.75,8.85,8.66,517456.81,-0.13,-1.46,8.826,8.696,8.68,478002.36,510538.61,565641.11,8.75
2018-10-09,8.77,8.8,8.44,534470.0,-0.26,-2.97,8.788,8.719,8.657,504726.22,521087.49,566636.98,8.49
2018-10-10,8.52,8.65,8.49,434049.94,0.07,0.82,8.718,8.726,8.632,467402.69,494187.94,564527.04,8.56
2018-10-11,8.31,8.44,8.0,765420.56,-0.34,-3.97,8.58,8.69,8.602,536076.46,508004.48,573135.8,8.22
2018-10-12,8.14,8.32,7.97,616422.38,0.06,0.73,8.46,8.65,8.58,573563.94,525359.03,579641.11,8.28
2018-10-15,8.3,8.48,8.29,451221.78,0.04,0.48,8.374,8.6,8.563,560316.93,519159.65,573591.65,8.32
2018-10-16,8.32,8.35,8.08,439695.34,-0.16,-1.92,8.308,8.548,8.541,541362.0,523044.11,571122.01,8.16
2018-10-17,8.25,8.3,8.03,398324.34,0.05,0.61,8.238,8.478,8.521,534216.88,500809.79,561115.31,8.21
2018-10-18,8.18,8.18,7.66,871210.38,-0.51,-6.21,8.134,8.357,8.476,555374.84,545725.65,576225.34,7.7
2018-10-19,7.52,7.93,7.46,722913.88,0.13,1.69,8.044,8.252,8.447,576673.14,575118.54,564724.5,7.83
2018-10-22,7.88,8.26,7.86,757591.94,0.35,4.47,8.016,8.195,8.446,637947.18,599132.05,554835.33,8.18
2018-10-23,8.19,8.26,7.77,684195.94,-0.25,-3.06,7.97,8.139,8.429,686847.3,614104.65,567596.07,7.93
2018-10-24,8.0,8.21,7.98,754404.56,0.08,1.01,7.93,8.084,8.405,758063.34,646140.11,570164.03,8.01
2018-10-25,7.8,7.97,7.74,599206.19,-0.06,-0.75,7.98,8.057,8.374,703662.5,629518.67,568761.58,7.95
2018-10-26,8.02,8.07,7.83,525359.75,-0.06,-0.76,7.992,8.018,8.334,664151.68,620412.41,572885.72,7.89
2018-10-29,7.9,7.9,7.58,488810.44,-0.26,-3.29,7.882,7.949,8.275,610395.38,624171.28,571665.46,7.63
2018-10-30,7.64,7.79,7.48,531547.56,0.08,1.05,7.838,7.904,8.226,579865.7,633356.5,578200.3,7.71
2018-10-31,7.74,7.97,7.72,525119.0,0.16,2.08,7.81,7.87,8.174,534008.59,646035.96,573422.88,7.87
2018-11-01,8.03,8.12,7.91,698966.44,0.05,0.64,7.804,7.892,8.125,553960.64,628811.57,587268.61,7.92
2018-11-02,8.1,8.16,8.01,615383.06,0.22,2.78,7.854,7.923,8.088,571965.3,618058.49,596588.51,8.14
2018-11-05,8.11,8.19,8.03,524822.69,-0.07,-0.86,7.942,7.912,8.054,579167.75,594781.56,596956.81,8.07
2018-11-06,8.11,8.18,8.07,430214.91,0.07,0.87,8.028,7.933,8.036,558901.22,569383.46,591744.05,8.14
2018-11-07,8.16,8.22,8.06,410661.69,-0.04,-0.49,8.074,7.942,8.013,536009.76,535009.17,590574.64,8.1
2018-11-08,8.17,8.2,8.05,297778.56,-0.04,-0.49,8.102,7.953,8.005,455772.18,504866.41,567192.54,8.06
2018-11-09,8.06,8.1,7.97,313973.25,-0.04,-0.5,8.078,7.966,7.992,395490.22,483727.76,552070.09,8.02
2018-11-12,8.02,8.2,7.99,432195.56,0.18,2.24,8.104,8.023,7.986,376964.79,478066.27,551118.77,8.2
2018-11-13,8.13,8.28,8.11,580152.31,-0.01,-0.12,8.114,8.071,7.988,406952.27,482926.75,558141.62,8.19
2018-11-14,8.21,8.27,8.11,393270.72,0.05,0.61,8.142,8.108,7.989,403474.08,469741.92,557888.94,8.24
2018-11-15,8.23,8.26,8.0,384715.09,0.0,0.0,8.178,8.14,8.016,420861.39,438316.78,533564.18,8.24
2018-11-16,8.23,8.27,8.13,560603.0,-0.07,-0.85,8.208,8.143,8.033,470187.34,432838.78,525448.63,8.17
2018-11-19,8.15,8.2,8.08,471611.78,-0.01,-0.12,8.2,8.152,8.032,478070.58,427517.69,511149.63,8.16
2018-11-20,8.12,8.14,7.99,486215.84,-0.17,-2.08,8.16,8.137,8.035,459283.29,433117.78,501250.62,7.99
2018-11-21,7.93,7.99,7.87,451817.97,-0.04,-0.5,8.102,8.122,8.032,470992.74,437233.41,486121.29,7.95
2018-11-22,7.96,7.99,7.89,256513.59,0.0,0.0,8.044,8.111,8.032,445352.44,433106.91,468986.66,7.95
2018-11-23,7.96,7.98,7.76,373965.12,-0.16,-2.01,7.968,8.088,8.027,408024.86,439106.1,461416.93,7.79
2018-11-26,7.8,7.85,7.72,228030.44,0.01,0.13,7.896,8.048,8.036,359308.59,418689.59,448377.93,7.8
2018-11-27,7.86,7.92,7.83,250939.53,0.05,0.64,7.868,8.014,8.043,312253.33,385768.31,434347.53,7.85
2018-11-28,7.85,7.98,7.83,249698.73,0.12,1.53,7.872,7.987,8.048,271829.48,371411.11,420576.51,7.97
2018-11-29,8.02,8.08,7.93,338211.03,-0.03,-0.38,7.87,7.957,8.049,288168.97,366760.7,402538.74,7.94
2018-11-30,7.91,8.05,7.91,257568.98,0.09,1.13,7.918,7.943,8.043,264889.74,336457.3,384648.04,8.03
2018-12-03,8.17,8.27,8.13,671654.0,0.23,2.86,8.01,7.953,8.053,353614.45,356461.52,391989.61,8.26
2018-12-04,8.21,8.29,8.21,337881.78,-0.02,-0.24,8.088,7.978,8.058,371002.9,341628.12,387372.95,8.24
2018-12-05,8.15,8.27,8.12,458572.5,-0.05,-0.61,8.132,8.002,8.062,412777.66,342303.57,389768.49,8.19
2018-12-06,8.14,8.17,8.05,329201.0,-0.1,-1.22,8.162,8.016,8.064,410975.65,349572.31,391339.61,8.09
2018-12-07,8.11,8.19,8.09,331515.44,0.1,1.24,8.194,8.056,8.072,425764.94,345327.34,392216.72,8.19
2018-12-10,8.19,8.21,8.06,257797.14,-0.03,-0.37,8.174,8.092,8.07,342993.57,348304.01,383496.8,8.16
2018-12-11,8.21,8.23,8.12,237096.58,0.05,0.61,8.168,8.128,8.071,322836.53,346919.72,366344.01,8.21
2018-12-12,8.23,8.39,8.19,451127.03,0.14,1.71,8.2,8.166,8.077,321347.44,367062.55,369236.83,8.35
2018-12-13,8.35,8.62,8.32,811170.06,0.16,1.92,8.284,8.223,8.09,417741.25,414358.45,390559.58,8.51
2018-12-14,8.51,8.6,8.45,575393.62,-0.05,-0.59,8.338,8.266,8.105,466516.89,446140.92,391299.11,8.46
2018-12-17,8.45,8.73,8.42,707320.69,0.21,2.48,8.44,8.307,8.13,556421.6,449707.58,403084.55,8.67
2018-12-18,8.61,8.7,8.57,574934.38,-0.07,-0.81,8.518,8.343,8.161,623989.16,473412.84,407520.48,8.6
2018-12-19,8.6,8.72,8.52,554617.19,-0.03,-0.35,8.562,8.381,8.192,644687.19,483017.31,412660.44,8.57
2018-12-20,8.52,8.65,8.44,676414.75,-0.08,-0.93,8.558,8.421,8.219,617736.13,517738.69,433655.5,8.49
2018-12-21,8.52,8.57,8.42,607393.69,-0.04,-0.47,8.556,8.447,8.252,624136.14,545326.51,445326.93,8.45
2018-12-24,8.45,8.74,8.45,597582.62,0.11,1.3,8.534,8.487,8.29,602188.53,579305.06,463804.54,8.56
2018-12-25,8.49,8.49,8.3,420368.69,-0.23,-2.69,8.48,8.499,8.314,571275.39,597632.27,472276.0,8.33
2018-12-26,8.37,8.52,8.36,390920.75,0.07,0.84,8.446,8.504,8.335,538536.1,591611.64,479337.1,8.4
2018-12-27,8.5,8.58,8.35,339507.75,0.0,0.0,8.428,8.493,8.358,471154.7,544445.41,479401.93,8.4
2018-12-28,8.35,8.38,8.12,602669.88,-0.06,-0.71,8.406,8.481,8.374,470209.94,547173.04,496656.98,8.34
2019-01-02,8.31,8.31,7.95,526282.88,-0.29,-3.48,8.304,8.419,8.363,455949.99,529069.26,489388.42,8.05
2019-01-03,7.99,8.11,7.88,378704.38,-0.12,-1.49,8.224,8.352,8.348,447617.13,509446.26,491429.55,7.93
2019-01-04,7.87,8.07,7.77,381295.59,0.14,1.76,8.158,8.302,8.342,445692.1,492114.1,487565.71,8.07
2019-01-07,8.12,8.17,8.03,466807.84,0.07,0.87,8.106,8.267,8.344,471152.11,471153.41,494446.05,8.14
2019-01-08,8.13,8.16,8.06,248089.61,-0.04,-0.49,8.058,8.232,8.34,400236.06,435223.0,490274.76,8.1
2019-01-09,8.1,8.25,8.07,429590.34,0.01,0.12,8.07,8.187,8.337,380897.55,418423.77,498864.42,8.11
2019-01-10,8.1,8.11,8.02,294989.91,-0.07,-0.86,8.092,8.158,8.329,364154.66,405885.89,501759.08,8.04
2019-01-11,8.15,8.2,8.06,420420.69,0.15,1.87,8.116,8.137,8.321,371979.68,408835.89,500223.77,8.19
2019-01-14,8.22,8.38,8.15,482643.0,0.19,2.32,8.164,8.135,8.314,375146.71,423149.41,483797.41,8.38
2019-01-15,8.35,8.55,8.28,643648.19,0.05,0.6,8.23,8.144,8.313,454258.43,427247.24,487210.14,8.43
2019-01-16,8.48,8.52,8.38,436623.84,0.04,0.47,8.302,8.186,8.303,455665.13,418281.34,473675.3,8.47
2019-01-17,8.48,8.6,8.45,392015.31,0.06,0.71,8.4,8.246,8.299,475070.21,419612.43,464529.35,8.53
2019-01-18,8.56,8.69,8.51,507654.88,0.11,1.29,8.49,8.303,8.303,492517.04,432248.36,462181.23,8.64
2019-01-21,8.67,8.73,8.58,356612.0,-0.03,-0.35,8.536,8.35,8.309,467310.84,421228.78,446191.09,8.61
2019-01-22,8.57,8.67,8.52,409628.53,-0.07,-0.81,8.558,8.394,8.313,420506.91,437382.67,436302.83,8.54
2019-01-23,8.62,8.72,8.6,411788.81,0.17,1.99,8.606,8.454,8.321,415539.91,435602.52,427013.14,8.71
2019-01-24,8.74,8.91,8.71,586850.06,0.15,1.72,8.672,8.536,8.347,454506.86,464788.53,435337.21,8.86
2019-01-25,8.92,9.08,8.86,649375.19,0.21,2.37,8.758,8.624,8.381,482850.92,487683.98,448259.93,9.07
2019-01-28,9.13,9.17,9.02,652926.31,0.01,0.11,8.852,8.694,8.415,542113.78,504712.31,463930.86,9.08
2019-01-29,9.02,9.15,8.88,562628.88,0.06,0.66,8.972,8.765,8.455,572713.85,496610.38,461928.81,9.14
2019-01-30,9.16,9.29,9.1,559389.0,-0.02,-0.22,9.054,8.83,8.508,602233.89,508886.9,463584.12,9.12
2019-01-31,9.28,9.34,9.02,591507.56,0.0,0.0,9.106,8.889,8.568,603165.39,528836.12,474224.28,9.12
2019-02-01,9.21,9.48,9.2,805557.88,0.36,3.95,9.188,8.973,8.638,634401.93,558626.42,495437.39,9.48
2019-02-11,9.55,9.61,9.41,553230.5,0.0,0.0,9.268,9.06,8.705,614462.76,578288.27,499758.52,9.48
2019-02-12,9.48,9.78,9.45,886461.5,0.22,2.32,9.38,9.176,8.785,679229.29,625971.57,531677.12,9.7
2019-02-13,9.67,9.82,9.61,792460.38,0.06,0.62,9.508,9.281,8.868,725843.56,664038.73,549820.62,9.76
2019-02-14,9.75,9.82,9.68,577801.0,-0.01,-0.1,9.634,9.37,8.953,723102.25,663133.82,563961.18,9.75
2019-02-15,9.75,9.75,9.44,553057.44,-0.29,-2.97,9.63,9.409,9.017,672602.16,653502.05,570593.01,9.46
2019-02-18,9.52,9.94,9.52,1031240.31,0.45,4.76,9.716,9.492,9.093,768204.13,691333.45,598022.88,9.91
2019-02-19,9.92,9.92,9.57,862510.5,-0.3,-3.03,9.698,9.539,9.152,763413.93,721321.61,608965.99,9.61
2019-02-20,9.64,9.88,9.6,639841.0,0.08,0.83,9.684,9.596,9.213,732890.05,729366.81,619126.85,9.69
2019-02-21,9.63,9.9,9.51,744239.94,0.06,0.62,9.684,9.659,9.274,766177.84,744640.05,636738.08,9.75
2019-02-22,9.62,10.45,9.62,1303444.62,0.61,6.26,9.864,9.747,9.36,916255.27,794428.72,676527.57,10.36
2019-02-25,10.46,11.16,10.45,1709542.12,0.56,5.41,10.066,9.891,9.476,1051915.64,910059.88,744174.08,10.92
2019-02-26,10.87,11.1,10.75,1004765.38,-0.12,-1.1,10.304,10.001,9.589,1080366.61,921890.27,773930.92,10.8
2019-02-27,10.75,10.88,10.36,1142063.38,-0.4,-3.7,10.446,10.065,9.673,1180811.09,956850.57,810444.65,10.4
2019-02-28,10.44,10.56,10.33,634736.5,-0.01,-0.1,10.574,10.129,9.75,1158910.4,962544.12,812838.97,10.39
2019-03-01,10.57,10.75,10.36,1058140.38,0.33,3.18,10.646,10.255,9.832,1109849.55,1013052.41,833277.23,10.72
2019-03-04,11.0,11.79,10.93,2681238.25,0.82,7.65,10.77,10.418,9.955,1304188.78,1178052.21,934692.83,11.54
2019-03-05,11.54,11.72,11.28,1652955.38,-0.06,-0.52,10.906,10.605,10.072,1433826.78,1257096.7,989209.15,11.48
2019-03-06,11.48,11.63,11.3,1284546.38,0.09,0.78,11.14,10.793,10.195,1462323.38,1321567.23,1025467.02,11.57
2019-03-07,11.5,11.51,11.06,1272256.75,-0.35,-3.02,11.306,10.94,10.3,1589827.43,1374368.91,1059504.48,11.22
2019-03-08,11.01,11.55,10.78,1635258.75,-0.14,-1.25,11.378,11.012,10.38,1705251.1,1407550.33,1100989.52,11.08
2019-03-11,11.08,11.26,10.84,1214879.5,0.1,0.9,11.306,11.038,10.465,1411979.35,1358084.07,1134071.97,11.18
2019-03-12,11.27,11.83,11.27,1937352.25,0.58,5.19,11.362,11.134,10.568,1468858.73,1451342.75,1186616.51,11.76
2019-03-13,11.75,11.91,11.44,1325661.12,-0.25,-2.13,11.35,11.245,10.655,1477081.67,1469702.53,1213276.55,11.51
2019-03-14,11.41,11.95,11.35,1328666.88,0.15,1.3,11.438,11.372,10.751,1488363.7,1539095.56,1250819.84,11.66
2019-03-15,11.7,12.55,11.7,1888559.0,0.72,6.17,11.698,11.538,10.897,1539023.75,1622137.43,1317594.92,12.38
2019-03-18,12.4,13.1,12.4,1936115.75,0.61,4.93,12.06,11.683,11.051,1683271.0,1547625.18,1362838.69,12.99
2019-03-19,12.86,13.09,12.71,1168809.88,-0.19,-1.46,12.268,11.815,11.21,1529562.53,1499210.63,1378153.66,12.8
2019-03-20,12.76,13.47,12.66,1478106.88,0.3,2.34,12.586,11.968,11.381,1560051.68,1518566.68,1420066.95,13.1
2019-03-21,13.22,13.49,12.91,1144473.38,0.02,0.15,12.878,12.158,11.549,1523212.98,1505788.34,1440078.63,13.12
2019-03-22,13.33,13.39,12.68,1199345.25,-0.25,-1.91,12.976,12.337,11.675,1385370.23,1462196.99,1434873.66,12.87
2019-03-25,12.51,12.73,12.26,1686029.12,-0.56,-4.35,12.84,12.45,11.744,1335352.9,1509311.95,1433698.01,12.31
2019-03-26,12.38,12.46,11.88,1561568.88,-0.22,-1.79,12.698,12.483,11.809,1413904.7,1471733.61,1461538.18,12.09
2019-03-27,12.15,12.4,11.97,1266664.62,0.21,1.74,12.538,12.562,11.904,1371616.25,1465833.96,1467768.25,12.3
2019-03-28,12.1,12.26,12.01,1015229.38,-0.24,-1.95,12.326,12.602,11.987,1345767.45,1434490.21,1486792.89,12.06
2019-03-29,12.21,12.83,12.0,1786311.0,0.72,5.97,12.308,12.642,12.09,1463160.6,1424265.41,1523201.42,12.78
2019-04-01,13.02,13.28,12.8,2072637.25,0.17,1.33,12.436,12.638,12.161,1540482.23,1437917.56,1492771.37,12.95
2019-04-02,13.04,13.14,12.52,1700821.25,-0.32,-2.47,12.544,12.621,12.218,1568332.7,1491118.7,1495164.66,12.63
2019-04-03,12.65,12.97,12.56,1354616.25,0.29,2.3,12.668,12.603,12.286,1585923.03,1478769.64,1498668.16,12.92
2019-04-04,12.97,13.64,12.97,1875518.88,0.44,3.41,12.928,12.627,12.393,1757980.93,1551874.19,1528831.26,13.36
2019-04-08,13.7,13.88,13.37,1898043.62,0.44,3.29,13.132,12.72,12.529,1780327.45,1621744.03,1541970.51,13.8
2019-04-09,13.7,13.75,13.38,1256957.88,-0.24,-1.74,13.254,12.845,12.648,1617191.58,1578836.9,1544074.43,13.56
2019-04-10,13.4,14.06,13.2,1558236.75,0.44,3.25,13.528,13.036,12.76,1588674.68,1578503.69,1525118.65,14.0
2019-04-11,13.9,13.95,13.16,1888655.75,-0.82,-5.86,13.58,13.124,12.843,1695482.58,1640702.8,1553268.38,13.18
2019-04-12,13.15,13.31,12.8,1182322.62,-0.2,-1.52,13.504,13.216,12.909,1556843.32,1657412.13,1545951.17,12.98
2019-04-15,13.65,13.8,12.79,1758210.38,-0.11,-0.85,13.318,13.225,12.934,1528876.68,1654602.06,1539433.74,12.87
2019-04-16,12.88,13.24,12.72,1496223.5,0.35,2.72,13.25,13.252,12.945,1576729.8,1596960.69,1517439.13,13.22
2019-04-17,13.27,13.27,12.98,1168938.25,-0.11,-0.83,13.072,13.3,12.961,1498870.1,1543772.39,1517445.54,13.11
2019-04-18,13.13,13.4,12.98,935327.44,0.05,0.38,13.068,13.324,12.964,1308204.44,1501843.51,1490306.57,13.16
2019-04-19,13.17,13.22,12.81,814771.25,-0.03,-0.23,13.098,13.301,12.964,1234694.16,1395768.74,1473821.47,13.13
2019-04-22,13.15,13.15,12.12,2532828.5,-0.94,-7.16,12.962,13.14,12.93,1389617.79,1459247.23,1540495.63,12.19
2019-04-23,12.23,12.45,12.18,1003225.88,0.1,0.82,12.776,13.013,12.929,1291018.26,1433874.03,1506355.47,12.29
2019-04-24,12.3,12.43,12.02,1050953.12,0.04,0.33,12.62,12.846,12.941,1267421.24,1383145.67,1480824.68,12.33
2019-04-25,12.34,12.34,11.85,1158559.5,-0.45,-3.65,12.364,12.716,12.92,1312067.65,1310136.04,1475419.42,11.88
2019-04-26,11.88,12.06,11.84,1026499.94,0.04,0.34,12.122,12.61,12.913,1354413.39,1294553.78,1475982.95,11.92
2019-04-29,12.04,12.48,12.03,1510435.5,0.38,3.19,12.144,12.553,12.889,1149934.79,1269776.29,1462189.18,12.3
2019-04-30,12.35,12.53,12.07,972678.81,-0.05,-0.41,12.136,12.456,12.854,1143825.37,1217421.82,1407191.25,12.25
2019-05-06,11.8,11.87,11.17,1456315.12,-0.85,-6.94,11.95,12.285,12.793,1224897.77,1246159.51,1394965.95,11.4
2019-05-07,11.7,12.13,11.66,1493366.75,0.72,6.32,11.998,12.181,12.753,1291859.22,1301963.44,1401903.47,12.12
2019-05-08,11.82,12.21,11.78,1054659.75,-0.27,-2.23,11.984,12.053,12.677,1297491.19,1325952.29,1360860.52,11.85
2019-05-09,11.79,12.02,11.61,745991.06,0.01,0.08,11.896,12.02,12.58,1144602.3,1147268.54,1303257.89,11.86
2019-05-10,12.02,12.45,11.72,1648127.75,0.59,4.97,11.936,12.036,12.525,1279692.09,1211758.73,1322816.38,12.45
2019-05-13,12.28,12.36,12.09,838981.88,-0.24,-1.93,12.098,12.024,12.435,1156225.44,1190561.61,1286853.64,12.21
2019-05-14,12.05,12.2,11.87,916532.38,-0.25,-2.05,12.066,12.032,12.374,1040858.56,1166358.89,1238247.47,11.96
2019-05-15,12.1,12.24,11.89,1151726.5,0.18,1.5,12.124,12.054,12.332,1060271.91,1178881.55,1236717.66,12.14
2019-05-16,12.13,12.19,12.04,848443.44,0.01,0.08,12.182,12.039,12.296,1080762.39,1112682.34,1191229.32,12.15
2019-05-17,12.11,12.15,11.65,1169603.0,-0.45,-3.7,12.032,11.984,12.22,985057.44,1132374.76,1174898.29,11.7
2019-05-20,11.68,11.7,11.43,657571.38,-0.11,-0.94,11.908,12.003,12.144,948775.34,1052500.39,1149329.95,11.59
2019-05-21,11.58,12.01,11.58,816409.56,0.3,2.59,11.894,11.98,12.081,928750.78,984804.67,1143384.05,11.89
2019-05-22,11.92,12.06,11.87,642850.56,0.06,0.51,11.856,11.99,12.022,826975.59,943623.75,1134788.02,11.95
2019-05-23,11.91,12.08,11.82,618225.31,-0.05,-0.42,11.806,11.994,12.007,780931.96,930847.18,1039057.86,11.9
2019-05-24,11.87,12.09,11.87,678712.44,0.13,1.09,11.872,11.952,11.994,682753.85,833905.65,1022832.19,12.03
2019-05-27,12.08,12.37,11.97,858326.56,0.28,2.33,12.016,11.962,11.993,722904.89,835840.11,1013200.86,12.31
2019-05-28,12.36,12.84,12.31,1398097.38,0.34,2.76,12.168,12.031,12.032,839242.45,883996.61,1025177.75,12.65
2019-05-29,12.65,12.7,12.46,564954.69,-0.07,-0.55,12.294,12.075,12.065,823663.28,825319.43,1002100.49,12.58
2019-05-30,12.5,12.56,12.16,818713.75,-0.23,-1.83,12.384,12.095,12.067,863760.96,822346.46,967514.4,12.35
2019-05-31,12.24,12.27,11.9,841492.94,-0.28,-2.27,12.392,12.132,12.058,896317.06,789535.46,960955.11,12.07
2019-06-03,12.11,12.18,11.9,658703.5,-0.11,-0.91,12.322,12.169,12.086,856392.45,789648.67,921074.53,11.96
2019-06-04,12.02,12.03,11.65,921178.19,0.01,0.08,12.186,12.177,12.079,761008.61,800125.53,892465.1,11.97
2019-06-05,12.09,12.23,12.04,748010.88,0.12,1.0,12.088,12.191,12.091,797619.85,810641.56,877132.66,12.09
2019-06-06,12.1,12.19,11.95,629756.44,-0.14,-1.16,12.008,12.196,12.095,759828.39,811794.68,871320.93,11.95
2019-06-10,12.0,12.33,11.98,655195.12,0.26,2.18,12.036,12.214,12.083,722568.83,809442.95,821674.3,12.21
2019-06-11,12.37,12.93,12.37,1501633.12,0.71,5.82,12.228,12.275,12.119,891154.75,873773.6,854806.86,12.92
2019-06-12,12.87,13.18,12.81,1121926.62,-0.02,-0.15,12.414,12.3,12.166,931304.44,846156.53,865076.57,12.9
2019-06-13,12.88,13.08,12.76,727298.25,0.05,0.39,12.586,12.337,12.206,927161.91,862390.88,843855.16,12.95
2019-06-14,12.95,13.05,12.74,915998.75,-0.16,-1.24,12.754,12.381,12.238,984410.37,872119.38,847232.92,12.79
2019-06-17,12.75,12.95,12.61,580586.06,-0.04,-0.31,12.862,12.449,12.291,969488.56,846028.69,817782.08,12.75
2019-06-18,12.79,12.95,12.72,555716.88,0.13,1.02,12.854,12.541,12.355,780305.31,835730.03,812689.35,12.88
2019-06-19,13.28,13.29,12.85,1003639.44,0.02,0.15,12.854,12.634,12.406,756647.88,843976.16,822050.84,12.9
2019-06-20,12.84,13.26,12.82,1104807.5,0.28,2.17,12.9,12.743,12.467,832149.73,879655.82,845148.69,13.18
2019-06-21,13.23,13.24,13.0,922975.88,-0.05,-0.38,12.968,12.861,12.529,833545.15,908977.76,860386.22,13.13
2019-06-24,13.14,13.24,13.01,559951.62,0.05,0.38,13.054,12.958,12.586,829418.26,899453.41,854448.18,13.18
2019-06-25,13.17,13.2,12.73,753865.25,-0.13,-0.99,13.088,12.971,12.623,869047.94,824676.63,849225.11,13.05
2019-06-26,12.92,13.05,12.81,377657.69,-0.1,-0.77,13.098,12.976,12.638,743851.59,750249.73,798203.13,12.95
2019-06-27,13.1,13.19,12.89,788699.31,0.0,0.0,13.052,12.976,12.657,680629.95,756389.84,809390.36,12.95
2019-06-28,12.98,13.11,12.89,590788.44,0.13,1.0,13.042,13.005,12.693,614192.46,723868.81,797994.09,13.08
2019-07-01,13.3,13.42,13.18,1170127.5,0.32,2.45,13.086,13.07,12.76,736227.64,782822.95,814425.82,13.4
2019-07-02,13.33,13.35,13.12,747889.06,-0.21,-1.57,13.114,13.101,12.821,735032.4,802040.17,818885.1,13.19
2019-07-03,13.17,13.17,12.85,755684.25,-0.27,-2.05,13.108,13.103,12.869,810637.71,777244.65,810610.4,12.92
2019-07-04,12.93,13.04,12.8,510292.59,-0.06,-0.46,13.09,13.071,12.907,754956.37,717793.16,798724.49,12.86
2019-07-05,12.89,12.94,12.77,472956.34,0.01,0.08,13.048,13.045,12.953,731389.95,672791.21,790884.48,12.87
2019-07-08,12.86,12.86,12.37,693939.56,-0.17,-1.32,12.908,12.997,12.978,636152.36,686190.0,792821.71,12.7
2019-07-09,12.65,12.74,12.56,313572.56,-0.03,-0.24,12.804,12.959,12.965,549289.06,642160.73,733418.68,12.67
2019-07-10,12.68,12.74,12.41,446155.53,-0.19,-1.5,12.716,12.912,12.944,487383.32,649010.51,699630.12,12.48
2019-07-11,12.6,12.89,12.59,705879.56,0.34,2.72,12.708,12.899,12.938,526500.71,640728.54,698559.19,12.82
2019-07-12,12.78,13.15,12.78,740015.69,0.31,2.42,12.76,12.904,12.955,579912.58,655651.26,689760.04,13.13
2019-07-15,13.15,13.55,13.0,1042684.5,0.3,2.29,12.906,12.907,12.989,649661.57,642906.96,712864.96,13.43
2019-07-16,13.46,13.65,13.34,833984.25,-0.01,-0.07,13.056,12.93,13.016,753743.91,651516.48,726778.33,13.42
2019-07-17,13.24,13.53,13.22,1112413.5,0.28,2.13,13.248,12.982,13.043,886995.5,687189.41,732217.03,13.44
2019-07-18,13.73,13.79,13.51,1214705.25,0.27,2.01,13.426,13.067,13.069,988760.64,757630.67,737711.92,13.71
2019-07-19,13.7,13.77,13.54,807450.5,-0.1,-0.73,13.522,13.141,13.093,1002247.6,791080.09,731935.65,13.61
2019-07-22,13.67,14.0,13.61,1143906.62,0.1,0.73,13.578,13.242,13.12,1022492.02,836076.8,761133.4,13.71
2019-07-23,13.8,13.93,13.5,868763.31,-0.11,-0.8,13.614,13.335,13.147,1029447.84,891595.87,766878.3,13.6
2019-07-24,13.74,14.05,13.69,875179.19,0.32,2.35,13.71,13.479,13.196,982000.97,934498.24,791754.38,13.92
2019-07-25,13.97,14.1,13.9,639094.62,0.07,0.5,13.766,13.596,13.248,866878.85,927819.74,784274.14,13.99
2019-07-26,13.98,14.65,13.95,1281840.88,0.66,4.72,13.974,13.748,13.326,961756.92,982002.26,818826.76,14.65
2019-07-29,14.65,14.69,14.22,1006461.56,-0.31,-2.12,14.1,13.839,13.373,934267.91,978379.97,810643.47,14.34
2019-07-30,14.4,14.45,14.26,602291.56,-0.03,-0.21,14.242,13.928,13.429,880973.56,955210.7,803363.59,14.31
2019-07-31,14.29,14.32,14.05,625004.25,-0.19,-1.33,14.282,13.996,13.489,830938.57,906469.77,796829.59,14.12
2019-08-01,14.13,14.29,13.96,680977.38,0.07,0.5,14.322,14.044,13.556,839315.13,853096.99,805363.83,14.19
2019-08-02,13.85,14.09,13.7,816931.06,-0.26,-1.83,14.178,14.076,13.609,746333.16,854045.04,822562.57,13.93
2019-08-05,13.87,13.98,13.58,654426.81,-0.34,-2.44,14.028,14.064,13.653,675926.21,805097.06,820586.93,13.59
2019-08-06,13.34,13.81,13.04,1018121.94,-0.03,-0.22,13.878,14.06,13.698,759092.29,820032.93,855814.4,13.56
2019-08-07,13.66,13.85,13.55,514635.44,0.02,0.15,13.77,14.026,13.753,737018.53,783978.55,859238.39,13.58
2019-08-08,13.76,13.81,13.36,523880.91,-0.02,-0.15,13.644,13.983,13.79,705599.23,772457.18,850138.46,13.56
2019-08-09,13.66,13.79,13.48,518012.06,-0.08,-0.59,13.554,13.866,13.807,645815.43,696074.3,839038.28,13.48
2019-08-12,13.46,13.72,13.18,495546.44,0.23,1.71,13.578,13.803,13.821,614039.36,644982.79,811681.38,13.71
2019-08-13,13.57,13.59,13.19,779506.06,-0.45,-3.28,13.518,13.698,13.813,566316.18,662704.24,808957.47,13.26
2019-08-14,13.5,13.54,13.04,966596.81,-0.15,-1.13,13.424,13.597,13.797,656708.46,696863.49,801666.63,13.11
2019-08-15,12.82,13.33,12.74,715681.44,0.19,1.45,13.372,13.508,13.776,695068.56,700333.9,776715.44,13.3
2019-08-16,13.29,13.43,13.23,487445.41,-0.04,-0.3,13.328,13.441,13.759,688955.23,667385.33,760715.19,13.26
2019-08-19,13.47,13.65,13.26,717897.31,0.3,2.26,13.298,13.438,13.751,733425.41,673732.38,739414.72,13.56
2019-08-20,13.56,14.02,13.51,910690.25,0.39,2.88,13.436,13.477,13.769,759662.24,662989.21,741511.07,13.95
2019-08-21,13.9,13.92,13.62,679769.5,-0.29,-2.08,13.546,13.485,13.756,702296.78,679502.62,731740.58,13.66
2019-08-22,13.7,13.74,13.28,722771.56,-0.26,-1.9,13.566,13.469,13.726,703714.81,699391.68,735924.43,13.4
2019-08-23,13.6,14.24,13.55,1463461.62,0.71,5.3,13.736,13.532,13.699,898918.05,793936.64,745005.47,14.11
2019-08-26,13.8,13.99,13.63,803158.31,-0.33,-2.34,13.78,13.539,13.671,915970.25,824697.83,734840.31,13.78
2019-08-27,13.86,13.98,13.71,967180.38,0.05,0.36,13.756,13.596,13.647,927268.27,843465.26,753084.75,13.83
2019-08-28,13.83,13.83,13.47,827266.5,-0.27,-1.95,13.736,13.641,13.619,956767.67,829532.23,763197.86,13.56
2019-08-29,13.58,13.7,13.38,707252.69,-0.1,-0.74,13.748,13.657,13.583,953663.9,828689.35,764511.63,13.46
2019-08-30,13.61,13.76,13.32,765083.44,0.01,0.07,13.62,13.678,13.56,813988.26,856453.16,761919.24,13.47
2019-09-02,13.51,13.8,13.44,808718.31,0.26,1.93,13.61,13.695,13.567,815100.26,865535.26,769633.82,13.73
2019-09-03,13.73,13.73,13.4,825315.31,-0.14,-1.02,13.562,13.659,13.568,786727.25,856997.76,759993.49,13.59
2019-09-04,13.56,13.89,13.5,838012.38,0.26,1.91,13.62,13.678,13.582,788876.43,872822.05,776162.33,13.85
2019-09-05,14.11,14.93,14.11,2157787.5,0.75,5.42,13.848,13.798,13.634,1078983.39,1016323.64,857857.66,14.6
2019-09-06,14.6,14.8,14.47,1035156.25,0.15,1.03,14.104,13.862,13.697,1132997.95,973493.11,883714.87,14.75
2019-09-09,14.98,15.13,14.73,1049220.5,0.12,0.81,14.332,13.971,13.755,1181098.39,998099.33,911398.58,14.87
2019-09-10,14.87,14.87,14.62,575159.25,-0.2,-1.34,14.548,14.055,13.826,1131067.18,958897.21,901181.24,14.67
2019-09-11,14.73,14.84,14.46,653959.69,-0.07,-0.48,14.698,14.159,13.9,1094256.64,941566.53,885549.38,14.6
2019-09-12,14.6,14.77,14.57,516991.12,0.15,1.03,14.728,14.288,13.973,766097.36,922540.38,875614.86,14.75
2019-09-16,14.79,14.85,14.47,536293.69,-0.17,-1.15,14.694,14.399,14.039,666324.85,899661.4,878057.28,14.58
2019-09-17,14.5,14.53,14.17,629224.31,-0.26,-1.78,14.584,14.458,14.077,582325.61,881712.0,873623.63,14.32
2019-09-18,14.4,14.44,14.25,421320.12,0.08,0.56,14.53,14.539,14.099,551557.79,841312.48,849155.12,14.4
2019-09-19,14.43,14.46,14.2,450035.12,0.04,0.28,14.498,14.598,14.138,510772.87,802514.76,837668.4,14.44
2019-09-20,14.48,14.95,14.46,1045236.88,0.38,2.63,14.512,14.62,14.209,616422.02,691259.69,853791.67,14.82
2019-09-23,14.7,14.72,14.31,620263.75,-0.38,-2.56,14.484,14.589,14.226,633216.04,649770.44,811631.78,14.44
2019-09-24,14.26,14.45,14.08,526433.75,-0.1,-0.69,14.488,14.536,14.254,612657.92,597491.77,797795.55,14.34
2019-09-25,14.27,14.48,14.16,447068.59,0.06,0.42,14.488,14.509,14.282,617807.62,584682.7,771789.96,14.4
2019-09-26,14.4,14.75,14.36,760307.44,-0.01,-0.07,14.478,14.488,14.324,679862.08,595317.48,768442.0,14.39
2019-09-27,14.44,14.55,14.18,389975.16,0.02,0.14,14.396,14.454,14.371,548809.74,582615.88,752578.13,14.41
2019-09-30,14.38,14.52,14.23,329784.5,-0.13,-0.9,14.364,14.424,14.412,490713.89,561964.96,730813.18,14.28
2019-10-08,14.24,14.68,14.24,549269.75,0.27,1.89,14.406,14.447,14.453,495281.09,553969.51,717840.75,14.55
2019-10-09,14.49,14.5,14.25,432112.31,-0.16,-1.1,14.404,14.446,14.493,492289.83,555048.73,698180.6,14.39
2019-10-10,14.4,14.48,14.2,365681.75,0.03,0.21,14.41,14.444,14.521,413364.69,546613.39,674564.07,14.42
2019-10-11,14.42,14.86,14.34,809237.62,0.33,2.29,14.478,14.437,14.529,497217.19,523013.46,607136.58,14.75
2019-10-14,14.85,14.93,14.62,717911.75,0.02,0.14,14.576,14.47,14.53,574842.64,532778.26,591274.35,14.77
2019-10-15,14.76,15.1,14.61,730382.5,0.24,1.62,14.668,14.537,14.537,611065.19,553173.14,575332.45,15.01
2019-10-16,15.1,15.15,14.77,639781.12,-0.14,-0.93,14.764,14.584,14.547,652598.95,572444.39,578563.55,14.87
2019-10-17,14.83,14.96,14.65,424010.41,-0.08,-0.54,14.838,14.624,14.556,664264.68,538814.69,567066.08,14.79
2019-10-18,14.77,14.84,14.33,551136.44,-0.38,-2.57,14.77,14.624,14.539,612644.44,554930.82,568773.35,14.41
2019-10-21,14.39,14.54,14.26,360558.12,0.05,0.35,14.708,14.642,14.533,541173.72,558008.18,559986.57,14.46
2019-10-22,14.48,14.52,14.36,252952.11,0.04,0.28,14.606,14.637,14.542,445687.64,528376.41,541172.96,14.5
2019-10-23,14.54,14.54,14.21,366711.47,-0.23,-1.59,14.486,14.625,14.536,391073.71,521836.33,538442.53,14.27
2019-10-24,14.27,14.29,13.92,680804.5,-0.26,-1.82,14.33,14.584,14.514,442432.53,553348.6,549981.0,14.01
2019-10-25,14.06,14.08,13.79,560531.25,0.06,0.43,14.262,14.516,14.477,444311.49,528477.97,525745.71,14.07
2019-10-28,14.06,14.18,13.87,656720.06,-0.13,-0.92,14.158,14.433,14.452,503543.88,522358.8,527568.53,13.94
2019-10-29,13.94,14.05,13.83,393969.41,-0.08,-0.57,14.03,14.318,14.428,531747.34,488717.49,520945.31,13.86
2019-10-30,13.7,13.96,13.21,961688.12,0.05,0.36,13.958,14.222,14.403,650742.67,520908.19,546676.29,13.91
2019-10-31,13.96,14.0,13.38,806024.12,-0.44,-3.16,13.85,14.09,14.357,675786.59,559109.56,548962.12,13.47
2019-11-01,13.47,14.01,13.4,874202.12,0.43,3.19,13.816,14.039,14.332,738520.77,591416.13,573173.47,13.9
2019-11-04,13.96,14.14,13.85,794533.69,0.19,1.37,13.846,14.002,14.322,766083.49,634813.69,596410.93,14.09
2019-11-05,14.08,14.3,14.05,777778.06,0.04,0.28,13.9,13.965,14.301,842845.22,687296.28,607836.35,14.13
2019-11-06,14.2,14.22,13.81,585312.81,-0.26,-1.84,13.892,13.925,14.275,767570.16,709156.41,615496.37,13.87
2019-11-07,14.03,14.14,13.93,515428.16,0.23,1.66,14.018,13.934,14.259,709450.97,692618.78,622983.69,14.1
2019-11-08,14.2,14.36,14.07,618538.31,-0.01,-0.07,14.056,13.936,14.226,658318.21,698419.49,613448.73,14.09
2019-11-11,14.06,14.15,13.79,554964.0,-0.19,-1.35,14.018,13.932,14.183,610404.27,688243.88,605301.34,13.9
2019-11-12,13.8,14.22,13.8,704902.25,0.03,0.22,13.978,13.939,14.129,595829.11,719337.16,604027.33,13.93
2019-11-13,13.92,14.01,13.75,418085.62,0.03,0.21,13.996,13.944,14.083,562383.67,664976.91,592942.55,13.96
2019-11-14,14.04,14.1,13.94,474772.66,0.11,0.79,13.99,14.004,14.047,554252.57,631851.77,595480.66,14.07
2019-11-15,14.13,14.15,13.84,407271.69,-0.18,-1.28,13.95,14.003,14.021,511999.24,585158.73,588287.43,13.89
2019-11-18,13.96,14.21,13.9,588220.38,0.3,2.16,14.008,14.013,14.008,518650.52,564527.39,599670.54,14.19
2019-11-19,14.1,14.78,14.1,1076687.75,0.46,3.24,14.152,14.065,14.015,593007.62,594418.36,640857.32,14.65
2019-11-20,14.63,14.76,14.53,517426.81,-0.07,-0.48,14.276,14.136,14.031,612875.86,587629.76,648393.09,14.58
2019-11-21,14.5,14.62,14.34,423691.78,0.02,0.14,14.382,14.186,14.06,602659.68,578456.13,635537.45,14.6
2019-11-22,14.63,14.78,14.41,492162.62,-0.13,-0.89,14.498,14.224,14.08,619637.87,565818.56,632119.02,14.47
2019-11-25,14.46,14.99,14.45,890677.38,0.44,3.04,14.642,14.325,14.129,680129.27,599389.89,643816.89,14.91
2019-11-26,14.94,14.99,14.74,658346.69,0.03,0.2,14.7,14.426,14.183,596461.06,594734.34,657035.75,14.94
2019-11-27,14.89,15.07,14.76,520106.44,-0.05,-0.34,14.762,14.519,14.232,596996.98,604936.42,634956.67,14.89
2019-11-28,14.91,14.96,14.73,298845.12,-0.05,-0.34,14.81,14.596,14.3,572027.65,587343.67,609597.72,14.84
2019-11-29,14.81,14.84,14.36,597432.25,-0.36,-2.43,14.812,14.655,14.329,593081.58,606359.72,595759.22,14.48
2019-12-02,14.54,14.99,14.54,707699.94,0.44,3.04,14.814,14.728,14.371,556486.09,618307.68,591417.54,14.92
2019-12-03,14.86,15.04,14.71,597177.88,0.12,0.8,14.834,14.767,14.416,544252.33,570356.69,582387.53,15.04
2019-12-04,14.93,15.05,14.77,454410.34,-0.23,-1.53,14.818,14.79,14.463,531113.11,564055.04,575842.4,14.81
2019-12-05,14.84,15.33,14.78,973782.06,0.48,3.24,14.908,14.859,14.523,666100.49,619064.07,598760.1,15.29
2019-12-06,15.35,15.62,15.33,821077.06,0.28,1.83,15.126,14.969,14.597,710829.46,651955.52,608887.04,15.57
2019-12-09,15.73,15.79,15.48,538205.5,-0.02,-0.13,15.252,15.033,14.679,676930.57,616708.33,608049.11,15.55
2019-12-10,15.59,16.08,15.51,779400.25,0.53,3.41,15.46,15.147,14.787,713375.04,628813.68,611774.01,16.08
2019-12-11,16.18,16.35,15.92,718694.69,-0.01,-0.06,15.712,15.265,14.892,766231.91,648672.51,626804.46,16.07
2019-12-12,15.73,15.92,15.4,1090337.75,-0.46,-2.86,15.776,15.342,14.969,789543.05,727821.77,657582.72,15.61
2019-12-13,15.7,16.1,15.5,1010931.5,0.12,0.77,15.808,15.467,15.061,827513.94,769171.7,687765.71,15.73
2019-12-16,15.75,15.79,15.33,861210.19,-0.15,-0.95,15.814,15.533,15.131,892114.88,784522.72,701415.2,15.58
2019-12-17,15.6,15.75,15.36,860475.75,0.07,0.45,15.728,15.594,15.181,908329.98,810852.51,690604.6,15.65
2019-12-18,15.65,16.08,15.53,909979.62,0.2,1.28,15.684,15.698,15.244,946586.96,856409.44,710232.24,15.85
2019-12-19,15.77,15.83,15.5,533387.69,-0.2,-1.26,15.692,15.734,15.297,835196.95,812370.0,715717.04,15.65
2019-12-20,15.61,15.68,15.43,442418.28,-0.16,-1.02,15.644,15.726,15.348,721494.31,774504.12,713229.82,15.49
2019-12-23,15.61,16.08,15.61,1021454.12,0.2,1.29,15.666,15.74,15.387,753543.09,822828.98,719768.66,15.69
2019-12-24,15.7,16.04,15.7,540018.06,0.24,1.53,15.722,15.725,15.436,689451.55,798890.77,713852.22,15.93
2019-12-25,16.06,16.56,15.94,904901.19,0.62,3.89,15.862,15.773,15.519,688435.87,817511.42,733091.96,16.55
2019-12-26,16.57,16.83,16.33,859276.56,0.03,0.18,16.048,15.87,15.606,753613.64,794405.3,761113.53,16.58
2019-12-27,16.54,16.78,16.43,680892.44,0.07,0.42,16.28,15.962,15.715,801308.47,761401.39,765286.54,16.65
2019-12-30,16.75,16.87,16.4,716469.12,0.13,0.78,16.498,16.082,15.808,740311.47,746927.28,765725.0,16.78
2019-12-31,16.83,17.35,16.8,864382.12,0.27,1.61,16.722,16.222,15.908,805184.29,747317.92,779085.21,17.05
2020-01-02,17.29,17.95,17.29,1252622.12,0.9,5.28,17.002,16.432,16.065,874728.47,781582.17,818995.8,17.95
2020-01-03,17.88,17.92,17.67,574810.62,-0.2,-1.11,17.236,16.642,16.188,817835.28,785724.46,799047.23,17.75
2020-01-06,17.7,17.86,16.84,1190170.25,-0.58,-3.27,17.34,16.81,16.268,919690.85,860499.66,817501.89,17.17
2020-01-07,17.2,17.41,16.98,912931.19,0.02,0.12,17.422,16.96,16.35,958983.26,849647.37,836238.18,17.19
2020-01-08,17.1,17.19,16.86,705015.69,-0.3,-1.75,17.39,17.056,16.391,927109.97,866147.13,832518.95,16.89
2020-01-09,17.18,17.24,16.75,728314.56,0.19,1.12,17.216,17.109,16.441,822248.46,848488.47,832999.94,17.08
2020-01-10,17.11,17.38,16.9,655436.5,0.2,1.17,17.122,17.179,16.525,838373.64,828104.46,811254.88,17.28
2020-01-13,17.28,17.28,16.8,855088.38,-0.23,-1.33,17.098,17.219,16.591,771357.26,845524.06,803462.72,17.05
2020-01-14,17.0,17.24,16.93,618436.81,-0.08,-0.47,17.054,17.238,16.66,712458.39,835720.82,791324.05,16.97
2020-01-15,16.96,17.06,16.76,482490.91,-0.04,-0.24,17.062,17.226,16.724,667953.43,797531.7,772424.81,16.93
2020-01-16,16.88,17.1,16.85,444744.75,0.05,0.29,17.042,17.129,16.781,611239.47,716743.97,749163.07,16.98
2020-01-17,16.98,17.06,16.78,549844.0,-0.1,-0.59,16.962,17.042,16.842,590120.97,714247.3,749985.88,16.88
2020-01-20,17.1,17.32,16.9,751434.94,0.37,2.19,17.002,17.05,16.93,569390.28,670373.77,765436.72,17.25
2020-01-21,17.28,17.37,15.89,1463486.38,-0.73,-4.23,16.912,16.983,16.972,738400.2,725429.29,787538.33,16.52
2020-01-22,16.3,16.96,16.08,891455.0,0.38,2.3,16.906,16.984,17.02,820193.01,744073.22,805110.18,16.9
2020-01-23,16.72,16.85,15.83,1009767.06,-0.87,-5.15,16.716,16.879,16.994,933197.48,772218.47,810353.47,16.03
