date,open,high,low,volume,price_change,p_change,ma5,ma10,ma20,v_ma5,v_ma10,v_ma20,close
2017-07-25,9.13,10.04,8.9,454393.78,0.91,9.97,10.04,10.04,10.04,454393.78,454393.78,454393.78,10.04
2017-07-26,10.0,10.0,9.65,451443.69,-0.2,-1.99,9.94,9.94,9.94,452918.74,452918.74,452918.74,9.84
2017-07-27,9.71,9.77,9.36,317933.34,-0.22,-2.24,9.833,9.833,9.833,407923.6,407923.6,407923.6,9.62
2017-07-28,9.56,10.39,9.51,447863.56,0.45,4.68,9.893,9.893,9.893,417908.59,417908.59,417908.59,10.07
2017-07-31,9.91,10.5,9.87,474165.5,0.2,1.99,9.968,9.968,9.968,429159.97,429159.97,429159.97,10.27
2017-08-01,10.16,10.21,9.91,285414.62,-0.34,-3.31,9.946,9.962,9.962,395364.14,405202.42,405202.42,9.93
2017-08-02,9.92,10.39,9.92,377401.44,0.12,1.21,9.988,9.974,9.974,380555.69,401230.85,401230.85,10.05
2017-08-03,9.9,10.38,9.71,353025.34,0.19,1.89,10.112,10.008,10.008,387574.09,395205.16,395205.16,10.24
2017-08-04,10.18,10.42,9.94,300708.59,-0.25,-2.44,10.096,10.006,10.006,358143.1,384705.54,384705.54,9.99
2017-08-07,9.98,10.2,9.74,230383.36,0.2,2.0,10.08,10.024,10.024,309386.67,369273.32,369273.32,10.19
2017-08-08,10.21,10.46,10.1,286168.12,0.03,0.29,10.138,10.042,10.042,309537.37,352450.76,361718.3,10.22
2017-08-09,10.33,10.44,10.14,238560.09,0.12,1.17,10.196,10.092,10.067,281769.1,331162.4,351455.12,10.34
2017-08-10,10.33,10.34,9.8,252573.95,-0.47,-4.54,10.122,10.117,10.052,261678.82,324626.46,343848.88,9.87
2017-08-11,9.74,9.74,9.0,287786.78,-0.68,-6.89,9.962,10.029,9.99,259094.46,308618.78,339844.44,9.19
2017-08-14,8.88,9.39,8.87,146170.67,0.03,0.33,9.768,9.924,9.939,242251.92,275819.3,326932.86,9.22
2017-08-15,9.25,9.6,9.2,160670.16,0.05,0.54,9.578,9.858,9.897,217152.33,263344.85,316541.44,9.27
2017-08-16,9.27,9.35,8.8,168066.48,-0.21,-2.27,9.322,9.759,9.848,203053.61,242411.35,307807.62,9.06
2017-08-17,9.13,9.28,8.98,156436.47,0.0,0.0,9.16,9.641,9.804,183826.11,222752.47,299398.11,9.06
2017-08-18,9.0,9.03,8.8,147200.2,-0.15,-1.66,9.104,9.533,9.757,155708.8,207401.63,291387.69,8.91
2017-08-21,8.97,9.08,8.89,97548.35,0.1,1.12,9.062,9.415,9.72,145984.33,194118.13,281695.72,9.01
2017-08-22,9.03,9.2,8.92,138528.98,0.09,1.0,9.028,9.303,9.673,141556.1,179354.21,265902.48,9.1
2017-08-23,9.07,9.07,8.72,127730.22,-0.23,-2.53,8.99,9.156,9.624,133488.84,168271.23,249716.81,8.87
2017-08-24,8.87,8.9,8.5,155865.73,-0.36,-4.06,8.88,9.02,9.569,133374.7,158600.4,241613.43,8.51
2017-08-25,8.51,8.83,8.51,107535.18,0.19,2.23,8.838,8.971,9.5,125441.69,140575.24,224597.01,8.7
2017-08-28,8.77,8.85,8.67,105877.43,0.07,0.81,8.79,8.926,9.425,127107.51,136545.92,206182.61,8.77
2017-08-29,8.74,8.98,8.73,107691.14,0.07,0.8,8.738,8.883,9.371,120939.94,131248.02,197296.43,8.84
2017-08-30,8.86,8.94,8.73,105839.35,0.06,0.68,8.744,8.867,9.313,116561.77,125025.31,183718.33,8.9
2017-08-31,8.79,8.93,8.64,142003.69,0.02,0.23,8.826,8.853,9.247,113789.36,123582.03,173167.25,8.92
2017-09-01,8.92,9.55,8.83,339792.19,0.35,3.92,8.94,8.889,9.211,160240.76,142841.23,175121.43,9.27
2017-09-04,9.18,9.47,9.15,185656.41,0.01,0.11,9.042,8.916,9.166,176196.56,151652.03,172885.08,9.28
2017-09-05,9.28,9.28,9.03,151429.77,-0.1,-1.08,9.11,8.924,9.114,184944.28,152942.11,166148.16,9.18
2017-09-06,9.12,9.46,8.99,215459.53,0.08,0.87,9.182,8.963,9.06,206868.32,161715.04,164993.13,9.26
2017-09-07,9.17,9.28,9.02,138834.05,-0.18,-1.94,9.214,9.02,9.02,206234.39,160011.87,159306.14,9.08
2017-09-08,9.04,9.46,9.03,219586.12,0.22,2.42,9.22,9.08,9.026,182193.18,171216.97,155896.11,9.3
2017-09-11,9.33,9.85,9.26,416668.12,0.45,4.84,9.314,9.178,9.052,228395.52,202296.04,169420.98,9.75
2017-09-12,9.68,10.67,9.6,634195.62,0.35,3.59,9.498,9.304,9.094,324948.69,254946.49,193097.25,10.1
2017-09-13,9.95,10.38,9.74,363349.31,0.18,1.78,9.702,9.442,9.155,354526.64,280697.48,202861.39,10.28
2017-09-14,10.29,10.35,9.91,252023.69,-0.25,-2.43,9.892,9.553,9.203,377164.57,291699.48,207640.75,10.03
2017-09-15,9.9,9.99,9.62,194400.94,-0.17,-1.7,10.004,9.612,9.251,372127.54,277160.36,210000.79,9.86
2017-09-18,9.77,10.22,9.65,240304.83,0.27,2.74,10.08,9.697,9.307,336854.88,282625.2,217138.62,10.13
2017-09-19,10.13,10.14,9.59,222084.78,-0.42,-4.15,10.002,9.75,9.337,254432.71,289690.7,221316.41,9.71
2017-09-20,9.7,10.45,9.53,559820.0,0.67,6.9,10.022,9.862,9.413,293726.85,324126.75,242920.89,10.38
2017-09-21,10.23,10.26,9.8,362112.88,-0.52,-5.01,9.988,9.94,9.48,315744.69,346454.63,253233.25,9.86
2017-09-22,9.73,10.04,9.68,193941.0,-0.07,-0.71,9.974,9.989,9.535,315652.7,343890.12,257553.54,9.79
2017-09-25,9.82,9.82,9.31,167225.2,-0.46,-4.7,9.814,9.947,9.563,301036.77,318945.83,260620.93,9.33
2017-09-26,9.36,9.54,9.3,114000.5,0.07,0.75,9.752,9.877,9.591,279419.92,266926.31,260936.4,9.4
2017-09-27,9.36,9.55,9.31,107365.21,-0.01,-0.11,9.554,9.788,9.615,188928.96,241327.9,261012.69,9.39
2017-09-28,9.34,9.44,9.03,143682.95,-0.28,-2.98,9.404,9.696,9.625,145242.97,230493.83,261096.66,9.11
2017-09-29,9.15,9.26,9.11,74141.16,0.06,0.66,9.28,9.627,9.62,121283.0,218467.85,247814.1,9.17
2017-10-09,9.3,9.4,9.25,82990.47,0.15,1.64,9.278,9.546,9.622,104436.06,202736.42,242680.81,9.32
2017-10-10,9.33,9.34,9.15,82764.09,0.01,0.11,9.264,9.508,9.629,98188.78,188804.35,239247.52,9.33
2017-10-11,9.34,9.34,9.21,62639.42,-0.07,-0.75,9.238,9.396,9.629,89243.62,139086.29,231606.52,9.26
2017-10-12,9.23,9.3,8.94,99739.65,-0.19,-2.05,9.23,9.317,9.629,80454.96,112848.97,229651.8,9.07
2017-10-13,9.07,9.16,8.92,79840.98,-0.05,-0.55,9.2,9.24,9.615,81594.92,101438.96,222664.54,9.02
2017-10-16,9.03,9.08,8.74,106614.9,-0.26,-2.88,9.088,9.183,9.565,86319.81,95377.93,207161.88,8.76
2017-10-17,8.76,8.83,8.61,72514.6,-0.07,-0.8,8.96,9.112,9.495,84269.91,91229.34,179077.83,8.69
2017-10-18,8.67,8.78,8.5,62131.59,-0.15,-1.73,8.816,9.027,9.408,84168.34,86705.98,164016.94,8.54
2017-10-19,8.56,8.64,8.5,48128.12,0.01,0.12,8.712,8.971,9.334,73846.04,77150.5,153822.16,8.55
2017-10-20,8.58,8.92,8.58,89147.06,0.3,3.51,8.678,8.939,9.283,75707.25,78651.09,148559.47,8.85
2017-10-23,8.85,8.89,8.71,61976.01,-0.09,-1.02,8.678,8.883,9.215,66779.48,76549.64,139643.03,8.76
2017-10-24,8.78,8.83,8.58,59217.0,-0.13,-1.48,8.666,8.813,9.161,64119.96,74194.93,131499.64,8.63
2017-10-25,8.65,8.7,8.6,54565.96,0.05,0.58,8.694,8.755,9.076,62606.83,73387.59,106236.94,8.68
2017-10-26,8.68,8.7,8.53,90292.47,-0.06,-0.69,8.708,8.71,9.014,71039.7,72442.87,92645.92,8.62
2017-10-27,8.6,8.6,8.5,89989.95,-0.11,-1.28,8.64,8.659,8.95,71208.28,73457.77,87448.36,8.51
2017-10-30,8.54,8.72,8.21,169162.27,0.11,1.29,8.612,8.645,8.914,92645.53,79712.5,87545.22,8.62
2017-10-31,8.51,8.61,8.21,94604.13,-0.25,-2.9,8.56,8.613,8.863,99722.96,81921.46,86575.4,8.37
2017-11-01,8.28,8.37,8.03,129300.86,-0.25,-2.99,8.448,8.571,8.799,114669.94,88638.38,87672.18,8.12
2017-11-02,8.11,8.11,7.73,130332.7,-0.32,-3.94,8.284,8.496,8.734,122677.98,96858.84,87004.67,7.8
2017-11-03,7.74,7.74,7.14,173218.88,-0.51,-6.54,8.04,8.34,8.64,139323.77,105266.02,91958.56,7.29
2017-11-06,7.29,7.46,7.22,80642.46,0.16,2.19,7.806,8.209,8.546,121619.81,107132.67,91841.16,7.45
2017-11-07,7.4,7.54,7.4,61349.51,0.06,0.81,7.634,8.097,8.455,114968.88,107345.92,90770.43,7.51
2017-11-08,7.46,7.52,7.36,75013.5,-0.08,-1.06,7.496,7.972,8.364,104111.41,109390.67,91389.13,7.43
2017-11-09,7.43,7.43,7.23,112735.67,-0.05,-0.67,7.412,7.848,8.279,100592.0,111634.99,92038.93,7.38
2017-11-10,7.37,7.44,7.24,75955.5,-0.09,-1.22,7.41,7.725,8.192,81139.33,110231.55,91844.66,7.28
2017-11-13,7.25,7.28,7.08,102362.34,-0.1,-1.37,7.356,7.581,8.113,85483.3,103551.56,91632.03,7.18
2017-11-14,7.21,7.3,7.15,75820.97,0.02,0.28,7.294,7.464,8.039,88377.6,101673.24,91797.35,7.2
2017-11-15,7.2,7.2,7.03,69174.69,-0.16,-2.22,7.216,7.356,7.964,87209.83,95660.62,92149.5,7.04
2017-11-16,7.06,7.13,7.03,45770.72,0.01,0.14,7.15,7.281,7.889,73816.84,87204.42,92031.63,7.05
2017-11-17,7.06,7.06,6.51,131758.67,-0.5,-7.08,7.006,7.208,7.774,84977.48,83058.4,94162.21,6.56
2017-11-20,6.57,6.65,6.32,77516.33,-0.04,-0.61,6.874,7.115,7.662,80008.28,82745.79,94939.23,6.52
2017-11-21,6.52,6.6,6.41,60139.11,-0.07,-1.07,6.724,7.009,7.553,76871.9,82624.75,94985.33,6.45
2017-11-22,6.48,6.54,6.39,59821.91,0.05,0.78,6.616,6.916,7.444,75001.35,81105.59,95248.13,6.5
2017-11-23,6.51,7.16,6.46,190400.67,0.4,6.14,6.588,6.869,7.359,103927.34,88872.09,100253.54,6.91
2017-11-24,6.75,7.16,6.6,140078.31,0.15,2.17,6.688,6.847,7.286,105591.27,95284.37,102757.96,7.06
2017-11-27,7.01,7.18,6.85,104604.66,-0.2,-2.83,6.756,6.815,7.198,111008.93,95508.6,99530.08,6.86
2017-11-28,6.9,7.02,6.85,54916.0,0.08,1.16,6.856,6.79,7.127,109964.31,93418.11,97545.67,6.95
2017-11-29,6.95,7.02,6.87,75593.48,0.02,0.29,6.95,6.783,7.07,113118.62,94059.99,94860.3,6.97
2017-11-30,6.98,6.98,6.82,53621.75,-0.12,-1.72,6.936,6.762,7.022,85762.84,94845.09,91024.76,6.84
2017-12-01,6.83,6.88,6.77,40792.49,-0.02,-0.29,6.888,6.788,6.998,65905.68,85748.47,84403.44,6.82
2017-12-04,6.82,6.88,6.56,70685.43,-0.21,-3.08,6.838,6.797,6.956,59121.83,85065.38,83905.59,6.61
2017-12-05,6.61,6.98,6.61,95962.81,0.15,2.27,6.798,6.827,6.918,67331.19,88647.75,85636.25,6.75
2017-12-06,6.75,6.79,6.44,68972.61,-0.1,-1.48,6.734,6.842,6.879,66007.02,89562.82,85334.21,6.65
2017-12-07,6.57,6.65,6.55,41144.95,-0.03,-0.45,6.688,6.812,6.841,63511.66,74637.25,81754.67,6.61
2017-12-08,6.58,6.66,6.56,37620.1,0.03,0.45,6.652,6.77,6.809,62877.18,64391.43,79837.9,6.64
2017-12-11,6.6,6.83,6.4,62929.98,0.12,1.81,6.68,6.759,6.787,61326.09,60223.96,77866.28,6.75
2017-12-12,6.72,6.8,6.67,47904.3,-0.05,-0.74,6.672,6.735,6.763,51714.39,59522.79,76470.45,6.71
2017-12-13,6.63,6.71,6.62,40270.21,-0.03,-0.45,6.676,6.705,6.744,45973.91,55990.46,75025.22,6.67
2017-12-14,6.68,6.73,6.6,43205.62,0.01,0.15,6.688,6.688,6.725,46386.04,54948.85,74896.97,6.67
2017-12-15,6.63,6.7,6.59,36848.84,-0.03,-0.45,6.688,6.67,6.729,46231.79,54554.49,70151.48,6.64
2017-12-18,6.63,6.75,6.6,45552.51,0.08,1.21,6.682,6.681,6.739,42756.3,52041.19,68553.29,6.72
2017-12-19,6.71,6.76,6.68,39207.91,0.02,0.3,6.686,6.679,6.753,41017.02,46365.7,67506.73,6.73
2017-12-20,6.74,6.75,6.6,40766.4,-0.1,-1.49,6.678,6.677,6.76,41116.26,43545.08,66553.95,6.63
2017-12-21,6.62,6.67,6.47,42945.98,-0.11,-1.66,6.648,6.668,6.74,41064.33,43725.19,59181.22,6.52
2017-12-22,6.51,6.57,6.45,32824.0,-0.02,-0.31,6.618,6.653,6.712,40259.36,43245.58,53818.5,6.49
2017-12-25,6.45,6.49,6.2,53518.02,-0.15,-2.31,6.54,6.611,6.685,41852.46,42304.38,51264.17,6.33
2017-12-26,6.34,6.39,6.27,43812.61,-0.03,-0.47,6.454,6.57,6.653,42773.4,41895.21,50709.0,6.3
2017-12-27,6.32,6.46,6.28,59538.04,0.11,1.75,6.41,6.544,6.625,46527.73,43821.99,49906.23,6.41
2017-12-28,6.38,7.05,6.37,156182.52,0.64,9.98,6.516,6.582,6.635,69175.04,55119.68,55034.27,7.05
2017-12-29,7.29,7.76,7.23,484525.44,0.41,5.82,6.71,6.664,6.667,159515.33,99887.34,77220.91,7.46
2018-01-02,7.25,7.75,7.16,351241.31,0.08,1.07,6.952,6.746,6.714,219059.98,130456.22,91248.71,7.54
2018-01-03,7.4,7.54,7.35,240295.84,-0.07,-0.93,7.186,6.82,6.75,258356.63,150565.02,98465.36,7.47
2018-01-04,7.37,7.45,7.3,193401.67,-0.08,-1.07,7.382,6.896,6.787,285129.36,165828.54,104686.81,7.39
2018-01-05,7.31,7.69,7.25,219206.98,-0.03,-0.41,7.444,6.98,6.824,297734.25,183454.64,113589.91,7.36
2018-01-08,7.39,7.6,7.27,228550.36,0.17,2.32,7.45,7.08,6.867,246539.23,203027.28,123136.43,7.49
2018-01-09,7.45,7.83,7.31,403843.91,0.33,4.4,7.508,7.23,6.921,257059.75,238059.87,140182.12,7.83
2018-01-10,7.69,7.79,7.55,272442.81,-0.08,-1.02,7.562,7.374,6.972,263489.15,260922.89,151409.05,7.74
2018-01-11,7.66,7.74,7.52,162902.45,-0.18,-2.33,7.596,7.489,7.017,257389.3,271259.33,157540.66,7.56
2018-01-12,7.47,7.52,7.32,138927.05,-0.23,-3.04,7.592,7.518,7.05,241333.32,269533.78,162326.73,7.34
2018-01-15,7.26,7.34,7.08,137247.33,-0.21,-2.86,7.522,7.486,7.075,223072.71,234805.97,167346.66,7.14
2018-01-16,7.1,7.25,7.08,91976.41,0.1,1.4,7.404,7.456,7.101,160699.21,208879.48,169667.85,7.24
2018-01-17,7.23,7.25,6.72,145565.42,-0.37,-5.11,7.23,7.396,7.108,135323.73,199406.44,174985.73,6.87
2018-01-18,6.84,6.97,6.71,87196.1,0.0,0.0,7.09,7.343,7.12,120182.46,188785.88,177307.21,6.86
2018-01-19,6.85,6.89,6.71,80131.71,-0.12,-1.75,6.968,7.28,7.13,108423.39,174878.36,179166.5,6.73
2018-01-22,6.63,6.84,6.62,72266.16,0.06,0.89,6.9,7.211,7.146,95427.16,159249.94,181138.61,6.8
2018-01-23,6.78,7.08,6.71,130345.44,0.14,2.06,6.84,7.122,7.176,103100.97,131900.09,184979.98,6.94
2018-01-24,6.93,6.93,6.8,74880.44,-0.06,-0.87,6.84,7.035,7.205,88963.97,112143.85,186533.37,6.87
2018-01-25,6.86,7.17,6.86,112404.76,0.06,0.87,6.854,6.972,7.231,94005.7,107094.08,189176.71,6.93
2018-01-26,6.83,6.9,6.71,79835.4,-0.14,-2.02,6.866,6.917,7.218,93946.44,101184.92,185359.35,6.79
2018-01-29,6.73,6.95,6.73,62917.85,0.03,0.44,6.868,6.884,7.185,92076.78,93751.97,164278.97,6.81
2018-01-30,6.82,6.85,6.72,53575.0,-0.06,-0.88,6.832,6.836,7.146,76722.69,89911.83,149395.65,6.76
2018-01-31,6.55,6.55,6.22,143024.23,-0.53,-7.83,6.706,6.773,7.085,90351.45,89657.71,144532.07,6.24
2018-02-01,6.22,6.24,5.84,120018.43,-0.37,-5.94,6.492,6.673,7.008,91874.18,92939.94,140862.91,5.86
2018-02-02,5.8,5.81,5.27,191397.83,-0.44,-7.51,6.218,6.542,6.911,114186.67,104066.55,139472.45,5.42
2018-02-05,5.29,5.38,5.08,84059.01,-0.16,-2.95,5.908,6.388,6.8,118414.9,105245.84,132247.89,5.26
2018-02-06,5.1,5.22,4.73,114435.4,-0.52,-9.9,5.502,6.167,6.645,130586.98,103654.84,117777.46,4.73
2018-02-07,4.77,4.9,4.61,117393.96,0.0,0.0,5.2,5.953,6.494,125460.93,107906.19,110025.02,4.73
2018-02-08,4.71,5.19,4.71,114321.66,0.47,9.96,5.066,5.779,6.376,124321.57,108097.88,107595.98,5.19
2018-02-09,5.1,5.49,4.96,230387.56,0.0,0.0,5.02,5.619,6.268,132119.52,123153.09,112169.01,5.19
2018-02-12,5.27,5.27,5.04,98195.93,0.02,0.39,5.006,5.457,6.171,134946.9,126680.9,110216.44,5.19
2018-02-13,5.26,5.54,5.11,133323.73,0.0,0.0,5.102,5.302,6.069,138724.57,134655.77,112283.8,5.21
2018-02-14,5.13,5.27,5.13,60480.94,-0.05,-0.96,5.188,5.194,5.984,127341.96,126401.45,108029.58,5.16
2018-02-22,5.23,5.42,5.15,78263.85,0.13,2.52,5.21,5.138,5.906,120130.4,122225.99,107582.96,5.3
2018-02-23,5.32,5.35,5.21,65901.47,0.02,0.38,5.238,5.129,5.836,87233.18,109676.35,106871.45,5.33
2018-02-26,5.31,5.45,5.26,100843.6,0.13,2.44,5.29,5.148,5.768,87762.72,111354.81,108300.32,5.45
2018-02-27,5.4,5.43,5.3,84611.62,-0.1,-1.83,5.318,5.21,5.689,78020.3,108372.43,106013.63,5.35
2018-02-28,5.35,5.86,5.3,233057.95,0.53,9.94,5.458,5.323,5.638,112535.7,119938.83,113922.51,5.86
2018-03-01,5.85,6.06,5.66,258192.91,0.08,1.36,5.586,5.398,5.589,148521.51,134325.96,121211.92,5.94
2018-03-02,5.87,5.91,5.73,128640.57,-0.18,-3.04,5.67,5.454,5.537,161069.33,124151.26,123652.18,5.75
2018-03-05,5.64,5.73,5.56,101777.44,-0.1,-1.74,5.708,5.499,5.478,161256.1,124509.41,125595.15,5.64
2018-03-06,5.68,5.75,5.61,89726.04,0.1,1.77,5.786,5.552,5.427,162278.98,120149.64,127402.71,5.74
2018-03-07,5.74,5.74,5.56,81831.41,-0.12,-2.09,5.738,5.598,5.396,132033.67,122284.69,124343.07,5.62
2018-03-08,5.57,5.66,5.51,58510.39,0.02,0.36,5.676,5.631,5.385,92097.17,120309.34,121267.66,5.63
2018-03-09,5.63,5.73,5.58,88326.55,0.07,1.24,5.666,5.668,5.399,84034.37,122551.85,116114.1,5.7
2018-03-12,5.69,6.28,5.69,184301.56,0.57,9.98,5.794,5.751,5.45,100539.19,130897.64,121126.23,6.28
2018-03-13,6.26,6.5,6.07,380451.06,0.07,1.11,5.916,5.851,5.531,158684.19,160481.59,134427.01,6.35
2018-03-14,6.25,6.56,6.13,214009.98,-0.09,-1.42,6.044,5.891,5.607,185119.91,158576.79,139257.81,6.26
2018-03-15,6.17,6.44,6.15,212249.48,0.19,3.04,6.206,5.941,5.67,215867.73,153982.45,144154.2,6.44
2018-03-16,6.35,6.42,6.15,146387.72,-0.26,-4.05,6.298,5.982,5.718,227479.96,155757.16,139954.21,6.16
2018-03-19,6.1,6.26,6.0,101263.0,-0.02,-0.33,6.27,6.032,5.766,210872.25,155705.72,140107.56,6.14
2018-03-20,6.15,6.51,6.07,193226.28,0.25,4.08,6.276,6.096,5.824,173427.29,166055.74,143102.69,6.38
2018-03-21,6.31,6.44,6.25,130965.6,-0.11,-1.72,6.28,6.162,5.88,156818.42,170969.16,146626.92,6.28
2018-03-22,6.26,6.45,6.19,119777.69,0.07,1.11,6.264,6.235,5.933,138324.06,177095.89,148702.62,6.36
2018-03-23,6.22,6.22,5.72,181197.73,-0.64,-10.06,6.176,6.237,5.953,145286.06,186383.01,154467.43,5.72
2018-03-26,5.73,5.89,5.2,119264.1,0.15,2.62,6.122,6.196,5.974,148886.28,179879.26,155388.45,5.87
2018-03-27,5.89,6.16,5.89,117132.04,0.11,1.87,6.042,6.159,6.005,133667.43,153547.36,157014.48,5.98
2018-03-28,5.89,6.1,5.83,79296.37,-0.12,-2.0,5.96,6.12,6.006,123333.59,140076.0,149326.4,5.87
2018-03-29,5.86,6.01,5.84,76900.62,0.06,1.02,5.872,6.068,6.005,114758.17,126541.12,140261.78,5.92
2018-03-30,5.93,6.04,5.9,85458.39,0.11,1.86,5.932,6.054,6.018,95610.3,120448.18,138102.67,6.02
2018-04-02,6.01,6.16,5.95,105051.58,-0.05,-0.83,5.952,6.037,6.035,92767.8,120827.04,138266.38,5.97
2018-04-03,5.84,5.92,5.66,88182.08,-0.16,-2.68,5.918,5.98,6.038,86977.81,110322.62,138189.18,5.81
2018-04-04,5.88,5.91,5.6,68176.11,-0.13,-2.24,5.878,5.919,6.041,84753.76,104043.67,137506.42,5.67
2018-04-09,5.64,5.76,5.56,49811.4,0.02,0.35,5.832,5.852,6.044,79335.91,97047.04,137071.47,5.69
2018-04-10,5.68,5.85,5.67,73099.41,0.08,1.41,5.78,5.856,6.047,76864.12,86237.21,136310.11,5.76
2018-04-11,5.79,5.85,5.69,66851.05,-0.01,-0.17,5.738,5.845,6.021,69224.01,80995.91,130437.58,5.76
2018-04-12,5.72,5.72,5.56,82160.29,-0.2,-3.47,5.688,5.803,5.981,68019.65,77498.73,115523.05,5.56
2018-04-13,5.61,5.61,5.39,79992.4,-0.08,-1.44,5.65,5.764,5.942,70382.91,77568.33,108822.17,5.48
2018-04-16,5.47,5.49,5.33,58613.53,-0.1,-1.82,5.588,5.71,5.889,72143.34,75739.62,101140.37,5.38
2018-04-17,5.39,5.45,5.15,70046.0,-0.19,-3.53,5.474,5.627,5.841,71532.65,74198.39,97323.28,5.19
2018-04-18,5.21,5.27,5.1,52324.81,0.09,1.74,5.376,5.557,5.797,68627.41,68925.71,94876.37,5.27
2018-04-19,5.27,5.6,5.23,85149.34,0.14,2.66,5.346,5.517,5.749,69225.22,68622.43,89472.53,5.41
2018-04-20,5.34,5.43,5.2,55955.1,-0.18,-3.32,5.298,5.474,5.697,64417.76,67400.33,85722.0,5.24
2018-04-23,5.24,5.29,5.07,44822.41,-0.05,-0.96,5.258,5.423,5.638,61659.53,66901.43,81974.24,5.18
2018-04-24,5.19,5.3,5.16,42497.2,0.09,1.74,5.274,5.374,5.615,56149.77,63841.21,75039.21,5.27
2018-04-25,5.26,5.26,5.19,31031.52,-0.05,-0.95,5.264,5.32,5.583,51891.11,60259.26,70627.58,5.22
2018-04-26,5.22,5.25,5.03,48631.51,-0.19,-3.64,5.188,5.267,5.535,44587.55,56906.38,67202.56,5.03
2018-04-27,5.05,5.1,5.02,26068.33,0.01,0.2,5.15,5.224,5.494,38610.19,51513.98,64541.15,5.05
2018-05-02,5.0,5.16,4.97,38912.48,0.1,1.98,5.142,5.2,5.455,37428.21,49543.87,62641.75,5.14
2018-05-03,5.15,5.19,5.02,39795.45,0.01,0.19,5.12,5.197,5.412,36887.86,46518.82,60358.6,5.16
2018-05-04,5.13,5.22,5.1,31461.6,-0.02,-0.39,5.104,5.184,5.371,36973.87,44432.49,56679.1,5.14
2018-05-07,5.16,5.38,5.15,59947.58,0.16,3.11,5.158,5.173,5.345,39237.09,41912.32,55267.38,5.3
2018-05-08,5.27,5.33,5.23,37903.56,0.01,0.19,5.21,5.18,5.327,41604.13,40107.16,53753.75,5.31
2018-05-09,5.3,5.76,5.27,129838.35,0.23,4.32,5.292,5.217,5.32,59789.31,48608.76,57755.1,5.55
2018-05-10,5.58,5.61,5.41,63843.19,-0.06,-1.08,5.36,5.24,5.307,64598.86,50743.36,57292.29,5.5
2018-05-11,5.5,5.64,5.39,69850.74,-0.03,-0.55,5.424,5.264,5.292,72276.68,54625.28,57442.27,5.46
2018-05-14,5.46,5.48,5.31,44012.41,-0.1,-1.83,5.436,5.297,5.282,69089.65,54163.37,55534.88,5.36
2018-05-15,5.34,5.46,5.34,40148.0,0.09,1.68,5.464,5.337,5.281,69538.54,55571.34,53542.66,5.45
2018-05-16,5.45,5.45,5.36,30289.0,-0.08,-1.47,5.43,5.361,5.281,49628.67,54708.99,52126.43,5.38
2018-05-17,5.37,5.38,5.29,30794.5,-0.07,-1.3,5.392,5.376,5.287,43018.93,53808.89,50163.85,5.31
2018-05-18,5.32,5.36,5.24,29909.5,0.03,0.56,5.368,5.396,5.29,35030.68,53653.68,49043.09,5.34
2018-05-21,5.39,5.57,5.35,71405.49,0.13,2.43,5.39,5.413,5.293,40509.3,54799.47,48355.9,5.47
2018-05-22,5.45,5.55,5.4,40163.23,-0.02,-0.37,5.39,5.427,5.304,40512.34,55025.44,47566.3,5.45
2018-05-23,5.42,5.44,5.27,64050.62,-0.19,-3.48,5.368,5.399,5.308,47264.67,48446.67,48527.71,5.27
2018-05-24,5.28,5.32,5.14,55099.5,-0.11,-2.08,5.34,5.366,5.303,52125.67,47572.3,49157.83,5.17
2018-05-25,5.17,5.25,5.13,31562.02,0.0,0.0,5.304,5.336,5.3,52456.17,43743.43,49184.35,5.16
2018-05-28,5.16,5.18,5.08,29169.37,-0.06,-1.17,5.228,5.309,5.303,44008.95,42259.12,48211.25,5.09
2018-05-29,5.08,5.14,5.05,32061.29,0.0,0.0,5.158,5.274,5.306,42388.56,41450.45,48510.89,5.1
2018-05-30,5.07,5.07,4.8,45475.98,-0.28,-5.49,5.068,5.218,5.29,38673.63,42969.15,48839.07,4.82
2018-05-31,4.86,4.95,4.8,31326.0,0.06,1.25,5.01,5.175,5.276,33918.93,43022.3,48415.6,4.88
2018-06-01,4.89,4.93,4.7,27529.51,-0.03,-0.61,4.95,5.127,5.262,33112.43,42784.3,48218.99,4.86
2018-06-04,4.86,5.2,4.86,87736.01,0.25,5.14,4.954,5.091,5.252,44825.76,44417.35,49608.41,5.11
2018-06-05,5.15,5.15,5.02,44926.61,0.0,0.0,4.958,5.058,5.243,47398.82,44893.69,49959.57,5.12
2018-06-06,5.09,5.17,5.04,34575.39,-0.03,-0.59,5.01,5.039,5.219,45218.7,41946.17,45196.42,5.08
2018-06-07,5.09,5.1,4.89,40914.64,-0.08,-1.58,5.032,5.021,5.194,47136.43,40527.68,44049.99,4.99
2018-06-08,4.96,4.96,4.87,26034.08,-0.05,-1.0,5.048,4.999,5.168,46837.35,39974.89,41859.16,4.94
2018-06-11,4.88,4.96,4.85,16456.01,-0.03,-0.61,5.006,4.98,5.145,32581.35,38703.55,40481.34,4.9
2018-06-12,4.9,4.95,4.77,40886.69,0.04,0.82,4.968,4.963,5.119,31773.36,39586.09,40518.27,4.93
2018-06-13,4.91,4.92,4.81,28977.75,-0.07,-1.42,4.924,4.967,5.093,30653.83,37936.27,40452.71,4.86
2018-06-14,4.85,4.85,4.72,32799.52,-0.11,-2.26,4.876,4.954,5.065,29030.81,38083.62,40552.96,4.75
2018-06-15,4.73,4.82,4.5,41897.36,-0.15,-3.17,4.806,4.927,5.027,32203.47,39520.41,41152.35,4.59
2018-06-19,4.51,4.52,4.12,96721.84,-0.46,-10.04,4.65,4.828,4.96,48256.63,40418.99,42418.17,4.12
2018-06-20,4.07,4.18,3.97,50309.46,0.02,0.48,4.492,4.73,4.894,50141.19,40957.27,42925.48,4.14
2018-06-21,4.15,4.2,3.89,45913.6,-0.25,-6.02,4.3,4.612,4.826,53528.36,42091.1,42018.63,3.9
2018-06-22,3.89,4.0,3.68,49744.28,0.08,2.05,4.146,4.511,4.766,56917.31,42974.06,41750.87,3.98
2018-06-25,4.02,4.26,4.02,76097.97,0.11,2.76,4.046,4.426,4.713,63757.43,47980.45,43977.67,4.09
2018-06-26,4.03,4.15,4.0,48062.0,0.0,0.0,4.042,4.346,4.663,54025.46,51141.05,44922.3,4.1
2018-06-27,4.15,4.15,3.98,47097.0,-0.08,-1.95,4.02,4.256,4.61,53382.97,51762.08,45674.09,4.03
2018-06-28,4.03,4.09,3.88,44859.0,-0.09,-2.23,4.028,4.164,4.566,53172.05,53350.2,45643.24,3.94
2018-06-29,3.94,4.33,3.9,84824.66,0.39,9.9,4.098,4.122,4.538,60188.13,58552.72,48318.17,4.33
2018-07-02,4.33,4.39,4.12,126728.38,-0.06,-1.39,4.134,4.09,4.509,70314.21,67035.82,53278.11,4.27
2018-07-03,4.2,4.25,4.12,69592.45,-0.01,-0.23,4.162,4.102,4.465,74620.3,64322.88,52370.93,4.24
2018-07-04,4.19,4.21,4.1,49245.27,-0.11,-2.59,4.182,4.101,4.416,75049.95,64216.46,52586.87,4.13
2018-07-05,4.12,4.17,3.97,51308.0,-0.14,-3.4,4.19,4.109,4.361,76339.75,64755.9,53423.5,3.98
2018-07-06,3.98,4.02,3.73,52861.58,-0.01,-0.25,4.118,4.108,4.31,69947.14,65067.63,54020.85,3.97
2018-07-09,4.02,4.06,3.98,44645.0,0.07,1.76,4.074,4.104,4.265,53530.46,61922.33,54951.39,4.05
2018-07-10,4.04,4.46,4.02,141857.06,0.41,10.12,4.118,4.14,4.243,67983.38,71301.84,61221.44,4.46
2018-07-11,4.44,4.44,4.22,202535.05,-0.13,-2.92,4.158,4.17,4.213,98641.34,86845.65,69303.86,4.33
2018-07-12,4.32,4.41,4.23,156591.06,0.03,0.69,4.234,4.212,4.188,119697.95,98018.85,75684.53,4.36
2018-07-13,4.29,4.39,4.28,75330.28,-0.07,-1.6,4.3,4.209,4.166,124191.69,97069.41,77811.07,4.3
2018-07-16,4.31,4.33,4.21,57234.12,0.02,0.46,4.356,4.215,4.153,126709.51,90119.99,78577.9,4.33
2018-07-17,4.3,4.48,4.26,127975.87,0.12,2.78,4.352,4.235,4.169,123933.28,95958.33,80140.6,4.44
2018-07-18,4.8,4.8,4.46,186783.7,0.05,1.13,4.384,4.271,4.186,120783.01,109712.17,86964.32,4.49
2018-07-19,4.32,4.48,4.2,126746.74,-0.19,-4.24,4.37,4.302,4.206,114814.14,117256.05,91005.97,4.29
2018-07-20,4.26,4.32,4.01,99448.59,0.03,0.7,4.372,4.336,4.222,119637.8,121914.75,93491.19,4.31
2018-07-23,4.29,4.38,4.21,85814.86,0.07,1.63,4.38,4.368,4.236,125353.95,126031.73,93977.03,4.37
2018-07-24,4.35,4.7,4.3,129897.72,0.05,1.14,4.376,4.364,4.252,125738.32,124835.8,98068.82,4.42
2018-07-25,4.51,4.55,4.4,78872.9,0.0,0.0,4.364,4.374,4.272,104156.16,112469.58,99657.61,4.43
2018-07-26,4.41,4.88,4.38,322309.5,0.44,9.91,4.482,4.426,4.319,143268.71,129041.43,113530.14,4.88
2018-07-27,5.0,5.05,4.62,327326.56,-0.23,-4.71,4.55,4.461,4.335,188844.31,154241.06,125655.23,4.65
2018-07-30,5.13,5.13,5.13,67400.31,0.47,10.09,4.702,4.541,4.378,185161.4,155257.68,122688.83,5.13
2018-07-31,5.2,5.49,4.62,468835.09,0.12,2.34,4.868,4.622,4.429,252948.87,189343.6,142650.96,5.25
2018-08-01,5.03,5.65,4.91,393902.12,-0.03,-0.57,5.024,4.694,4.483,315954.72,210055.44,159883.81,5.21
2018-08-02,5.0,5.61,4.91,532947.81,0.32,6.17,5.15,4.816,4.559,358082.38,250675.55,183965.8,5.51
2018-08-03,5.36,5.38,5.11,332829.62,-0.36,-6.54,5.248,4.899,4.618,359182.99,274013.65,197964.2,5.14
2018-08-06,4.99,5.11,4.71,223549.39,-0.4,-7.77,5.172,4.937,4.653,390412.81,287787.1,206909.42,4.75
2018-08-07,4.82,4.97,4.54,213036.45,0.2,4.2,5.114,4.991,4.678,339253.08,296100.98,210468.39,4.96
2018-08-08,4.86,4.89,4.72,149749.52,-0.15,-3.03,5.032,5.028,4.701,290422.56,303188.64,207829.11,4.8
2018-08-09,4.75,4.92,4.72,132681.38,0.02,0.42,4.892,5.021,4.724,210369.27,284225.83,206633.63,4.81
2018-08-10,4.85,4.92,4.71,143554.16,0.07,1.46,4.84,5.044,4.753,172514.18,265848.59,210044.82,4.88
2018-08-13,4.8,4.89,4.74,85643.22,-0.01,-0.2,4.862,5.017,4.779,144932.95,267672.88,211465.28,4.86
2018-08-14,4.82,5.05,4.8,114431.64,0.05,1.03,4.852,4.983,4.803,125211.98,232232.53,210788.06,4.91
2018-08-15,4.96,4.96,4.66,93577.73,-0.23,-4.68,4.828,4.93,4.812,113977.63,202200.09,206127.77,4.68
2018-08-16,4.65,4.68,4.47,94707.44,-0.17,-3.63,4.768,4.83,4.823,106382.84,158376.06,204525.8,4.51
2018-08-17,4.54,4.58,4.21,94239.43,-0.18,-3.99,4.658,4.749,4.824,96519.89,134517.04,204265.34,4.33
2018-08-20,4.33,4.39,4.21,61104.28,-0.06,-1.39,4.54,4.701,4.819,91612.1,118272.53,203029.81,4.27
2018-08-21,4.28,4.46,4.27,57973.02,0.07,1.64,4.426,4.639,4.815,80320.38,102766.18,199433.58,4.34
2018-08-22,4.31,4.4,4.31,48276.28,0.06,1.38,4.37,4.599,4.814,71260.09,92618.86,197903.75,4.4
2018-08-23,4.4,4.45,4.28,63724.62,-0.04,-0.91,4.34,4.554,4.788,65063.53,85723.18,184974.5,4.36
2018-08-24,4.26,4.66,4.26,93807.42,0.09,2.06,4.364,4.511,4.778,64977.12,80748.51,173298.55,4.45
2018-08-27,4.38,4.55,4.38,93186.34,0.06,1.35,4.412,4.476,4.747,71393.54,81502.82,174587.85,4.51
2018-08-28,4.52,4.52,4.46,49221.2,-0.01,-0.22,4.444,4.435,4.709,69643.17,74981.78,153607.15,4.5
2018-08-29,4.48,4.5,4.45,44489.0,-0.01,-0.22,4.462,4.416,4.673,68885.72,70072.9,136136.5,4.49
2018-08-30,4.48,4.5,4.31,55213.15,-0.17,-3.79,4.454,4.397,4.614,67183.42,66123.47,112249.76,4.32
2018-08-31,4.35,4.43,4.31,36848.33,0.06,1.39,4.44,4.402,4.576,55791.6,60384.36,97450.7,4.38
2018-09-03,4.37,4.37,4.15,38241.13,-0.05,-1.14,4.404,4.408,4.555,44802.56,58098.05,88185.29,4.33
2018-09-04,4.33,4.46,4.3,55990.96,0.12,2.77,4.394,4.419,4.529,46156.51,57899.84,80333.01,4.45
2018-09-05,4.44,4.49,4.36,51545.0,-0.07,-1.57,4.372,4.417,4.508,47567.71,58226.72,75422.79,4.38
2018-09-06,4.29,4.41,4.28,42976.69,-0.09,-2.06,4.366,4.41,4.482,45120.42,56151.92,70937.55,4.29
2018-09-07,4.29,4.55,4.27,60539.2,0.07,1.63,4.362,4.401,4.456,49858.6,52825.1,66786.8,4.36
2018-09-10,4.33,4.41,4.26,40474.0,-0.07,-1.61,4.354,4.379,4.428,50305.17,47553.87,64528.34,4.29
2018-09-11,4.29,4.3,4.21,31415.5,-0.04,-0.93,4.314,4.354,4.395,45390.08,45773.3,60377.54,4.25
2018-09-12,4.22,4.31,4.2,21348.5,0.02,0.47,4.292,4.332,4.374,39350.78,43459.25,56766.07,4.27
2018-09-13,4.27,4.45,4.27,42701.8,0.07,1.64,4.302,4.334,4.366,39295.8,42208.11,54165.79,4.34
2018-09-14,4.32,4.36,4.22,47214.63,-0.11,-2.54,4.276,4.319,4.361,36630.89,43244.74,51814.55,4.23
2018-09-17,4.17,4.23,4.08,40027.43,-0.14,-3.31,4.236,4.295,4.352,36541.57,43423.37,50760.71,4.09
2018-09-18,4.1,4.24,4.08,53803.69,0.09,2.2,4.222,4.268,4.344,41019.21,43204.64,50552.24,4.18
2018-09-19,4.17,4.26,4.13,50761.24,0.04,0.96,4.212,4.252,4.335,46901.76,43126.27,50676.49,4.22
2018-09-20,4.2,4.45,4.18,87479.22,0.06,1.42,4.2,4.251,4.331,55857.24,47576.52,51864.22,4.28
2018-09-21,4.3,4.35,4.21,62448.08,0.04,0.94,4.218,4.247,4.324,58903.93,47767.41,50296.25,4.32
2018-09-25,4.29,4.3,4.23,35329.03,-0.06,-1.39,4.252,4.244,4.312,57964.25,47252.91,47403.39,4.26
2018-09-26,4.27,4.3,4.24,33570.22,0.01,0.23,4.27,4.246,4.3,53917.56,47468.38,46620.84,4.27
2018-09-27,4.27,4.27,4.16,47272.01,-0.1,-2.34,4.26,4.236,4.284,53219.71,50060.74,46759.99,4.17
2018-09-28,4.17,4.24,4.17,26286.61,0.05,1.2,4.248,4.224,4.279,40981.19,48419.22,45313.66,4.22
2018-10-08,4.13,4.21,4.1,31555.1,-0.05,-1.19,4.218,4.218,4.269,34802.59,46853.26,45049.0,4.17
2018-10-09,4.15,4.22,4.15,23681.0,0.01,0.24,4.202,4.227,4.261,32472.99,45218.62,44321.0,4.18
2018-10-10,4.21,4.24,4.01,40728.21,-0.11,-2.63,4.162,4.216,4.242,33904.59,43911.07,43557.86,4.07
2018-10-11,3.85,3.94,3.66,73729.7,-0.41,-10.07,4.06,4.16,4.206,39196.12,46207.92,44667.09,3.66
2018-10-12,3.56,3.62,3.3,73274.37,-0.09,-2.46,3.93,4.089,4.17,48593.68,44787.43,46181.98,3.57
2018-10-15,3.64,3.64,3.4,32081.0,-0.15,-4.2,3.78,3.999,4.123,48698.86,41750.73,44759.07,3.42
2018-10-16,3.45,3.47,3.08,152487.0,-0.34,-9.94,3.56,3.881,4.063,74460.06,53466.52,50359.72,3.08
2018-10-17,3.12,3.15,3.03,93777.04,0.04,1.3,3.37,3.766,4.006,85069.82,59487.2,53477.79,3.12
2018-10-18,3.11,3.11,2.9,83792.03,-0.22,-7.05,3.218,3.639,3.938,87082.29,63139.21,56599.97,2.9
2018-10-19,2.89,3.1,2.86,97296.15,0.16,5.52,3.116,3.523,3.874,91886.64,70240.16,59329.69,3.06
2018-10-22,3.16,3.34,3.11,113524.78,0.22,7.19,3.088,3.434,3.826,108175.4,78437.13,62645.2,3.28
2018-10-23,3.26,3.55,3.23,133672.53,0.02,0.61,3.132,3.346,3.787,104412.51,89436.28,67327.45,3.3
2018-10-24,3.27,3.5,3.26,101003.0,0.08,2.42,3.184,3.277,3.747,105857.7,95463.76,69687.42,3.38
2018-10-25,3.25,3.36,3.16,84648.7,-0.06,-1.77,3.268,3.243,3.702,106029.03,96555.66,71381.79,3.32
2018-10-26,3.35,3.57,3.34,99860.28,0.08,2.41,3.336,3.226,3.658,106541.86,99214.25,72000.84,3.4
2018-10-29,3.36,3.5,3.3,76972.08,-0.07,-2.06,3.346,3.217,3.608,99231.32,103703.36,72727.04,3.33
2018-10-30,3.36,3.4,3.27,71141.78,0.02,0.6,3.356,3.244,3.563,86725.17,95568.84,74517.68,3.35
2018-10-31,3.37,3.54,3.35,111877.0,0.04,1.19,3.358,3.271,3.519,88899.97,97378.83,78433.02,3.39
2018-11-01,3.38,3.44,3.36,81975.84,-0.01,-0.29,3.37,3.319,3.479,88365.4,97197.21,80168.21,3.38
2018-11-02,3.4,3.48,3.36,110940.87,0.08,2.37,3.382,3.359,3.441,90581.51,98561.69,84400.92,3.46
2018-11-05,3.46,3.53,3.41,109907.12,0.05,1.45,3.418,3.382,3.408,97168.52,98199.92,88318.52,3.51
2018-11-06,3.52,3.55,3.4,94554.28,-0.03,-0.85,3.444,3.4,3.373,101851.02,94288.1,91862.19,3.48
2018-11-07,3.5,3.71,3.49,167817.61,0.05,1.44,3.472,3.415,3.346,113039.14,100969.56,98216.66,3.53
2018-11-08,3.47,3.58,3.47,121714.18,0.04,1.13,3.51,3.44,3.342,120986.81,104676.1,100615.88,3.57
2018-11-09,3.54,3.63,3.51,87193.44,-0.03,-0.84,3.526,3.454,3.34,116237.33,103409.42,101311.84,3.54
2018-11-12,3.55,3.68,3.51,166408.34,0.14,3.96,3.56,3.489,3.353,127537.57,112353.05,108028.2,3.68
2018-11-13,3.61,3.83,3.61,199082.05,0.14,3.8,3.628,3.536,3.39,148443.12,125147.07,110357.96,3.82
2018-11-14,3.79,3.92,3.71,157029.41,-0.07,-1.83,3.672,3.572,3.422,146285.48,129662.31,113520.57,3.75
2018-11-15,3.73,3.8,3.7,105356.95,0.02,0.53,3.712,3.611,3.465,143014.04,132000.43,114598.82,3.77
2018-11-16,3.75,3.8,3.71,140606.69,0.0,0.0,3.758,3.642,3.501,153696.69,134967.01,116764.35,3.77
2018-11-19,3.76,3.78,3.67,108905.65,-0.04,-1.06,3.768,3.664,3.523,142196.15,134866.86,116533.39,3.73
2018-11-20,3.71,3.77,3.57,96033.01,-0.15,-4.02,3.72,3.674,3.537,121586.34,135014.73,114651.41,3.58
2018-11-21,3.59,3.94,3.59,261863.62,0.36,10.06,3.758,3.715,3.565,142553.18,144419.33,122694.45,3.94
2018-11-22,4.01,4.04,3.79,292770.78,-0.12,-3.05,3.768,3.74,3.59,180035.95,161524.99,133100.55,3.82
2018-11-23,3.83,3.84,3.45,223837.34,-0.32,-8.38,3.714,3.736,3.595,196682.08,175189.38,139299.4,3.5
2018-11-26,3.46,3.55,3.37,117268.92,-0.08,-2.29,3.652,3.71,3.6,198354.73,170275.44,141314.24,3.42
2018-11-27,3.43,3.49,3.39,80142.63,0.01,0.29,3.622,3.671,3.604,195176.66,158381.5,141764.29,3.43
2018-11-28,3.48,3.48,3.35,68221.2,0.05,1.46,3.53,3.644,3.608,156448.17,149500.68,139581.5,3.48
2018-11-29,3.46,3.57,3.4,92549.07,-0.07,-2.01,3.448,3.608,3.61,116403.83,148219.89,140110.16,3.41
2018-11-30,3.37,3.62,3.37,97994.81,0.09,2.64,3.448,3.581,3.612,91235.33,143958.7,139462.86,3.5
2018-12-03,3.55,3.65,3.52,122861.36,0.11,3.14,3.486,3.569,3.617,92353.81,145354.27,140110.57,3.61
2018-12-04,3.59,3.64,3.57,89606.82,-0.01,-0.28,3.52,3.571,3.623,94246.65,144711.66,139863.19,3.6
2018-12-05,3.51,3.66,3.46,106650.33,-0.02,-0.56,3.54,3.535,3.625,101932.48,129190.33,136804.83,3.58
2018-12-06,3.53,3.57,3.46,80290.69,-0.12,-3.35,3.55,3.499,3.62,99480.8,107942.32,134733.66,3.46
2018-12-07,3.49,3.52,3.43,52804.57,-0.01,-0.29,3.54,3.494,3.615,90442.75,90839.04,133014.21,3.45
2018-12-10,3.43,3.46,3.37,55298.57,-0.07,-2.03,3.494,3.49,3.6,76930.2,84642.01,127458.72,3.38
2018-12-11,3.41,3.42,3.37,46056.73,0.02,0.59,3.454,3.487,3.579,68220.18,81233.42,119807.46,3.4
2018-12-12,3.42,3.44,3.39,39051.0,0.0,0.0,3.418,3.479,3.562,54700.31,78316.4,113908.54,3.4
2018-12-13,3.41,3.45,3.37,69654.45,0.03,0.88,3.412,3.481,3.545,52573.06,76026.93,112123.41,3.43
2018-12-14,3.41,3.45,3.27,75296.94,-0.13,-3.79,3.382,3.461,3.521,57071.54,73757.15,108857.92,3.3
2018-12-17,3.3,3.31,3.16,96670.41,-0.1,-3.03,3.346,3.42,3.495,65345.91,71138.05,108246.16,3.2
2018-12-18,3.21,3.24,3.13,71590.04,-0.01,-0.31,3.304,3.379,3.475,70452.57,69336.37,107024.01,3.19
2018-12-19,3.23,3.28,3.18,64610.79,0.01,0.31,3.264,3.341,3.438,75564.53,65132.42,97161.37,3.2
2018-12-20,3.24,3.25,3.16,42368.31,0.01,0.31,3.22,3.316,3.408,70107.3,61340.18,84641.25,3.21
2018-12-21,3.53,3.53,3.21,121605.83,0.07,2.18,3.216,3.299,3.397,79369.08,68220.31,79529.67,3.28
2018-12-24,3.2,3.25,3.14,103540.0,-0.1,-3.05,3.212,3.279,3.385,80742.99,73044.45,78843.23,3.18
2018-12-25,3.13,3.13,3.01,95624.38,-0.13,-4.09,3.184,3.244,3.366,85549.86,78001.22,79617.32,3.05
2018-12-26,3.08,3.09,3.04,58066.0,0.0,0.0,3.154,3.209,3.344,84240.9,79902.72,79109.56,3.05
2018-12-27,3.09,3.12,3.0,51331.0,-0.05,-1.64,3.112,3.166,3.324,86033.44,78070.37,77048.65,3.0
2018-12-28,3.0,3.06,3.0,37250.62,0.03,1.0,3.062,3.139,3.3,69162.4,74265.74,74011.44,3.03
2019-01-02,3.03,3.09,2.99,42308.55,0.06,1.98,3.044,3.128,3.274,56916.11,68829.55,69983.8,3.09
2019-01-03,3.05,3.19,3.05,68137.48,0.01,0.32,3.054,3.119,3.249,51418.73,68484.3,68910.33,3.1
2019-01-04,3.05,3.17,3.03,75024.57,0.07,2.26,3.078,3.116,3.229,54810.44,69525.67,67329.05,3.17
2019-01-07,3.18,3.23,3.1,122753.9,0.06,1.89,3.124,3.118,3.217,69095.02,77564.23,69452.21,3.23
2019-01-08,3.18,3.27,3.16,81772.68,-0.03,-0.93,3.158,3.11,3.205,77999.44,73580.92,70900.61,3.2
2019-01-09,3.21,3.5,3.21,190348.02,0.12,3.75,3.204,3.124,3.202,107607.33,82261.72,77653.09,3.32
2019-01-10,3.31,3.32,3.17,121303.96,-0.11,-3.31,3.226,3.14,3.192,118240.63,84829.68,81415.45,3.21
2019-01-11,3.21,3.28,3.19,73488.74,0.03,0.94,3.24,3.159,3.184,117933.46,86371.95,83137.33,3.24
2019-01-14,3.23,3.33,3.22,75859.65,0.0,0.0,3.242,3.183,3.175,108554.61,88824.82,83447.59,3.24
2019-01-15,3.25,3.28,3.16,72916.03,0.02,0.62,3.254,3.206,3.173,106783.28,92391.36,83328.55,3.26
2019-01-16,3.27,3.28,3.22,46369.54,-0.02,-0.61,3.238,3.221,3.175,77987.58,92797.46,80813.5,3.24
2019-01-17,3.24,3.24,3.14,64253.0,-0.07,-2.16,3.23,3.228,3.174,66577.39,92409.01,80446.65,3.17
2019-01-18,3.2,3.49,3.18,385220.91,0.24,7.57,3.264,3.252,3.184,128923.83,123428.64,96477.16,3.41
2019-01-21,3.3,3.37,3.23,255751.8,-0.09,-2.64,3.28,3.261,3.19,164902.26,136728.43,107146.33,3.32
2019-01-22,3.31,3.65,3.29,268931.78,0.33,9.94,3.358,3.306,3.208,204105.41,155444.34,114512.63,3.65
2019-01-23,3.66,4.02,3.48,631780.19,0.19,5.21,3.478,3.358,3.241,321187.54,199587.56,140924.64,3.84
2019-01-24,3.68,3.76,3.58,400789.69,-0.17,-4.43,3.578,3.404,3.272,388494.87,227536.13,156182.91,3.67
2019-01-25,3.55,3.62,3.41,291268.25,-0.23,-6.27,3.584,3.424,3.292,369704.34,249314.08,167843.02,3.44
2019-01-28,3.46,3.48,3.33,147098.72,-0.08,-2.33,3.592,3.436,3.31,347973.73,256437.99,172631.4,3.36
2019-01-29,3.33,3.39,3.16,128806.13,-0.11,-3.27,3.512,3.435,3.321,319948.6,262027.0,177209.18,3.25
2019-01-30,3.19,3.24,3.11,116498.2,-0.13,-4.0,3.368,3.423,3.322,216892.2,269039.87,180918.66,3.12
2019-01-31,3.13,3.25,3.12,103724.57,0.03,0.96,3.264,3.421,3.325,157479.17,272987.02,182698.02,3.15
2019-02-01,3.16,3.25,3.16,76949.27,0.09,2.86,3.224,3.404,3.328,114615.38,242159.86,182794.25,3.24
2019-02-11,3.26,3.37,3.26,92339.44,0.12,3.7,3.224,3.408,3.335,103663.52,225818.62,181273.53,3.36
2019-02-12,3.36,3.4,3.31,115458.6,0.03,0.89,3.252,3.382,3.344,100994.02,210471.31,182957.82,3.39
2019-02-13,3.39,3.49,3.35,144817.84,0.06,1.77,3.318,3.343,3.351,106657.94,161775.07,180681.32,3.45
2019-02-14,3.43,3.56,3.42,140148.81,0.02,0.58,3.382,3.323,3.364,113942.79,135710.98,181623.56,3.47
2019-02-15,3.44,3.54,3.44,118419.09,0.01,0.29,3.43,3.327,3.376,122236.76,118426.07,183870.08,3.48
2019-02-18,3.51,3.59,3.49,162239.94,0.11,3.16,3.476,3.35,3.393,136216.86,119940.19,188189.09,3.59
2019-02-19,3.58,3.89,3.53,284424.31,0.1,2.79,3.536,3.394,3.415,170010.0,135502.01,198764.5,3.69
2019-02-20,3.65,3.99,3.61,315996.94,0.17,4.61,3.618,3.468,3.446,204245.82,155451.88,212245.87,3.86
2019-02-21,3.77,3.85,3.73,262106.31,-0.12,-3.11,3.672,3.527,3.474,228637.32,171290.06,222138.54,3.74
2019-02-22,3.66,3.79,3.64,175084.38,0.02,0.54,3.728,3.579,3.492,239970.38,181103.57,211631.71,3.76
2019-02-25,3.8,4.05,3.78,371074.5,0.24,6.38,3.81,3.643,3.526,281737.29,208977.07,217397.85,4.0
2019-02-26,3.98,4.15,3.88,361463.59,-0.03,-0.75,3.866,3.701,3.542,297145.14,233577.57,222024.44,3.97
2019-02-27,3.93,4.12,3.9,254969.73,0.0,0.0,3.888,3.753,3.548,284939.7,244592.76,203183.92,3.97
2019-02-28,3.97,4.05,3.92,141158.55,-0.01,-0.25,3.932,3.802,3.563,260750.15,244693.73,190202.36,3.96
2019-03-01,3.98,4.0,3.89,141062.72,-0.02,-0.51,3.968,3.848,3.588,253945.82,246958.1,182692.08,3.94
2019-03-04,3.95,4.08,3.94,233496.55,0.06,1.52,3.968,3.889,3.62,226430.23,254083.76,187011.97,4.0
2019-03-05,4.01,4.16,3.97,238169.94,0.11,2.75,3.996,3.931,3.663,201771.5,249458.32,192480.16,4.11
2019-03-06,4.11,4.27,4.03,353860.75,0.14,3.41,4.052,3.97,3.719,221549.7,253244.7,204348.29,4.25
2019-03-07,4.23,4.68,4.15,409812.56,0.43,10.12,4.196,4.064,3.796,275280.5,268015.33,219652.69,4.68
2019-03-08,4.7,5.15,4.68,1061041.62,0.47,10.04,4.438,4.203,3.891,459276.28,356611.05,268857.31,5.15
2019-03-11,4.98,5.1,4.64,607424.56,-0.18,-3.5,4.632,4.3,3.972,534061.89,380246.06,294611.56,4.97
2019-03-12,4.95,5.05,4.85,483634.94,0.02,0.4,4.808,4.402,4.052,583154.89,392463.19,313020.38,4.99
2019-03-13,4.95,5.38,4.88,523023.69,-0.07,-1.4,4.942,4.497,4.125,616987.47,419268.59,331930.67,4.92
2019-03-14,4.68,4.87,4.43,330677.25,-0.42,-8.54,4.906,4.551,4.177,601160.41,438220.46,341457.1,4.5
2019-03-15,4.57,4.66,4.47,183084.8,0.05,1.11,4.786,4.612,4.23,425569.05,442422.67,344690.38,4.55
2019-03-18,4.6,4.87,4.55,221286.06,0.15,3.3,4.732,4.682,4.286,348341.35,441201.62,347642.69,4.7
2019-03-19,4.71,4.74,4.58,207989.8,0.0,0.0,4.674,4.741,4.336,293212.32,438183.6,343820.96,4.7
2019-03-20,4.7,4.99,4.6,327565.31,0.11,2.34,4.652,4.797,4.384,254120.64,435554.06,344399.38,4.81
2019-03-21,4.83,4.9,4.62,336784.47,-0.02,-0.42,4.71,4.808,4.436,255342.09,428251.25,348133.29,4.79
2019-03-22,4.76,4.76,4.57,209139.06,-0.1,-2.09,4.738,4.762,4.483,260552.94,343060.99,349836.02,4.69
2019-03-25,4.6,4.66,4.51,126642.34,-0.1,-2.13,4.716,4.724,4.512,241624.2,294982.77,337614.41,4.59
2019-03-26,4.59,4.85,4.58,232616.34,0.07,1.52,4.708,4.691,4.547,246549.5,269880.91,331172.05,4.66
2019-03-27,4.65,4.8,4.36,219243.67,0.07,1.5,4.692,4.672,4.585,224885.18,239502.91,329385.75,4.73
2019-03-28,4.68,4.7,4.51,125767.43,-0.21,-4.44,4.638,4.674,4.613,182681.77,219011.93,328616.19,4.52
2019-03-29,4.52,4.6,4.39,157628.44,0.08,1.77,4.62,4.679,4.646,172379.64,216466.29,329444.48,4.6
2019-04-01,4.59,4.78,4.58,223621.8,0.14,3.04,4.65,4.683,4.683,191775.54,216699.87,328950.74,4.74
2019-04-02,4.75,4.82,4.7,236730.8,0.05,1.05,4.676,4.692,4.717,192598.43,219573.97,328878.78,4.79
2019-04-03,4.74,4.88,4.69,199238.44,0.01,0.21,4.69,4.691,4.744,188597.38,206741.28,321147.67,4.8
2019-04-04,4.79,4.96,4.78,298269.84,0.08,1.67,4.762,4.7,4.754,223097.86,202889.82,315570.53,4.88
2019-04-08,4.88,4.92,4.67,240533.77,-0.15,-3.07,4.788,4.704,4.733,239678.93,206029.29,274545.14,4.73
2019-04-09,4.7,4.8,4.61,200771.44,0.07,1.48,4.8,4.725,4.725,235108.86,213442.2,254212.48,4.8
2019-04-10,4.77,4.79,4.65,146528.23,-0.07,-1.46,4.788,4.732,4.712,217068.34,204833.39,237357.15,4.73
2019-04-11,4.73,4.84,4.65,162779.59,-0.08,-1.69,4.758,4.724,4.698,209776.57,199186.98,219344.94,4.65
2019-04-12,4.61,4.65,4.49,146696.73,-0.09,-1.94,4.694,4.728,4.701,179461.95,201279.91,210145.92,4.56
2019-04-15,4.6,4.7,4.55,116016.27,0.02,0.44,4.664,4.726,4.703,154558.45,197118.69,206792.49,4.58
2019-04-16,4.57,4.68,4.49,138542.25,0.08,1.75,4.636,4.718,4.701,142112.61,188610.74,202655.3,4.66
2019-04-17,4.7,4.9,4.63,286403.41,0.17,3.65,4.656,4.722,4.707,170087.65,193578.0,206575.98,4.83
2019-04-18,4.97,5.1,4.71,460080.81,0.09,1.86,4.71,4.734,4.713,229547.89,219662.23,213201.76,4.92
2019-04-19,4.87,4.89,4.71,246282.28,-0.11,-2.24,4.76,4.727,4.714,249465.0,214463.48,208676.65,4.81
2019-04-22,4.85,4.88,4.62,257882.09,-0.13,-2.7,4.78,4.722,4.713,277838.17,216198.31,211113.8,4.68
2019-04-23,4.68,5.05,4.59,358869.91,0.15,3.21,4.814,4.725,4.725,321903.7,232008.16,222725.18,4.83
2019-04-24,4.78,4.94,4.73,222310.58,0.01,0.21,4.816,4.736,4.734,309085.13,239586.39,222209.89,4.84
2019-04-25,4.84,4.84,4.51,176354.0,-0.27,-5.58,4.746,4.728,4.726,252339.77,240943.83,220065.41,4.57
2019-04-26,4.51,4.56,4.31,148225.2,-0.26,-5.69,4.646,4.703,4.716,232728.36,241096.68,221188.29,4.31
2019-04-29,3.89,3.98,3.88,88389.0,-0.43,-9.98,4.486,4.633,4.68,198829.74,238333.95,217726.32,3.88
2019-04-30,3.88,4.07,3.87,137318.66,0.12,3.09,4.32,4.567,4.643,154519.49,238211.59,213411.17,4.0
2019-05-06,3.9,4.02,3.7,143992.23,-0.21,-5.25,4.11,4.463,4.593,138855.82,223970.48,208774.24,3.79
2019-05-07,3.89,3.92,3.76,68419.38,0.06,1.58,3.966,4.356,4.545,117268.89,184804.33,202233.28,3.85
2019-05-08,3.74,3.91,3.74,66356.24,-0.01,-0.26,3.872,4.259,4.493,100895.1,166811.73,190637.6,3.84
2019-05-09,3.8,3.92,3.76,52902.96,0.01,0.26,3.866,4.176,4.449,93797.89,146313.82,181256.06,3.85
2019-05-10,3.86,3.97,3.75,85030.42,0.1,2.6,3.856,4.088,4.407,83340.25,118929.87,175469.01,3.95
2019-05-13,3.95,3.95,3.86,46413.0,-0.05,-1.27,3.878,3.994,4.365,63824.4,101340.11,170463.25,3.9
2019-05-14,3.83,3.93,3.8,56798.35,-0.02,-0.51,3.884,3.925,4.327,61500.19,89384.54,165164.19,3.88
2019-05-15,3.9,3.95,3.88,63647.73,0.04,1.03,3.9,3.886,4.295,60958.49,80926.8,161011.74,3.92
2019-05-16,3.92,4.05,3.9,101475.16,0.11,2.81,3.936,3.901,4.267,70672.93,82235.41,160284.68,4.03
2019-05-17,3.97,4.03,3.79,93952.15,-0.21,-5.21,3.91,3.883,4.225,72457.28,77898.76,158055.18,3.82
2019-05-20,3.79,3.91,3.77,52516.59,0.06,1.57,3.906,3.892,4.178,73678.0,68751.2,146360.84,3.88
2019-05-21,3.88,4.06,3.88,85787.94,0.15,3.87,3.936,3.91,4.133,79475.91,70488.05,127646.19,4.03
2019-05-22,4.02,4.05,3.92,69358.2,-0.07,-1.74,3.944,3.922,4.091,80618.01,70788.25,118799.99,3.96
2019-05-23,3.9,4.05,3.77,78210.95,-0.01,-0.25,3.928,3.932,4.054,75965.17,73319.05,109816.43,3.95
2019-05-24,3.63,3.63,3.56,71102.0,-0.39,-9.87,3.876,3.893,3.991,71395.14,71926.21,95428.04,3.56
2019-05-27,3.2,3.78,3.2,230736.77,-0.1,-2.81,3.792,3.849,3.922,107039.17,90358.58,95849.35,3.46
2019-05-28,3.3,3.45,3.28,167967.2,-0.07,-2.02,3.664,3.8,3.863,123475.02,101475.47,95430.01,3.39
2019-05-29,3.37,3.43,3.33,102205.9,0.0,0.0,3.55,3.747,3.817,130044.56,105331.29,93129.04,3.39
2019-05-30,3.32,3.39,3.27,81028.2,-0.06,-1.77,3.426,3.677,3.789,130608.01,103286.59,92761.0,3.33
2019-05-31,3.32,3.38,3.26,72167.99,-0.05,-1.5,3.37,3.623,3.753,130821.21,101108.17,89503.47,3.28
2019-06-03,3.31,3.35,3.15,76179.8,-0.1,-3.05,3.314,3.553,3.723,99909.82,103474.5,86112.85,3.18
2019-06-04,3.18,3.25,3.11,79365.9,-0.05,-1.57,3.262,3.463,3.687,82189.56,102832.29,86660.17,3.13
2019-06-05,3.16,3.22,3.15,82420.54,0.05,1.6,3.22,3.385,3.654,78232.49,104138.53,87463.39,3.18
2019-06-06,3.2,3.22,3.11,59284.28,-0.02,-0.63,3.186,3.306,3.619,73883.7,102245.86,87782.45,3.16
2019-06-10,3.12,3.18,3.06,66340.11,-0.01,-0.32,3.16,3.265,3.579,72718.13,101769.67,86847.94,3.15
2019-06-11,3.16,3.26,3.14,112504.53,0.11,3.49,3.176,3.245,3.547,79983.07,89946.45,90152.51,3.26
2019-06-12,3.23,3.49,3.21,214471.34,0.09,2.76,3.22,3.241,3.521,107004.16,94596.86,98036.16,3.35
2019-06-13,3.31,3.34,3.22,136964.0,-0.05,-1.49,3.244,3.232,3.49,117912.85,98072.67,101701.98,3.3
2019-06-14,3.31,3.39,3.27,136995.2,-0.02,-0.61,3.268,3.227,3.452,133455.04,103669.37,103477.98,3.28
2019-06-17,3.26,3.29,3.18,61568.95,-0.03,-0.92,3.288,3.224,3.424,132500.8,102609.47,101858.82,3.25
2019-06-18,3.25,3.32,3.23,56927.6,0.03,0.92,3.292,3.234,3.394,121385.42,100684.25,102079.37,3.28
2019-06-19,3.35,3.35,3.29,83473.0,0.01,0.3,3.28,3.25,3.357,95185.75,101094.96,101963.62,3.29
2019-06-20,3.3,3.36,3.27,95871.16,0.05,1.52,3.288,3.266,3.326,86967.18,102440.02,103289.27,3.34
2019-06-21,3.38,3.49,3.38,127736.0,0.07,2.1,3.314,3.291,3.299,85115.34,109285.19,105765.52,3.41
2019-06-24,3.47,3.67,3.39,176710.41,0.09,2.64,3.364,3.326,3.296,108143.63,120322.22,111045.94,3.5
2019-06-25,3.5,3.55,3.38,113687.94,-0.02,-0.57,3.404,3.348,3.297,119495.7,120440.56,105193.5,3.48
2019-06-26,3.46,3.48,3.41,89201.68,-0.06,-1.72,3.43,3.355,3.298,120641.44,107913.59,101255.23,3.42
2019-06-27,3.41,3.5,3.39,85078.12,0.0,0.0,3.446,3.367,3.3,118482.83,102725.01,100398.84,3.42
2019-06-28,3.43,3.45,3.31,60462.78,-0.07,-2.05,3.434,3.374,3.301,105028.19,95071.76,99370.57,3.35
2019-07-01,3.4,3.46,3.39,80485.17,0.11,3.28,3.426,3.395,3.31,85783.14,96963.39,99786.43,3.46
2019-07-02,3.5,3.5,3.42,69104.78,-0.02,-0.58,3.418,3.411,3.323,76866.51,98181.1,99432.67,3.44
2019-07-03,3.43,3.44,3.35,68174.84,-0.08,-2.33,3.406,3.418,3.334,72661.14,96651.29,98873.12,3.36
2019-07-04,3.36,3.43,3.35,56554.54,0.03,0.89,3.4,3.423,3.345,66956.42,92719.63,97579.82,3.39
2019-07-05,3.42,3.42,3.3,50360.19,-0.02,-0.59,3.404,3.419,3.355,64935.9,84982.05,97133.62,3.37
2019-07-08,3.35,3.36,3.2,72727.1,-0.16,-4.75,3.354,3.39,3.358,63384.29,74583.71,97452.97,3.21
2019-07-09,3.2,3.24,3.17,43262.89,0.01,0.31,3.31,3.364,3.356,58215.91,67541.21,93990.88,3.22
2019-07-10,3.23,3.26,3.18,38061.0,-0.01,-0.31,3.28,3.343,3.349,52193.14,62427.14,85170.37,3.21
2019-07-11,3.23,3.26,3.18,41669.61,0.0,0.0,3.244,3.322,3.345,49216.16,58086.29,80405.65,3.21
2019-07-12,3.19,3.25,3.17,40020.96,0.01,0.31,3.214,3.309,3.342,47148.31,56042.11,75556.94,3.22
2019-07-15,3.21,3.28,3.14,58103.06,0.06,1.86,3.228,3.291,3.343,44223.5,53803.9,75383.64,3.28
2019-07-16,3.28,3.3,3.2,51332.2,-0.03,-0.92,3.234,3.272,3.342,45837.37,52026.64,75103.87,3.25
2019-07-17,3.23,3.24,3.18,55734.52,-0.05,-1.54,3.232,3.256,3.337,49372.07,50782.61,73716.95,3.2
2019-07-18,3.2,3.52,3.2,137229.44,0.32,10.0,3.294,3.269,3.346,68484.04,58850.1,75784.86,3.52
2019-07-19,3.6,3.87,3.52,655728.31,0.35,9.94,3.424,3.319,3.369,191625.51,119386.91,102184.48,3.87
2019-07-22,3.73,4.14,3.52,731684.06,-0.06,-1.55,3.53,3.379,3.385,326341.71,185282.61,129933.16,3.81
2019-07-23,3.72,3.84,3.63,462611.69,0.03,0.79,3.648,3.441,3.403,408597.6,227217.49,147379.35,3.84
2019-07-24,3.8,4.12,3.77,557820.62,0.16,4.17,3.808,3.52,3.432,509014.82,279193.45,170810.29,4.0
2019-07-25,3.88,3.9,3.7,407733.97,-0.21,-5.25,3.862,3.578,3.45,563115.73,315799.88,186943.09,3.79
2019-07-26,3.74,3.79,3.68,252800.55,0.0,0.0,3.846,3.635,3.472,482530.18,337077.84,196559.98,3.79
2019-07-29,3.72,3.79,3.61,261255.2,-0.15,-3.96,3.812,3.671,3.481,388444.41,357393.06,205598.48,3.64
2019-07-30,3.62,3.69,3.54,196726.84,0.02,0.55,3.776,3.712,3.492,335267.44,371932.52,211979.58,3.66
2019-07-31,3.64,3.7,3.55,142798.86,-0.04,-1.09,3.7,3.754,3.505,252263.08,380638.95,215710.78,3.62
2019-08-01,3.54,3.61,3.48,157114.34,-0.09,-2.49,3.648,3.755,3.512,202139.16,382627.44,220738.77,3.53
2019-08-02,3.47,3.47,3.3,235285.19,-0.2,-5.67,3.556,3.701,3.51,198636.09,340583.13,229985.02,3.33
2019-08-05,3.3,3.44,3.3,178474.31,0.06,1.8,3.506,3.659,3.519,182079.91,285262.16,235272.38,3.39
2019-08-06,3.25,3.34,3.12,171248.59,-0.06,-1.77,3.44,3.608,3.525,176984.26,256125.85,241671.67,3.33
2019-08-07,3.44,3.66,3.41,105736.87,0.33,9.91,3.448,3.574,3.547,169571.86,210917.47,245055.46,3.66
2019-08-08,4.03,4.03,4.03,107764.52,0.37,10.11,3.548,3.598,3.588,159701.9,180920.53,248360.21,4.03
2019-08-09,4.09,4.12,3.7,631734.38,-0.31,-7.69,3.626,3.591,3.613,238991.73,218813.91,277945.88,3.72
2019-08-12,3.67,3.69,3.4,382762.66,-0.13,-3.5,3.666,3.586,3.629,279849.4,230964.66,294178.86,3.59
2019-08-13,3.54,3.75,3.51,432485.25,0.12,3.34,3.742,3.591,3.652,332096.74,254540.5,313236.51,3.71
2019-08-14,3.55,3.93,3.54,484670.03,0.11,2.96,3.774,3.611,3.683,407883.37,288727.61,334683.28,3.82
2019-08-15,3.72,3.95,3.65,400410.78,0.0,0.0,3.732,3.64,3.698,466412.62,313057.26,347842.35,3.82
2019-08-16,3.83,3.86,3.71,236731.14,-0.05,-1.31,3.742,3.684,3.693,387411.97,313201.85,326892.49,3.77
2019-08-19,3.71,3.81,3.61,302607.0,0.04,1.06,3.786,3.726,3.693,371380.84,325615.12,305438.64,3.81
2019-08-20,3.76,4.04,3.73,405373.22,0.14,3.67,3.834,3.788,3.698,365958.43,349027.59,302576.72,3.95
2019-08-21,3.88,3.92,3.81,241262.55,-0.08,-2.02,3.844,3.809,3.692,317276.94,362580.15,286748.81,3.87
2019-08-22,3.84,3.92,3.77,188095.69,-0.07,-1.81,3.84,3.786,3.692,274813.92,370613.27,275766.9,3.8
2019-08-23,3.77,3.84,3.71,156607.33,-0.08,-2.1,3.83,3.786,3.689,258789.16,323100.57,270957.24,3.72
2019-08-26,3.85,3.88,3.69,179670.95,-0.02,-0.54,3.808,3.797,3.692,234201.95,302791.39,266878.03,3.7
2019-08-27,3.6,3.74,3.6,166054.22,0.01,0.27,3.76,3.797,3.694,186338.15,276148.29,265344.39,3.71
2019-08-28,3.72,3.75,3.66,119493.0,-0.03,-0.81,3.722,3.783,3.697,161984.24,239630.59,264179.1,3.68
2019-08-29,3.69,3.71,3.62,106401.46,0.02,0.54,3.702,3.771,3.706,145645.39,210229.66,261643.46,3.7
2019-08-30,3.65,3.7,3.6,131021.64,-0.09,-2.43,3.68,3.755,3.72,140528.25,199658.71,256430.28,3.61
2019-09-02,3.71,3.74,3.61,118618.84,0.07,1.94,3.676,3.742,3.734,128317.83,181259.89,253437.51,3.68
2019-09-03,3.66,3.77,3.63,135447.22,0.03,0.81,3.676,3.718,3.753,122196.43,154267.29,251647.44,3.71
2019-09-04,3.75,3.92,3.72,241437.78,0.1,2.69,3.702,3.712,3.761,146585.39,154284.81,258432.48,3.81
2019-09-05,3.77,3.98,3.75,309640.62,0.04,1.05,3.732,3.717,3.752,187233.22,166439.31,268526.29,3.85
2019-09-06,3.78,3.81,3.74,167540.39,-0.09,-2.34,3.762,3.721,3.754,194536.97,167532.61,245316.59,3.76
2019-09-09,3.79,3.8,3.72,128551.54,0.03,0.8,3.784,3.73,3.764,196523.51,162420.67,232606.03,3.79
2019-09-10,3.78,3.9,3.74,172294.95,0.04,1.05,3.808,3.742,3.77,203893.06,163044.74,219596.52,3.83
2019-09-11,3.83,3.84,3.76,120037.51,-0.07,-1.83,3.798,3.75,3.767,179613.0,163099.2,201364.89,3.76
2019-09-12,3.73,3.76,3.65,166859.38,-0.03,-0.8,3.774,3.753,3.762,151056.75,169144.99,189687.32,3.73
2019-09-16,3.73,3.76,3.66,97253.7,-0.02,-0.54,3.764,3.763,3.759,136999.42,165768.19,182713.45,3.71
2019-09-17,4.08,4.08,4.08,180507.64,0.37,9.97,3.822,3.803,3.773,147390.64,171957.07,176608.48,4.08
2019-09-18,4.28,4.49,4.14,831899.25,0.23,5.64,3.918,3.863,3.791,279311.5,241602.28,197934.78,4.31
2019-09-19,4.1,4.21,4.05,444980.62,-0.14,-3.25,4.0,3.899,3.806,344300.12,261956.56,208120.69,4.17
2019-09-20,4.14,4.15,3.96,325378.31,-0.21,-5.04,4.046,3.91,3.814,376003.9,263530.33,214984.82,3.96
2019-09-23,3.8,3.88,3.75,267815.94,-0.11,-2.78,4.074,3.919,3.82,410116.35,273557.88,220545.25,3.85
2019-09-24,3.82,3.92,3.77,187613.72,0.04,1.04,4.036,3.929,3.83,411537.57,279464.1,220942.39,3.89
2019-09-25,3.85,3.86,3.71,170053.92,-0.18,-4.63,3.916,3.917,3.83,279168.5,279240.0,221142.37,3.71
2019-09-26,3.72,3.82,3.72,179402.16,0.07,1.89,3.838,3.919,3.835,226052.81,285176.46,224137.83,3.78
2019-09-27,3.76,3.8,3.58,136533.66,0.02,0.53,3.806,3.926,3.84,188283.88,282143.89,225644.44,3.8
2019-09-30,3.8,3.86,3.71,87300.95,-0.07,-1.84,3.782,3.928,3.846,152180.88,281148.62,223458.41,3.73
2019-10-08,3.7,3.78,3.66,79883.76,-0.06,-1.61,3.738,3.887,3.845,130634.89,271086.23,221521.65,3.67
2019-10-09,3.67,3.71,3.58,87142.26,0.03,0.82,3.736,3.826,3.845,114052.56,196610.53,219106.4,3.7
2019-10-10,3.7,3.75,3.65,87125.36,0.04,1.08,3.728,3.783,3.841,95597.2,160825.0,211390.78,3.74
2019-10-11,3.7,3.74,3.65,93183.14,-0.02,-0.54,3.712,3.759,3.835,86927.09,137605.49,200567.91,3.72
2019-10-14,3.73,3.8,3.71,121366.91,0.07,1.88,3.724,3.753,3.836,93740.29,122960.58,198259.23,3.79
2019-10-15,3.77,3.78,3.63,118839.0,-0.11,-2.9,3.726,3.732,3.831,101531.33,116083.11,197773.61,3.68
2019-10-16,3.68,3.74,3.63,90671.0,-0.05,-1.36,3.712,3.724,3.821,102237.08,108144.82,193692.41,3.63
2019-10-17,3.59,3.63,3.47,187509.22,-0.14,-3.86,3.662,3.695,3.807,122313.85,108955.53,197066.0,3.49
2019-10-18,3.5,3.5,3.34,155878.05,-0.14,-4.01,3.588,3.65,3.788,134852.84,110889.97,196516.93,3.35
2019-10-21,3.31,3.35,3.26,118503.11,-0.02,-0.6,3.496,3.61,3.769,134280.08,114010.18,197579.4,3.33
2019-10-22,3.32,3.36,3.29,122085.4,0.0,0.0,3.426,3.576,3.732,134929.36,118230.35,194658.29,3.33
2019-10-23,3.33,3.34,3.24,121545.11,-0.05,-1.5,3.356,3.534,3.68,141104.18,121670.63,159140.58,3.28
2019-10-24,3.25,3.27,3.21,143621.42,-0.05,-1.52,3.304,3.483,3.633,132326.62,127320.24,144072.62,3.23
2019-10-25,3.23,3.29,3.22,100153.77,0.05,1.55,3.29,3.439,3.599,121181.76,128017.3,132811.39,3.28
2019-10-28,3.28,3.36,3.27,125161.21,0.06,1.83,3.292,3.394,3.574,122513.38,128396.73,125678.66,3.34
2019-10-29,3.33,3.33,3.21,171735.55,-0.12,-3.59,3.27,3.348,3.54,132443.41,133686.38,124884.75,3.22
2019-10-30,3.21,3.21,3.11,161379.14,-0.08,-2.48,3.242,3.299,3.512,140410.22,140757.2,124451.01,3.14
2019-10-31,3.15,3.19,3.13,81460.74,0.01,0.32,3.226,3.265,3.48,127978.08,130152.35,119553.94,3.15
2019-11-01,3.15,3.2,3.07,104559.37,0.04,1.27,3.208,3.249,3.45,128859.2,125020.48,117955.22,3.19
2019-11-04,3.2,3.21,3.13,92269.13,-0.04,-1.25,3.17,3.231,3.421,122280.79,122397.08,118203.63,3.15
2019-11-05,3.17,3.17,3.1,66505.01,0.0,0.0,3.156,3.213,3.395,101234.68,116839.05,117534.7,3.15
2019-11-06,3.14,3.17,3.12,60243.02,0.0,0.0,3.158,3.2,3.367,81007.45,110708.84,116189.73,3.15
2019-11-07,3.2,3.36,3.19,179632.92,0.11,3.49,3.18,3.203,3.343,100641.89,114309.99,120815.11,3.26
2019-11-08,3.22,3.29,3.2,111869.02,-0.04,-1.23,3.186,3.197,3.318,102103.82,115481.51,121749.41,3.22
2019-11-11,3.21,3.21,3.09,88800.99,-0.11,-3.42,3.178,3.174,3.284,101410.19,111845.49,120121.11,3.11
2019-11-12,3.11,3.15,3.08,77767.18,0.04,1.29,3.178,3.167,3.258,103662.63,102448.65,118067.52,3.15
2019-11-13,3.15,3.2,3.11,81059.07,0.02,0.64,3.182,3.17,3.235,107825.84,94416.65,117586.92,3.17
2019-11-14,3.16,3.16,3.13,71697.08,-0.02,-0.63,3.16,3.17,3.218,86238.67,93440.28,111796.31,3.15
2019-11-15,3.16,3.16,3.1,66051.35,-0.04,-1.27,3.138,3.162,3.206,77075.13,89589.48,107304.98,3.11
2019-11-18,3.11,3.14,3.08,54454.34,0.0,0.0,3.138,3.158,3.195,70205.8,85808.0,104102.54,3.11
2019-11-19,3.1,3.16,3.09,96038.42,0.05,1.61,3.14,3.159,3.186,73860.05,88761.34,102800.19,3.16
2019-11-20,3.14,3.33,3.13,181694.73,0.06,1.9,3.15,3.166,3.183,93987.18,100906.51,105807.67,3.22
2019-11-21,3.16,3.22,3.15,86280.28,-0.04,-1.24,3.156,3.158,3.181,96903.82,91571.25,102940.62,3.18
2019-11-22,3.18,3.26,3.17,131677.91,0.06,1.89,3.182,3.16,3.179,110029.14,93552.14,104516.82,3.24
2019-11-25,3.25,3.35,3.19,243587.98,0.11,3.4,3.23,3.184,3.179,147855.86,109030.83,110438.16,3.35
2019-11-26,3.33,3.34,3.24,158328.64,-0.08,-2.39,3.252,3.196,3.182,160313.91,117086.98,109767.82,3.27
2019-11-27,3.27,3.4,3.21,173602.31,0.04,1.22,3.27,3.21,3.19,158695.42,126341.3,110378.97,3.31
2019-11-28,3.26,3.31,3.23,105352.29,-0.05,-1.51,3.286,3.221,3.196,162509.83,129706.83,111573.55,3.26
2019-11-29,3.25,3.28,3.22,64636.0,-0.01,-0.31,3.288,3.235,3.199,149101.44,129565.29,109577.38,3.25
2019-12-02,3.25,3.26,3.15,100094.68,-0.07,-2.15,3.254,3.242,3.2,120402.78,134129.32,109968.66,3.18
2019-12-03,3.16,3.19,3.14,73810.31,0.0,0.0,3.236,3.244,3.202,103499.12,131906.51,110333.93,3.18
2019-12-04,3.16,3.24,3.15,98870.54,0.04,1.26,3.218,3.244,3.205,88552.76,123624.09,112265.3,3.22
2019-12-05,3.22,3.26,3.2,79415.02,0.01,0.31,3.212,3.249,3.204,83365.31,122937.57,107254.41,3.23
2019-12-06,3.23,3.24,3.2,60860.92,-0.01,-0.31,3.206,3.247,3.204,82610.29,115855.87,104704.0,3.22
2019-12-09,3.22,3.25,3.19,71376.06,0.03,0.93,3.22,3.237,3.211,76866.57,98634.68,103832.76,3.25
2019-12-10,3.25,3.28,3.23,97507.19,0.02,0.61,3.238,3.237,3.217,81605.95,92552.53,104819.76,3.27
2019-12-11,3.26,3.28,3.24,64864.64,-0.01,-0.31,3.246,3.232,3.221,74804.77,81678.77,104010.03,3.26
2019-12-12,3.27,3.28,3.18,72487.01,-0.06,-1.84,3.24,3.226,3.224,73419.16,78392.24,104049.53,3.2
2019-12-13,3.2,3.24,3.19,71802.68,0.03,0.94,3.242,3.224,3.23,75607.52,79108.91,104337.1,3.23
2019-12-16,3.24,3.26,3.2,87199.0,0.03,0.93,3.244,3.232,3.237,78772.1,77819.34,105974.33,3.26
2019-12-17,3.25,3.32,3.23,153697.14,0.05,1.53,3.252,3.245,3.245,90010.09,85808.02,108857.27,3.31
2019-12-18,3.3,3.34,3.28,132345.69,0.0,0.0,3.262,3.254,3.249,103506.3,89155.54,106389.81,3.31
2019-12-19,3.3,3.34,3.29,139688.84,0.03,0.91,3.29,3.265,3.257,116946.67,95182.92,109060.24,3.34
2019-12-20,3.34,3.36,3.29,109795.0,-0.05,-1.5,3.302,3.272,3.26,124545.13,100076.33,107966.1,3.29
2019-12-23,3.29,3.29,3.16,138152.3,-0.12,-3.65,3.284,3.264,3.251,134735.79,106753.95,102694.31,3.17
2019-12-24,3.19,3.26,3.16,134523.61,0.08,2.52,3.272,3.262,3.25,130901.09,110455.59,101504.06,3.25
2019-12-25,3.26,3.58,3.24,321312.16,0.33,10.15,3.326,3.294,3.263,168694.38,136100.34,108889.55,3.58
2019-12-26,3.72,3.72,3.5,849798.0,0.02,0.56,3.378,3.334,3.28,310716.21,213831.44,146111.84,3.6
2019-12-27,3.5,3.78,3.45,611964.69,0.05,1.39,3.45,3.376,3.3,411150.15,267847.64,173478.27,3.65
2019-12-30,3.55,3.62,3.47,354084.53,-0.07,-1.92,3.532,3.408,3.32,454336.6,294536.2,186177.77,3.58
2019-12-31,3.57,3.57,3.48,242957.78,-0.07,-1.96,3.584,3.428,3.337,476023.43,303462.26,194635.14,3.51
2020-01-02,3.51,3.55,3.48,286953.94,0.03,0.85,3.576,3.451,3.353,469151.79,318923.09,204039.31,3.54
2020-01-03,3.54,3.66,3.5,379519.34,0.04,1.13,3.572,3.475,3.37,375096.06,342906.14,219044.53,3.58
2020-01-06,3.58,3.75,3.55,562852.25,0.12,3.35,3.582,3.516,3.394,365273.57,388211.86,244144.09,3.7
2020-01-07,3.64,3.71,3.6,300233.16,-0.05,-1.35,3.596,3.564,3.414,354503.29,404419.95,255586.95,3.65
2020-01-08,3.7,4.02,3.63,726763.44,0.37,10.14,3.698,3.641,3.452,451264.43,463643.93,287049.76,4.02
2020-01-09,3.81,3.93,3.78,599481.75,-0.18,-4.48,3.758,3.667,3.481,513769.99,491460.89,313780.62,3.84
2020-01-10,3.77,3.84,3.68,296858.12,-0.12,-3.12,3.786,3.679,3.507,497237.74,436166.9,324999.17,3.72
2020-01-13,3.72,3.72,3.62,171383.02,-0.03,-0.81,3.784,3.683,3.53,418943.9,392108.73,329978.19,3.69
2020-01-14,3.71,3.82,3.69,308770.22,0.09,2.44,3.81,3.703,3.556,420651.31,387577.3,341056.75,3.78
2020-01-15,3.74,3.75,3.6,187125.78,-0.14,-3.7,3.734,3.716,3.572,312723.78,381994.1,342728.18,3.64
2020-01-16,3.65,3.67,3.58,140723.14,-0.06,-1.65,3.682,3.72,3.586,220972.06,367371.02,343147.05,3.58
2020-01-17,3.62,3.63,3.53,112920.32,-0.02,-0.56,3.65,3.718,3.597,184184.5,340711.12,341808.63,3.56
2020-01-20,3.5,3.56,3.5,86040.6,-0.01,-0.28,3.622,3.703,3.61,167116.01,293029.96,340620.91,3.55
2020-01-21,3.56,3.57,3.48,119515.47,0.0,0.0,3.576,3.693,3.629,129265.06,274958.19,339689.07,3.55
2020-01-22,3.51,3.51,3.4,123329.02,-0.1,-2.82,3.538,3.636,3.639,116505.71,214614.74,339129.34,3.45
2020-01-23,3.44,3.44,3.21,196393.2,-0.16,-4.64,3.48,3.581,3.624,127639.72,174305.89,332883.39,3.29
