date,open,high,low,volume,price_change,p_change,ma5,ma10,ma20,v_ma5,v_ma10,v_ma20,close
2017-07-25,4.58,4.58,4.49,203187.22,-0.04,-0.87,4.54,4.54,4.54,203187.22,203187.22,203187.22,4.54
2017-07-26,4.52,4.55,4.47,262101.92,-0.05,-1.1,4.515,4.515,4.515,232644.57,232644.57,232644.57,4.49
2017-07-27,4.47,4.53,4.46,188440.64,0.01,0.22,4.51,4.51,4.51,217909.93,217909.93,217909.93,4.5
2017-07-28,4.51,4.6,4.49,324165.0,0.07,1.56,4.525,4.525,4.525,244473.7,244473.7,244473.7,4.57
2017-07-31,4.57,4.62,4.56,282525.75,0.03,0.66,4.54,4.54,4.54,252084.11,252084.11,252084.11,4.6
2017-08-01,4.59,4.63,4.54,218412.03,-0.03,-0.65,4.546,4.545,4.545,255129.07,246472.09,246472.09,4.57
2017-08-02,4.58,4.6,4.53,252271.7,-0.01,-0.22,4.56,4.547,4.547,253163.02,247300.61,247300.61,4.56
2017-08-03,4.55,4.65,4.54,342876.59,0.09,1.97,4.59,4.56,4.56,284050.21,259247.61,259247.61,4.65
2017-08-04,4.65,4.69,4.62,435533.31,0.03,0.65,4.612,4.573,4.573,306323.88,278834.91,278834.91,4.68
2017-08-07,4.66,4.79,4.66,416770.22,0.08,1.71,4.644,4.592,4.592,333172.77,292628.44,292628.44,4.76
2017-08-08,4.75,4.77,4.69,237737.41,-0.02,-0.42,4.678,4.612,4.605,337037.85,296083.46,287638.34,4.74
2017-08-09,4.75,4.76,4.62,273938.88,-0.08,-1.69,4.698,4.629,4.61,341371.28,297267.15,286496.72,4.66
2017-08-10,4.65,4.66,4.57,235947.61,-0.07,-1.5,4.686,4.638,4.608,319985.49,302017.85,282608.33,4.59
2017-08-11,4.56,4.59,4.43,292608.62,-0.15,-3.27,4.638,4.625,4.596,291400.55,298862.21,283322.64,4.44
2017-08-14,4.45,4.53,4.43,143396.03,0.06,1.35,4.586,4.615,4.59,236725.71,284949.24,273994.2,4.5
2017-08-15,4.51,4.52,4.46,130819.0,-0.02,-0.44,4.534,4.606,4.583,215342.03,276189.94,265045.75,4.48
2017-08-16,4.46,4.5,4.46,120863.71,0.01,0.22,4.5,4.599,4.578,184726.99,263049.14,256564.45,4.49
2017-08-17,4.49,4.62,4.48,232478.33,0.11,2.45,4.502,4.594,4.579,184033.14,252009.31,255226.33,4.6
2017-08-18,4.6,4.7,4.56,369146.12,0.05,1.09,4.544,4.591,4.583,199340.64,245370.59,261222.11,4.65
2017-08-21,4.69,4.7,4.62,221329.03,-0.01,-0.21,4.572,4.579,4.586,214927.24,225826.47,259227.46,4.64
2017-08-22,4.62,4.95,4.6,545755.25,0.22,4.74,4.648,4.591,4.602,297914.49,256628.26,276355.86,4.86
2017-08-23,4.76,4.79,4.7,471181.69,-0.13,-2.67,4.696,4.598,4.614,367978.08,276352.54,286809.85,4.73
2017-08-24,4.74,4.77,4.65,255927.53,-0.07,-1.48,4.708,4.605,4.622,372667.92,278350.53,290184.19,4.66
2017-08-25,4.63,4.8,4.61,436573.59,0.08,1.72,4.726,4.635,4.63,386153.42,292747.03,295804.62,4.74
2017-08-28,4.75,4.81,4.72,351112.28,0.07,1.48,4.76,4.666,4.641,412110.07,313518.65,299233.95,4.81
2017-08-29,4.85,4.95,4.8,526312.12,0.0,0.0,4.75,4.699,4.653,408221.44,353067.97,314628.95,4.81
2017-08-30,4.76,4.84,4.73,318549.44,0.02,0.42,4.77,4.733,4.666,377694.99,372836.54,317942.84,4.83
2017-08-31,4.83,4.86,4.76,225813.86,0.0,0.0,4.804,4.756,4.675,371672.26,372170.09,312089.7,4.83
2017-09-01,4.95,5.0,4.8,407451.06,-0.02,-0.41,4.818,4.772,4.682,365847.75,376000.59,310685.59,4.81
2017-09-04,4.75,4.77,4.69,373913.25,-0.09,-1.87,4.8,4.78,4.68,370407.95,391259.01,308542.74,4.72
2017-09-05,4.7,4.73,4.66,190225.62,-0.02,-0.42,4.778,4.764,4.678,303190.65,355706.04,306167.15,4.7
2017-09-06,4.68,4.71,4.66,167990.8,0.0,0.0,4.752,4.761,4.68,273078.92,325386.96,300869.75,4.7
2017-09-07,4.69,4.7,4.62,184686.52,-0.07,-1.49,4.712,4.758,4.682,264853.45,318262.85,298306.69,4.63
2017-09-08,4.65,4.69,4.63,131426.34,0.04,0.86,4.684,4.751,4.693,209648.51,287748.13,290247.58,4.67
2017-09-11,4.66,4.69,4.63,142369.81,0.02,0.43,4.678,4.739,4.703,163339.82,266873.88,290196.27,4.69
2017-09-12,4.69,4.69,4.61,197114.12,-0.06,-1.28,4.664,4.721,4.71,164717.52,233954.08,293511.02,4.63
2017-09-13,4.63,4.63,4.55,165891.58,-0.05,-1.08,4.64,4.696,4.715,164297.67,218688.3,295762.42,4.58
2017-09-14,4.57,4.63,4.55,181661.06,-0.01,-0.22,4.628,4.67,4.713,163692.58,214273.02,293221.55,4.57
2017-09-15,4.56,4.57,4.5,173812.59,-0.04,-0.88,4.6,4.642,4.707,172169.83,190909.17,283454.88,4.53
2017-09-18,4.52,4.59,4.52,109390.68,0.04,0.88,4.576,4.627,4.704,165574.01,164456.91,277857.96,4.57
2017-09-19,4.58,4.61,4.56,100000.0,0.0,0.0,4.564,4.614,4.689,146151.18,155434.35,255570.2,4.57
2017-09-20,4.57,4.6,4.53,110307.09,0.02,0.44,4.566,4.603,4.682,135034.28,149665.98,237526.47,4.59
2017-09-21,4.58,4.59,4.52,114396.0,-0.06,-1.31,4.558,4.593,4.676,121581.27,142636.93,230449.89,4.53
2017-09-22,4.51,4.52,4.45,111241.19,-0.05,-1.1,4.548,4.574,4.663,109066.99,140618.41,214183.27,4.48
2017-09-25,4.49,4.49,4.43,85764.0,-0.04,-0.89,4.522,4.549,4.644,104341.66,134957.83,200915.86,4.44
2017-09-26,4.43,4.46,4.41,95410.0,0.01,0.23,4.498,4.531,4.626,103423.66,124787.42,179370.75,4.45
2017-09-27,4.45,4.48,4.44,72731.0,0.01,0.23,4.472,4.519,4.608,95908.44,115471.36,167079.83,4.46
2017-09-28,4.46,4.47,4.42,89729.71,-0.04,-0.9,4.45,4.504,4.587,90975.18,106278.23,160275.62,4.42
2017-09-29,4.42,4.58,4.42,151632.56,0.1,2.26,4.458,4.503,4.573,99053.45,104060.22,147484.7,4.52
2017-10-09,4.53,4.55,4.51,85972.12,0.0,0.0,4.474,4.498,4.563,99095.08,101718.37,133087.64,4.52
2017-10-10,4.52,4.58,4.5,134887.55,0.04,0.89,4.496,4.497,4.556,106990.59,105207.12,130320.74,4.56
2017-10-11,4.56,4.61,4.53,206977.73,0.04,0.88,4.524,4.498,4.551,133839.93,114874.19,132270.08,4.6
2017-10-12,4.58,4.6,4.51,219245.16,-0.03,-0.65,4.554,4.502,4.548,159743.02,125359.1,133998.01,4.57
2017-10-13,4.55,4.59,4.52,133342.95,-0.01,-0.22,4.562,4.51,4.542,156085.1,127569.28,134093.85,4.56
2017-10-16,4.53,4.56,4.46,129731.95,-0.09,-1.97,4.552,4.513,4.531,164837.07,131966.07,133461.95,4.47
2017-10-17,4.47,4.55,4.43,100145.79,0.02,0.45,4.538,4.517,4.524,157888.72,132439.65,128613.54,4.49
2017-10-18,4.46,4.49,4.42,111305.61,-0.07,-1.56,4.502,4.513,4.516,138754.29,136297.11,125884.24,4.42
2017-10-19,4.43,4.45,4.34,147908.0,-0.06,-1.36,4.46,4.507,4.506,124486.86,142114.94,124196.58,4.36
2017-10-20,4.36,4.4,4.31,101943.5,0.02,0.46,4.424,4.493,4.498,118206.97,137146.04,120603.13,4.38
2017-10-23,4.38,4.45,4.36,101765.1,0.06,1.37,4.418,4.485,4.492,112613.6,138725.33,120221.85,4.44
2017-10-24,4.44,4.5,4.41,130066.61,0.02,0.45,4.412,4.475,4.486,118597.76,138243.24,121725.18,4.46
2017-10-25,4.45,4.46,4.43,66217.0,-0.01,-0.22,4.418,4.46,4.479,109580.04,124167.17,119520.68,4.45
2017-10-26,4.45,4.45,4.41,109205.5,0.0,0.0,4.436,4.448,4.475,101839.54,113163.2,119261.15,4.45
2017-10-27,4.45,4.49,4.42,107418.06,0.0,0.0,4.45,4.437,4.474,102934.45,110570.71,119070.0,4.45
2017-10-30,4.46,4.46,4.34,110280.34,-0.05,-1.12,4.442,4.43,4.472,104637.5,108625.55,120295.81,4.4
2017-10-31,4.42,4.43,4.35,102830.57,-0.02,-0.46,4.426,4.419,4.468,99190.29,108894.03,120666.84,4.38
2017-11-01,4.38,4.44,4.38,101635.09,0.04,0.91,4.42,4.419,4.466,106273.91,107926.98,122112.05,4.42
2017-11-02,4.42,4.52,4.38,185903.39,0.08,1.81,4.43,4.433,4.47,121613.49,111726.52,126920.73,4.5
2017-11-03,4.5,4.56,4.46,232480.06,0.03,0.67,4.446,4.448,4.471,146625.89,124780.17,130963.1,4.53
2017-11-06,4.51,4.53,4.47,115747.05,-0.02,-0.44,4.468,4.455,4.47,147719.23,126178.37,132451.85,4.51
2017-11-07,4.51,4.52,4.44,254930.56,0.0,0.0,4.494,4.46,4.468,178139.23,138664.76,138454.0,4.51
2017-11-08,4.49,4.6,4.48,369830.41,0.07,1.55,4.526,4.473,4.467,231778.29,169026.1,146596.64,4.58
2017-11-09,4.58,4.58,4.54,214729.39,-0.01,-0.22,4.54,4.485,4.467,237543.49,179578.49,146370.85,4.57
2017-11-10,4.57,4.6,4.48,223388.55,0.02,0.44,4.55,4.498,4.468,235725.19,191175.54,150873.13,4.58
2017-11-13,4.54,4.62,4.52,209762.7,-0.01,-0.22,4.56,4.514,4.472,254528.32,201123.78,154874.66,4.56
2017-11-14,4.55,4.55,4.45,192795.11,-0.06,-1.32,4.558,4.526,4.473,242101.23,210120.23,159507.13,4.5
2017-11-15,4.46,4.48,4.41,137166.02,-0.05,-1.11,4.53,4.528,4.474,195568.35,213673.32,160800.15,4.44
2017-11-16,4.43,4.47,4.38,123060.43,-0.01,-0.23,4.5,4.52,4.477,177234.56,207389.03,159557.77,4.42
2017-11-17,4.42,4.43,4.32,163076.05,-0.06,-1.36,4.452,4.501,4.475,165172.06,200448.63,162614.4,4.34
2017-11-20,4.33,4.34,4.21,115147.24,-0.01,-0.23,4.408,4.484,4.47,146248.97,200388.65,163283.51,4.34
2017-11-21,4.31,4.36,4.3,93175.0,0.02,0.46,4.378,4.468,4.464,126324.95,184213.09,161438.93,4.35
2017-11-22,4.34,4.38,4.34,74899.73,0.01,0.23,4.36,4.445,4.459,113871.69,154720.02,161873.06,4.35
2017-11-23,4.36,4.36,4.28,105921.32,-0.06,-1.38,4.334,4.417,4.451,110443.87,143839.22,161708.85,4.29
2017-11-24,4.28,4.29,4.22,103414.01,-0.07,-1.63,4.31,4.381,4.44,98511.46,131841.76,161508.65,4.22
2017-11-27,4.2,4.23,4.12,164324.02,-0.05,-1.19,4.276,4.342,4.428,108346.82,127297.89,164210.84,4.17
2017-11-28,4.15,4.2,4.15,136449.45,0.04,0.96,4.246,4.312,4.419,117001.71,121663.33,165891.78,4.2
2017-11-29,4.2,4.21,4.15,161910.19,0.01,0.24,4.216,4.288,4.408,134403.8,124137.74,168905.53,4.2
2017-11-30,4.19,4.2,4.16,110017.82,-0.03,-0.71,4.192,4.263,4.392,135223.1,122833.48,165111.26,4.17
2017-12-01,4.17,4.21,4.16,121740.92,0.03,0.72,4.188,4.249,4.375,138888.48,118699.97,159574.3,4.2
2017-12-04,4.19,4.25,4.18,126733.36,0.01,0.24,4.196,4.236,4.36,131370.35,119858.58,160123.61,4.21
2017-12-05,4.22,4.24,4.17,126117.14,-0.02,-0.47,4.194,4.22,4.344,129303.89,123152.8,153682.94,4.19
2017-12-06,4.16,4.25,4.15,137499.39,0.06,1.43,4.204,4.21,4.328,124421.73,129412.76,142066.39,4.25
2017-12-07,4.3,4.32,4.22,191789.34,-0.02,-0.47,4.216,4.204,4.311,140776.03,137999.56,140919.39,4.23
2017-12-08,4.19,4.26,4.13,286147.19,-0.03,-0.71,4.216,4.202,4.292,173657.28,156272.88,144057.32,4.2
2017-12-11,4.21,4.29,4.18,186098.3,0.06,1.43,4.228,4.212,4.277,185530.27,158450.31,142874.1,4.27
2017-12-12,4.29,4.29,4.21,140825.56,-0.04,-0.94,4.236,4.215,4.264,188471.96,158887.92,140275.62,4.23
2017-12-13,4.27,4.27,4.18,102646.43,-0.04,-0.95,4.224,4.214,4.251,181501.36,152961.55,138549.64,4.19
2017-12-14,4.2,4.2,4.14,138633.16,-0.02,-0.48,4.212,4.214,4.239,170870.13,155823.08,139328.28,4.17
2017-12-15,4.16,4.18,4.13,65080.39,-0.03,-0.72,4.202,4.209,4.229,126656.77,150157.03,134428.5,4.15
2017-12-18,4.12,4.19,4.12,106611.84,0.03,0.72,4.182,4.205,4.221,110759.48,148144.87,134001.73,4.17
2017-12-19,4.17,4.22,4.16,77943.55,0.02,0.48,4.174,4.205,4.213,98183.07,143327.52,133240.16,4.19
2017-12-20,4.2,4.23,4.19,115762.82,0.01,0.24,4.176,4.2,4.205,100806.35,141153.86,135283.31,4.2
2017-12-21,4.22,4.22,4.15,115286.06,-0.01,-0.24,4.18,4.196,4.2,96136.93,133503.53,135751.55,4.19
2017-12-22,4.22,4.23,4.18,119989.14,-0.01,-0.24,4.188,4.195,4.199,107118.68,116887.73,136580.3,4.19
2017-12-25,4.19,4.21,4.15,100998.5,-0.01,-0.24,4.19,4.186,4.199,105996.01,108377.75,133414.03,4.18
2017-12-26,4.17,4.2,4.16,54901.94,0.01,0.24,4.19,4.182,4.199,101387.69,99785.38,129336.65,4.19
2017-12-27,4.18,4.19,4.13,71548.3,-0.06,-1.43,4.176,4.176,4.195,92544.79,96675.57,124818.56,4.13
2017-12-28,4.14,4.18,4.14,87405.39,0.02,0.48,4.17,4.175,4.195,86968.65,91552.79,123687.94,4.16
2017-12-29,4.17,4.18,4.14,82337.44,0.0,0.0,4.164,4.176,4.193,79438.31,93278.5,121717.76,4.16
2018-01-02,4.15,4.2,4.15,120705.22,0.05,1.21,4.168,4.179,4.192,83379.66,94687.84,121416.36,4.2
2018-01-03,4.2,4.27,4.17,266795.69,0.06,1.43,4.18,4.185,4.195,125758.41,113573.05,128450.28,4.25
2018-01-04,4.25,4.28,4.21,258675.44,-0.02,-0.47,4.202,4.189,4.195,163183.84,127864.31,134509.09,4.24
2018-01-05,4.23,4.25,4.21,185758.89,0.01,0.24,4.22,4.195,4.196,182854.54,134911.6,134207.56,4.25
2018-01-08,4.25,4.3,4.24,326197.03,0.05,1.18,4.246,4.205,4.2,231626.45,155532.38,136210.05,4.29
2018-01-09,4.29,4.3,4.23,203736.09,-0.05,-1.17,4.254,4.211,4.199,248232.63,165806.14,137091.94,4.24
2018-01-10,4.25,4.25,4.21,126828.58,-0.03,-0.71,4.248,4.214,4.198,220239.21,172998.81,136392.1,4.22
2018-01-11,4.22,4.29,4.22,155336.02,0.03,0.71,4.25,4.226,4.201,199571.32,181377.58,139026.57,4.25
2018-01-12,4.26,4.29,4.23,110589.65,0.01,0.23,4.254,4.237,4.206,184537.47,183696.01,137624.4,4.27
2018-01-15,4.26,4.26,4.09,209365.58,-0.15,-3.51,4.22,4.233,4.205,161171.18,196398.82,144838.66,4.12
2018-01-16,4.11,4.13,4.05,202594.61,-0.01,-0.24,4.192,4.223,4.201,160942.89,204587.76,149637.8,4.1
2018-01-17,4.09,4.12,4.04,149529.47,0.01,0.24,4.172,4.21,4.198,165483.07,192861.14,153217.09,4.12
2018-01-18,4.12,4.12,4.05,278209.91,-0.02,-0.49,4.14,4.195,4.192,190057.84,194814.58,161339.45,4.09
2018-01-19,4.08,4.16,4.05,265130.88,0.04,0.98,4.112,4.183,4.189,220966.09,202751.78,168831.69,4.13
2018-01-22,4.11,4.19,4.1,249438.77,0.05,1.21,4.124,4.172,4.189,228980.73,195075.96,175304.17,4.18
2018-01-23,4.18,4.2,4.16,175002.59,0.02,0.48,4.144,4.168,4.19,223462.32,192202.61,179004.37,4.2
2018-01-24,4.18,4.21,4.18,170872.66,0.02,0.48,4.162,4.167,4.191,227730.96,196607.01,184802.91,4.21
2018-01-25,4.21,4.23,4.2,197307.0,0.01,0.24,4.188,4.164,4.195,211550.38,200804.11,191090.85,4.22
2018-01-26,4.21,4.22,4.2,149742.48,-0.01,-0.24,4.204,4.158,4.198,188472.7,204719.4,194207.7,4.21
2018-01-29,4.22,4.29,4.22,265827.44,0.02,0.47,4.216,4.17,4.202,191750.43,210365.58,203382.2,4.24
2018-01-30,4.24,4.24,4.18,109369.73,-0.03,-0.71,4.216,4.18,4.202,178623.86,201043.09,202815.43,4.2
2018-01-31,4.21,4.22,4.07,155801.12,-0.1,-2.38,4.194,4.178,4.194,175609.55,201670.26,197265.7,4.1
2018-02-01,4.11,4.11,3.96,244342.86,-0.13,-3.17,4.144,4.166,4.181,185016.73,198283.55,196549.07,3.97
2018-02-02,3.93,4.04,3.89,183489.56,0.03,0.76,4.102,4.153,4.168,191766.14,190119.42,196435.6,4.0
2018-02-05,4.01,4.01,3.94,202282.61,-0.01,-0.25,4.052,4.134,4.153,179057.18,185403.81,190239.88,3.99
2018-02-06,3.95,3.99,3.82,204534.73,-0.15,-3.75,3.982,4.099,4.134,198090.18,188357.02,190279.81,3.85
2018-02-07,3.89,3.9,3.8,140841.23,-0.04,-1.04,3.924,4.059,4.113,195098.2,185353.88,190980.45,3.81
2018-02-08,3.8,3.88,3.8,126975.05,0.06,1.57,3.904,4.024,4.094,171624.64,178320.68,189562.4,3.87
2018-02-09,3.82,3.83,3.66,183462.34,-0.13,-3.36,3.852,3.977,4.068,171619.19,181692.67,193206.03,3.74
2018-02-12,3.75,3.76,3.61,226503.8,0.01,0.27,3.804,3.928,4.049,176463.43,177760.3,194062.94,3.75
2018-02-13,3.75,3.78,3.7,114242.55,-0.03,-0.8,3.778,3.88,4.03,158404.99,178247.59,189645.34,3.72
2018-02-14,3.73,3.73,3.66,66644.01,-0.02,-0.54,3.756,3.84,4.009,143565.55,169331.87,185501.07,3.7
2018-02-22,3.71,3.75,3.69,96754.06,0.05,1.35,3.732,3.818,3.992,137521.35,154572.99,176428.27,3.75
2018-02-23,3.76,3.77,3.72,82664.81,0.02,0.53,3.738,3.795,3.974,117361.85,144490.52,167304.97,3.77
2018-02-26,3.77,3.81,3.74,111853.33,0.03,0.8,3.748,3.776,3.955,94431.75,135447.59,160425.7,3.8
2018-02-27,3.8,3.84,3.77,142478.69,0.03,0.79,3.772,3.775,3.937,100078.98,129241.99,158799.5,3.84
2018-02-28,3.82,3.84,3.79,64990.1,-0.03,-0.78,3.794,3.775,3.917,99748.2,121656.87,153505.38,3.81
2018-03-01,3.8,3.83,3.78,71365.0,0.01,0.26,3.808,3.77,3.897,94670.39,116095.87,147208.28,3.82
2018-03-02,3.81,3.88,3.79,132034.27,0.02,0.52,3.824,3.781,3.879,104544.28,110953.06,146322.86,3.85
2018-03-05,3.84,3.87,3.82,91405.34,0.0,0.0,3.834,3.791,3.86,100454.68,97443.22,137601.76,3.85
2018-03-06,3.85,3.92,3.84,144267.95,0.07,1.82,3.85,3.811,3.846,100812.53,100445.76,139346.67,3.92
2018-03-07,3.9,4.04,3.89,214247.59,0.06,1.53,3.882,3.838,3.839,130664.03,115206.11,142268.99,3.97
2018-03-08,3.96,4.1,3.95,197777.56,0.07,1.77,3.924,3.866,3.842,155946.54,125308.46,139940.73,4.03
2018-03-09,4.03,4.05,3.97,169092.25,-0.03,-0.74,3.954,3.889,3.842,163358.14,133951.21,139220.86,4.0
2018-03-12,4.0,4.02,3.96,151588.97,-0.01,-0.25,3.98,3.907,3.842,175394.86,137924.77,136686.18,3.98
2018-03-13,3.99,3.99,3.93,122785.02,-0.04,-1.01,3.982,3.916,3.846,171098.28,135955.41,132598.7,3.93
2018-03-14,3.93,3.96,3.89,97725.41,-0.03,-0.76,3.968,3.925,3.85,147793.84,139228.94,130442.91,3.9
2018-03-15,3.87,3.95,3.87,103593.6,0.02,0.51,3.946,3.935,3.853,128957.05,142451.8,129273.83,3.92
2018-03-16,3.91,3.96,3.88,83304.26,-0.04,-1.02,3.924,3.939,3.86,111799.45,137578.8,124265.93,3.89
2018-03-19,3.88,3.92,3.87,70235.22,0.0,0.0,3.906,3.943,3.867,95528.7,135461.78,116452.5,3.89
2018-03-20,3.89,3.92,3.86,93065.7,-0.01,-0.26,3.898,3.94,3.876,89584.84,130341.56,115393.66,3.89
2018-03-21,3.88,3.94,3.88,104438.95,0.01,0.26,3.898,3.933,3.886,90927.55,119360.69,117283.4,3.9
2018-03-22,3.89,3.9,3.82,102651.3,-0.07,-1.79,3.88,3.913,3.89,90739.09,109848.07,117578.27,3.83
2018-03-23,3.74,3.78,3.58,229610.2,-0.16,-4.19,3.834,3.879,3.884,120000.27,115899.86,124925.54,3.66
2018-03-26,3.61,3.65,3.55,105310.01,-0.02,-0.55,3.784,3.845,3.876,127015.23,111271.97,124598.37,3.64
2018-03-27,3.67,3.73,3.66,127307.47,0.04,1.1,3.742,3.82,3.868,133863.59,111724.21,123839.81,3.68
2018-03-28,3.66,3.73,3.64,115531.29,-0.01,-0.27,3.698,3.798,3.862,136082.05,113504.8,126366.87,3.68
2018-03-29,3.69,3.71,3.66,105443.57,0.02,0.54,3.672,3.776,3.856,136640.51,113689.8,128070.8,3.7
2018-03-30,3.71,3.71,3.66,122253.91,-0.02,-0.54,3.676,3.755,3.847,115169.25,117584.76,127581.78,3.68
2018-04-02,3.68,3.68,3.62,180731.47,-0.04,-1.09,3.676,3.73,3.837,130253.54,128634.39,132048.09,3.64
2018-04-03,3.59,3.61,3.52,222020.53,-0.09,-2.47,3.65,3.696,3.818,149196.15,141529.87,135935.71,3.55
2018-04-04,3.56,3.57,3.52,111480.89,-0.02,-0.56,3.62,3.659,3.796,148386.07,142234.06,130797.38,3.53
2018-04-09,3.53,3.55,3.51,126912.65,0.01,0.28,3.586,3.629,3.771,152679.89,144660.2,127254.13,3.53
2018-04-10,3.54,3.57,3.53,106903.63,0.04,1.13,3.564,3.62,3.75,149609.83,132389.54,124144.7,3.57
2018-04-11,3.58,3.59,3.56,102075.34,0.0,0.0,3.55,3.613,3.729,133878.61,132066.08,121669.02,3.57
2018-04-12,3.57,3.58,3.53,114663.98,-0.02,-0.56,3.55,3.6,3.71,112407.3,130801.73,121262.97,3.55
2018-04-13,3.55,3.57,3.51,146596.61,-0.01,-0.28,3.55,3.585,3.692,119430.44,133908.26,123706.53,3.53
2018-04-16,3.52,3.53,3.45,153605.09,-0.05,-1.42,3.538,3.562,3.669,124768.93,138724.41,126207.1,3.47
2018-04-17,3.47,3.48,3.42,138299.72,-0.03,-0.87,3.51,3.537,3.646,131048.15,140328.99,128956.88,3.43
2018-04-18,3.45,3.46,3.4,107290.45,0.01,0.29,3.484,3.517,3.624,132091.17,132984.89,130809.64,3.44
2018-04-19,3.43,3.46,3.42,87182.99,0.0,0.0,3.462,3.506,3.601,126594.97,119501.14,130515.5,3.44
2018-04-20,3.45,3.45,3.34,146449.0,-0.07,-2.04,3.43,3.49,3.575,126565.45,122997.95,132616.01,3.37
2018-04-23,3.34,3.38,3.32,109522.29,-0.01,-0.3,3.406,3.472,3.551,117748.89,121258.91,132959.55,3.35
2018-04-24,3.34,3.4,3.34,121890.65,0.04,1.19,3.398,3.454,3.537,114467.08,122757.61,127573.58,3.39
2018-04-25,3.37,3.38,3.36,64434.9,-0.01,-0.29,3.386,3.435,3.524,105895.97,118993.57,125529.82,3.38
2018-04-26,3.37,3.38,3.31,91351.17,-0.05,-1.48,3.362,3.412,3.506,106729.6,116662.29,123732.01,3.32
2018-04-27,3.33,3.34,3.3,89804.8,0.02,0.6,3.356,3.393,3.489,95400.76,110983.11,122445.68,3.34
2018-05-02,3.35,3.36,3.32,126189.83,0.01,0.3,3.356,3.381,3.472,98734.27,108241.58,123483.0,3.35
2018-05-03,3.36,3.37,3.31,106638.12,0.01,0.3,3.352,3.375,3.456,95683.76,105075.42,122702.21,3.37
2018-05-04,3.35,3.37,3.34,117663.95,-0.01,-0.3,3.348,3.367,3.442,106329.57,106112.77,119548.83,3.36
2018-05-07,3.36,3.41,3.35,146239.88,0.05,1.49,3.364,3.363,3.435,117307.32,112018.46,115759.8,3.4
2018-05-08,3.4,3.42,3.38,95038.84,0.01,0.29,3.378,3.367,3.429,118354.12,106877.44,114937.69,3.41
2018-05-09,3.41,3.42,3.38,76018.18,-0.02,-0.58,3.388,3.372,3.422,108319.79,103527.03,112392.97,3.4
2018-05-10,3.4,3.41,3.36,111631.97,0.0,0.0,3.394,3.373,3.414,109318.56,102501.16,112629.39,3.4
2018-05-11,3.39,3.39,3.37,63515.82,-0.03,-0.88,3.396,3.372,3.404,98488.94,102409.26,110701.41,3.37
2018-05-14,3.38,3.39,3.36,60811.0,-0.02,-0.59,3.388,3.376,3.394,81403.16,99355.24,108008.76,3.36
2018-05-15,3.36,3.41,3.35,102652.04,0.04,1.19,3.386,3.382,3.388,82925.8,100639.96,105811.53,3.4
2018-05-16,3.39,3.43,3.37,115622.64,-0.02,-0.59,3.382,3.385,3.383,90846.69,99583.24,103912.41,3.38
2018-05-17,3.38,3.4,3.35,80713.73,0.01,0.3,3.38,3.387,3.381,84663.05,96990.81,101033.11,3.39
2018-05-18,3.38,3.42,3.36,97269.43,0.03,0.89,3.388,3.392,3.38,91413.77,94951.35,100532.06,3.41
2018-05-21,3.43,3.48,3.42,128797.31,0.06,1.76,3.41,3.399,3.381,105011.03,93207.1,102612.78,3.47
2018-05-22,3.46,3.47,3.42,69717.01,-0.02,-0.58,3.42,3.403,3.385,98424.02,90674.91,98776.18,3.45
2018-05-23,3.44,3.59,3.44,474532.66,0.09,2.62,3.45,3.416,3.394,170206.03,130526.36,117026.7,3.53
2018-05-24,3.51,3.54,3.47,195636.0,-0.05,-1.42,3.468,3.424,3.399,193190.48,138926.76,120713.96,3.48
2018-05-25,3.47,3.48,3.43,114431.51,-0.03,-0.86,3.478,3.433,3.403,196622.9,144018.33,123213.79,3.46
2018-05-28,3.44,3.45,3.35,153469.02,-0.1,-2.89,3.456,3.433,3.405,201557.24,153284.14,126319.69,3.36
2018-05-29,3.35,3.38,3.33,99636.95,-0.02,-0.59,3.434,3.427,3.405,207541.23,152982.63,126811.29,3.34
2018-05-30,3.32,3.33,3.24,151489.0,-0.08,-2.4,3.38,3.415,3.4,142932.5,156569.26,128076.25,3.26
2018-05-31,3.26,3.29,3.24,100152.41,0.03,0.92,3.34,3.404,3.396,123835.78,158513.13,127751.97,3.28
2018-06-01,3.26,3.3,3.23,87643.41,0.02,0.61,3.308,3.393,3.393,118478.16,157550.53,126250.94,3.3
2018-06-04,3.28,3.32,3.28,60030.08,0.0,0.0,3.296,3.376,3.388,99790.37,150673.81,121940.45,3.3
2018-06-05,3.3,3.32,3.28,47009.01,0.01,0.3,3.29,3.362,3.383,89264.78,148403.01,119538.96,3.31
2018-06-06,3.29,3.3,3.26,79739.55,-0.02,-0.6,3.296,3.338,3.377,74914.89,108923.69,119725.03,3.29
2018-06-07,3.3,3.32,3.28,58319.46,0.01,0.3,3.3,3.32,3.372,66548.3,95192.04,117059.4,3.3
2018-06-08,3.29,3.3,3.21,97295.23,-0.08,-2.42,3.284,3.296,3.365,68478.67,93478.41,118748.37,3.22
2018-06-11,3.22,3.23,3.18,79881.02,-0.05,-1.54,3.262,3.279,3.356,72448.85,86119.61,119701.87,3.19
2018-06-12,3.19,3.21,3.17,59468.34,0.01,0.31,3.24,3.265,3.346,74940.72,82102.75,117542.69,3.2
2018-06-13,3.22,3.22,3.19,61325.43,-0.01,-0.31,3.22,3.258,3.337,71257.9,73086.39,114827.83,3.19
2018-06-14,3.19,3.22,3.18,52993.34,0.02,0.63,3.202,3.251,3.328,70192.67,68370.49,113441.81,3.21
2018-06-15,3.19,3.22,3.17,69298.36,0.01,0.31,3.2,3.242,3.318,64593.3,66535.98,112043.26,3.21
2018-06-19,3.18,3.18,2.96,187661.31,-0.19,-5.94,3.164,3.213,3.295,86149.36,79299.11,114986.46,3.01
2018-06-20,2.98,3.09,2.97,117156.01,0.07,2.33,3.14,3.19,3.276,97686.89,86313.81,117358.41,3.08
2018-06-21,3.08,3.09,3.0,75343.55,-0.07,-2.27,3.104,3.162,3.25,100490.51,85874.21,97398.95,3.01
2018-06-22,3.0,3.04,2.97,87287.33,0.03,1.0,3.07,3.136,3.228,107349.31,88770.99,91981.52,3.04
2018-06-25,3.04,3.06,3.0,63929.42,-0.02,-0.66,3.03,3.115,3.206,106275.52,85434.41,89456.41,3.01
2018-06-26,2.98,3.01,2.96,101323.83,0.0,0.0,3.03,3.097,3.188,89008.03,87578.69,86849.15,3.01
2018-06-27,3.0,3.01,2.98,56922.11,-0.01,-0.33,3.014,3.077,3.171,76961.25,87324.07,84713.41,3.0
2018-06-28,2.98,3.02,2.97,74553.51,0.0,0.0,3.01,3.057,3.158,76803.24,88646.88,80866.64,2.99
2018-06-29,2.98,3.04,2.98,90138.39,0.04,1.34,3.008,3.039,3.145,77373.45,92361.38,80365.93,3.03
2018-07-02,3.03,3.06,2.99,93806.0,-0.03,-0.99,3.006,3.018,3.13,83348.77,94812.15,80674.06,3.0
2018-07-03,3.01,3.05,3.0,78652.95,0.03,1.0,3.012,3.021,3.117,78814.59,83911.31,81605.21,3.04
2018-07-04,3.04,3.08,3.02,132629.8,-0.01,-0.33,3.02,3.017,3.104,93956.13,85458.69,85886.25,3.04
2018-07-05,3.02,3.05,2.99,83663.74,-0.03,-0.99,3.022,3.016,3.089,95778.18,86290.71,86082.46,3.0
2018-07-06,3.0,3.04,2.97,82976.13,0.02,0.67,3.018,3.013,3.075,94345.72,85859.59,87315.29,3.01
2018-07-09,3.02,3.05,3.01,50295.01,0.04,1.33,3.028,3.017,3.066,85643.53,84496.15,84965.28,3.05
2018-07-10,3.04,3.07,3.03,62855.38,0.0,0.0,3.03,3.021,3.059,82484.01,80649.3,84114.0,3.05
2018-07-11,3.04,3.04,2.99,70383.0,-0.05,-1.63,3.024,3.022,3.05,70034.65,81995.39,84659.73,3.01
2018-07-12,3.01,3.05,3.0,81492.57,0.04,1.33,3.034,3.028,3.043,69600.42,82689.3,85668.09,3.05
2018-07-13,3.06,3.08,3.04,59795.0,0.01,0.33,3.044,3.031,3.035,64964.19,79654.96,86008.17,3.06
2018-07-16,3.06,3.07,3.02,52687.01,-0.03,-0.98,3.04,3.034,3.026,65442.59,75543.06,85177.6,3.03
2018-07-17,3.03,3.04,3.01,42160.85,0.0,0.0,3.036,3.033,3.027,61303.69,71893.85,77902.58,3.03
2018-07-18,3.03,3.17,3.03,276375.78,0.09,2.97,3.058,3.041,3.029,102502.24,86268.45,85863.57,3.12
2018-07-19,3.09,3.11,3.06,114021.82,-0.04,-1.29,3.062,3.048,3.032,109008.09,89304.26,87797.48,3.07
2018-07-20,3.07,3.36,3.04,514576.12,0.17,5.54,3.098,3.071,3.042,199964.32,132464.25,109161.92,3.24
2018-07-23,3.22,3.29,3.22,201075.42,0.01,0.31,3.144,3.092,3.055,229642.0,147542.3,116019.22,3.26
2018-07-24,3.27,3.29,3.24,146639.91,0.02,0.61,3.194,3.115,3.068,250537.81,155920.75,118285.03,3.28
2018-07-25,3.28,3.28,3.24,87466.0,-0.04,-1.22,3.218,3.138,3.08,212755.85,157629.05,119812.22,3.24
2018-07-26,3.24,3.31,3.24,131976.62,0.04,1.24,3.26,3.161,3.095,216346.81,162677.45,122683.38,3.28
2018-07-27,3.28,3.32,3.25,99861.54,-0.03,-0.92,3.262,3.18,3.106,133403.9,166684.11,123169.53,3.25
2018-07-30,3.26,3.35,3.25,230689.36,0.08,2.45,3.278,3.211,3.123,139326.69,184484.34,130013.7,3.34
2018-07-31,3.35,3.35,3.3,92549.74,-0.03,-0.9,3.286,3.24,3.137,128508.65,189523.23,130708.54,3.32
2018-08-01,3.32,3.34,3.22,100333.0,-0.08,-2.41,3.286,3.252,3.147,131082.05,171918.95,129093.7,3.24
2018-08-02,3.23,3.23,3.12,148943.88,-0.06,-1.85,3.266,3.263,3.156,134475.5,175411.16,132357.71,3.18
2018-08-03,3.16,3.22,3.15,87439.06,-0.01,-0.31,3.25,3.256,3.164,131991.01,132697.45,132580.85,3.17
2018-08-06,3.16,3.18,3.1,97981.82,-0.04,-1.27,3.206,3.242,3.167,105449.5,122388.09,134965.19,3.12
2018-08-07,3.12,3.21,3.12,89133.1,0.08,2.56,3.182,3.234,3.175,104766.17,116637.41,136279.08,3.2
2018-08-08,3.2,3.24,3.18,83974.76,0.03,0.94,3.178,3.232,3.185,101494.52,116288.29,136958.67,3.22
2018-08-09,3.17,3.25,3.17,116450.48,0.02,0.62,3.19,3.228,3.195,94995.84,114735.67,138706.56,3.24
2018-08-10,3.23,3.24,3.14,166352.41,-0.07,-2.16,3.19,3.22,3.2,110778.51,121384.76,144034.43,3.17
2018-08-13,3.15,3.15,3.11,95429.05,-0.04,-1.26,3.194,3.2,3.206,110267.96,107858.73,146171.54,3.14
2018-08-14,3.13,3.19,3.12,106246.57,0.05,1.6,3.19,3.186,3.213,113690.65,109228.41,149375.82,3.18
2018-08-15,3.17,3.19,3.13,57808.5,-0.05,-1.57,3.172,3.175,3.214,108457.4,104975.96,138447.46,3.13
2018-08-16,3.13,3.14,3.1,64625.58,-0.03,-0.95,3.146,3.168,3.216,98092.42,96544.13,135977.65,3.11
2018-08-17,3.12,3.14,3.06,56902.64,-0.03,-0.96,3.128,3.159,3.208,76202.47,93490.49,113093.97,3.08
2018-08-20,3.06,3.12,3.05,45685.8,0.04,1.3,3.122,3.158,3.2,66253.82,88260.89,105324.49,3.11
2018-08-21,3.12,3.15,3.1,47972.99,0.01,0.32,3.11,3.15,3.192,54599.1,84144.88,100391.15,3.12
2018-08-22,3.12,3.12,3.07,59803.01,-0.04,-1.28,3.1,3.136,3.184,54998.0,81727.7,99008.0,3.08
2018-08-23,3.06,3.11,3.06,37987.5,0.03,0.97,3.1,3.123,3.176,49670.39,73881.41,94308.54,3.11
2018-08-24,3.11,3.14,3.09,65322.73,0.01,0.32,3.108,3.118,3.169,51354.41,63778.44,92581.6,3.12
2018-08-27,3.01,3.07,3.01,80407.0,0.03,0.99,3.098,3.11,3.155,58298.65,62276.23,85067.48,3.06
2018-08-28,3.06,3.09,3.05,67173.01,0.02,0.65,3.09,3.1,3.143,62138.65,58368.88,83798.64,3.08
2018-08-29,3.09,3.12,3.07,95474.44,0.04,1.3,3.098,3.099,3.137,69272.94,62135.47,83555.72,3.12
2018-08-30,3.12,3.15,3.08,95555.04,0.01,0.32,3.102,3.101,3.135,80786.44,65228.42,80886.27,3.13
2018-08-31,3.15,3.17,3.1,134590.61,-0.02,-0.64,3.1,3.104,3.132,94640.02,72997.21,83243.85,3.11
2018-09-03,3.11,3.15,3.07,87747.0,0.03,0.96,3.116,3.107,3.133,96108.02,77203.33,82732.11,3.14
2018-09-04,3.16,3.2,3.12,86872.41,0.03,0.95,3.134,3.112,3.131,100047.9,81093.28,82619.08,3.17
2018-09-05,3.2,3.26,3.17,152054.44,0.01,0.32,3.146,3.122,3.129,111363.9,90318.42,86023.06,3.18
2018-09-06,3.18,3.24,3.17,109156.49,0.04,1.26,3.164,3.133,3.128,114084.19,97435.32,85658.36,3.22
2018-09-07,3.22,3.26,3.18,92044.77,0.0,0.0,3.186,3.143,3.131,105575.02,100107.52,81942.98,3.22
2018-09-10,3.23,3.26,3.19,83922.51,0.01,0.31,3.204,3.16,3.135,104810.12,100459.07,81367.65,3.23
2018-09-11,3.23,3.36,3.22,180650.5,0.07,2.17,3.23,3.182,3.141,123565.74,111806.82,85087.85,3.3
2018-09-12,3.29,3.33,3.26,109280.86,-0.01,-0.3,3.252,3.199,3.149,115011.03,113187.46,87661.47,3.29
2018-09-13,3.3,3.39,3.29,173310.59,0.1,3.04,3.286,3.225,3.163,127841.85,120963.02,93095.72,3.39
2018-09-14,3.42,3.42,3.35,122484.41,0.0,0.0,3.32,3.253,3.179,133929.77,119752.4,96374.81,3.39
2018-09-17,3.4,3.47,3.35,163517.98,0.02,0.59,3.356,3.28,3.194,149848.87,127329.5,102266.41,3.41
2018-09-18,3.38,3.42,3.29,149171.55,-0.04,-1.17,3.37,3.3,3.206,143553.08,133559.41,107326.34,3.37
2018-09-19,3.36,3.4,3.34,109436.37,-0.02,-0.59,3.382,3.317,3.22,143584.18,129297.6,109808.01,3.35
2018-09-20,3.35,3.42,3.35,128774.82,0.04,1.19,3.382,3.334,3.234,134677.03,131259.44,114347.38,3.39
2018-09-21,3.41,3.41,3.35,119011.73,0.01,0.29,3.384,3.352,3.248,133982.49,133956.13,117031.83,3.4
2018-09-25,3.37,3.39,3.32,74692.13,-0.08,-2.35,3.366,3.361,3.261,116217.32,133033.09,116746.08,3.32
2018-09-26,3.34,3.42,3.33,168094.66,0.07,2.11,3.37,3.37,3.276,120001.94,131777.51,121792.17,3.39
2018-09-27,3.42,3.44,3.3,139801.09,-0.06,-1.77,3.366,3.374,3.287,126074.89,134829.53,124008.5,3.33
2018-09-28,3.31,3.4,3.31,114249.3,0.07,2.1,3.368,3.375,3.3,123169.78,128923.4,124943.21,3.4
2018-10-08,3.36,3.36,3.3,122059.59,-0.09,-2.65,3.35,3.367,3.31,123779.35,128880.92,124316.66,3.31
2018-10-09,3.3,3.31,3.25,110381.15,-0.06,-1.81,3.336,3.351,3.316,130917.16,123567.24,125448.37,3.25
2018-10-10,3.25,3.32,3.25,67387.0,0.05,1.54,3.318,3.344,3.322,110775.63,115388.78,124474.1,3.3
2018-10-11,3.25,3.3,3.09,139795.89,-0.16,-4.85,3.28,3.323,3.32,110774.59,118424.74,123861.17,3.14
2018-10-12,3.12,3.25,3.06,115179.42,0.06,1.91,3.24,3.304,3.319,110960.61,117065.2,124162.32,3.2
2018-10-15,3.22,3.3,3.2,111671.29,0.03,0.94,3.224,3.287,3.32,108882.95,116331.15,125143.64,3.23
2018-10-16,3.23,3.25,3.11,96915.39,-0.1,-3.1,3.2,3.268,3.315,106189.8,118553.48,125793.29,3.13
2018-10-17,3.17,3.26,3.13,113664.89,0.12,3.83,3.19,3.254,3.312,115445.38,113110.5,122444.01,3.25
2018-10-18,3.25,3.25,3.08,112234.35,-0.15,-4.62,3.182,3.231,3.303,109933.07,110353.83,122591.68,3.1
2018-10-19,3.1,3.13,3.04,97024.41,0.01,0.32,3.164,3.202,3.289,106302.07,108631.34,118777.37,3.11
2018-10-22,3.12,3.27,3.12,136186.41,0.14,4.5,3.168,3.196,3.282,111205.09,110044.02,119462.47,3.25
2018-10-23,3.25,3.28,3.18,109091.69,-0.05,-1.54,3.182,3.191,3.271,113640.35,109915.07,116741.16,3.2
2018-10-24,3.19,3.29,3.19,132494.67,0.08,2.5,3.188,3.189,3.267,117406.31,116425.84,115907.31,3.28
2018-10-25,3.24,3.25,3.2,92101.71,-0.03,-0.92,3.218,3.2,3.262,113379.78,111656.42,115040.58,3.25
2018-10-26,3.27,3.35,3.25,162819.09,0.08,2.46,3.262,3.213,3.259,126538.71,116420.39,116742.79,3.33
2018-10-29,3.34,3.35,3.23,120812.93,-0.07,-2.1,3.264,3.216,3.252,123464.02,117334.55,116832.85,3.26
2018-10-30,3.26,3.31,3.2,115732.46,0.01,0.31,3.278,3.23,3.249,124792.17,119216.26,118884.87,3.27
2018-10-31,3.27,3.32,3.23,164568.2,0.02,0.61,3.28,3.234,3.244,131206.88,124306.59,118708.55,3.29
2018-11-01,3.31,3.33,3.25,167334.69,-0.03,-0.91,3.282,3.25,3.241,146253.47,129816.63,120085.23,3.26
2018-11-02,3.29,3.35,3.25,204004.52,0.05,1.53,3.278,3.27,3.236,154490.56,140514.64,124572.99,3.31
2018-11-05,3.29,3.3,3.25,138621.38,-0.03,-0.91,3.282,3.273,3.235,158052.25,140758.13,125401.08,3.28
2018-11-06,3.29,3.3,3.23,85046.61,-0.02,-0.61,3.28,3.279,3.235,151915.08,138353.63,124134.35,3.26
2018-11-07,3.26,3.39,3.22,216530.62,0.03,0.92,3.28,3.28,3.235,162307.56,146757.22,131591.53,3.29
2018-11-08,3.3,3.3,3.2,186610.0,-0.07,-2.13,3.272,3.277,3.239,166162.63,156208.05,133932.24,3.22
2018-11-09,3.21,3.22,3.13,155453.5,-0.04,-1.24,3.246,3.262,3.238,156452.42,155471.49,135945.94,3.18
2018-11-12,3.16,3.2,3.14,185925.56,0.01,0.31,3.228,3.255,3.236,165913.26,161982.75,139658.65,3.19
2018-11-13,3.15,3.24,3.14,202808.75,0.04,1.25,3.222,3.251,3.241,189465.69,170690.38,144953.32,3.23
2018-11-14,3.21,3.25,3.18,184516.41,-0.04,-1.24,3.202,3.241,3.238,183062.84,172685.2,148495.9,3.19
2018-11-15,3.18,3.22,3.17,119472.85,0.02,0.63,3.2,3.236,3.243,169635.41,167899.02,148857.82,3.21
2018-11-16,3.22,3.22,3.18,198729.8,-0.01,-0.31,3.204,3.225,3.248,178290.67,167371.55,153943.09,3.2
2018-11-19,3.2,3.2,3.15,179118.38,0.0,0.0,3.206,3.217,3.245,176929.24,171421.25,156089.69,3.2
2018-11-20,3.18,3.21,3.15,147340.92,-0.05,-1.56,3.19,3.206,3.243,165835.67,177650.68,158002.15,3.15
2018-11-21,3.13,3.15,3.11,129069.27,-0.02,-0.64,3.178,3.19,3.235,154746.24,168904.54,157830.88,3.13
2018-11-22,3.13,3.14,3.11,89090.61,0.0,0.0,3.162,3.181,3.229,148669.8,159152.61,157680.33,3.13
2018-11-23,3.12,3.12,3.06,139752.44,-0.06,-1.92,3.136,3.17,3.216,136874.32,157582.5,156527.0,3.07
2018-11-26,3.08,3.1,3.06,50036.82,-0.01,-0.33,3.108,3.157,3.206,111058.01,143993.63,152988.19,3.06
2018-11-27,3.07,3.09,3.06,58923.01,0.01,0.33,3.092,3.141,3.196,93374.43,129605.05,150147.72,3.07
2018-11-28,3.07,3.11,3.04,69228.49,0.02,0.65,3.084,3.131,3.186,81406.27,118076.26,145380.73,3.09
2018-11-29,3.09,3.16,3.09,157503.73,0.01,0.32,3.078,3.12,3.178,95088.9,121879.35,144889.18,3.1
2018-11-30,3.09,3.14,3.09,91264.42,0.04,1.29,3.092,3.114,3.17,85391.29,111132.81,139252.18,3.14
2018-12-03,3.17,3.21,3.15,138425.69,0.05,1.59,3.118,3.113,3.165,103069.07,107063.54,139242.39,3.19
2018-12-04,3.19,3.21,3.17,118569.61,0.01,0.31,3.144,3.118,3.162,114998.39,104186.41,140918.54,3.2
2018-12-05,3.17,3.21,3.17,90582.25,-0.02,-0.62,3.162,3.123,3.157,119269.14,100337.71,134621.13,3.18
2018-12-06,3.18,3.2,3.15,89616.01,-0.01,-0.31,3.176,3.127,3.154,105691.6,100390.25,129771.43,3.17
2018-12-07,3.19,3.19,3.13,65567.6,-0.03,-0.95,3.176,3.134,3.152,100552.23,92971.76,125277.13,3.14
2018-12-10,3.12,3.17,3.11,64556.16,0.01,0.32,3.168,3.143,3.15,85778.33,94423.7,119208.66,3.15
2018-12-11,3.15,3.16,3.11,61691.33,-0.03,-0.95,3.152,3.148,3.145,74402.67,94700.53,112152.79,3.12
2018-12-12,3.12,3.14,3.11,47035.71,-0.01,-0.32,3.138,3.15,3.141,65693.36,92481.25,105278.76,3.11
2018-12-13,3.13,3.16,3.12,78281.03,0.03,0.96,3.132,3.154,3.137,63426.37,84558.98,103219.16,3.14
2018-12-14,3.15,3.16,3.11,75982.7,-0.02,-0.64,3.128,3.152,3.133,65509.39,83030.81,97081.81,3.12
2018-12-17,3.11,3.14,3.1,60457.52,0.0,0.0,3.122,3.145,3.129,64689.66,75233.99,91148.77,3.12
2018-12-18,3.11,3.13,3.1,49208.99,-0.01,-0.32,3.12,3.136,3.127,62193.19,68297.93,86242.17,3.11
2018-12-19,3.11,3.14,3.1,48769.08,0.02,0.64,3.124,3.131,3.127,62539.86,64116.61,82227.16,3.13
2018-12-20,3.12,3.13,3.1,43428.48,-0.01,-0.32,3.12,3.126,3.127,55569.35,59497.86,79944.05,3.12
2018-12-21,3.12,3.12,3.08,58402.11,-0.02,-0.64,3.116,3.122,3.128,52053.24,58781.31,75876.54,3.1
2018-12-24,3.09,3.12,3.07,54748.48,0.0,0.0,3.112,3.117,3.13,50911.43,57800.54,76112.12,3.1
2018-12-25,3.09,3.09,3.04,81445.13,-0.02,-0.65,3.106,3.113,3.131,57358.66,59775.92,77238.23,3.08
2018-12-26,3.08,3.08,3.0,124587.14,-0.03,-0.97,3.09,3.107,3.129,72522.27,67531.07,80006.16,3.05
2018-12-27,3.06,3.12,3.03,188960.7,0.04,1.31,3.084,3.102,3.128,101628.71,78599.03,81579.01,3.09
2018-12-28,3.07,3.17,3.06,149704.97,0.06,1.94,3.094,3.105,3.129,119889.28,85971.26,84501.03,3.15
2019-01-02,3.15,3.17,3.12,84373.35,-0.02,-0.64,3.1,3.106,3.126,125814.26,88362.84,81798.42,3.13
2019-01-03,3.15,3.19,3.11,74825.85,0.0,0.0,3.11,3.108,3.122,124490.4,90924.53,79611.23,3.13
2019-01-04,3.15,3.19,3.12,110768.23,0.05,1.6,3.136,3.113,3.122,121726.62,97124.44,80620.53,3.18
2019-01-07,3.2,3.24,3.18,128010.65,0.04,1.26,3.162,3.123,3.125,109536.61,105582.66,82540.26,3.22
2019-01-08,3.2,3.25,3.2,90586.57,0.01,0.31,3.178,3.136,3.129,97712.93,108801.11,83791.21,3.23
2019-01-09,3.24,3.28,3.2,111704.94,-0.03,-0.93,3.192,3.146,3.132,103179.25,114496.75,86148.65,3.2
2019-01-10,3.19,3.22,3.18,69445.11,-0.01,-0.31,3.204,3.157,3.135,102103.1,113296.75,86536.34,3.19
2019-01-11,3.19,3.2,3.17,59044.31,0.01,0.31,3.208,3.172,3.14,91758.32,106742.47,87136.77,3.2
2019-01-14,3.18,3.19,3.15,54358.0,-0.03,-0.94,3.198,3.18,3.141,77027.79,93282.2,85940.62,3.17
2019-01-15,3.15,3.19,3.15,66903.21,0.02,0.63,3.19,3.184,3.145,72291.11,85002.02,85486.64,3.19
2019-01-16,3.19,3.2,3.14,76052.87,-0.02,-0.63,3.184,3.188,3.147,65160.7,84169.97,86266.41,3.17
2019-01-17,3.15,3.18,3.15,49601.9,-0.01,-0.32,3.178,3.191,3.15,61192.06,81647.58,86286.05,3.16
2019-01-18,3.17,3.19,3.15,62676.98,0.02,0.63,3.174,3.191,3.152,61918.59,76838.45,86981.45,3.18
2019-01-21,3.18,3.19,3.16,54849.11,-0.01,-0.31,3.174,3.186,3.155,62016.81,69522.3,87552.48,3.17
2019-01-22,3.17,3.17,3.13,51792.91,-0.04,-1.26,3.162,3.176,3.156,58994.75,65642.93,87222.02,3.13
2019-01-23,3.12,3.14,3.09,62373.53,-0.03,-0.96,3.148,3.166,3.156,56258.89,60709.79,87603.27,3.1
2019-01-24,3.13,3.13,3.06,70112.11,0.0,0.0,3.136,3.157,3.157,60360.93,60776.49,87036.62,3.1
2019-01-25,3.1,3.12,3.08,61669.0,-0.01,-0.32,3.118,3.146,3.159,60159.33,61038.96,83890.72,3.09
2019-01-28,3.09,3.13,3.07,67876.0,0.0,0.0,3.102,3.138,3.159,62764.71,62390.76,77836.48,3.09
2019-01-29,3.09,3.09,3.05,76346.18,-0.02,-0.65,3.09,3.126,3.155,67675.36,63335.06,74168.54,3.07
2019-01-30,3.06,3.07,3.05,53424.61,-0.01,-0.33,3.082,3.115,3.152,65885.58,61072.23,72621.1,3.06
2019-01-31,3.07,3.08,3.03,76439.5,-0.01,-0.33,3.072,3.104,3.148,67151.06,63755.99,72701.79,3.05
2019-02-01,3.05,3.08,3.05,97918.58,0.03,0.98,3.07,3.094,3.143,74400.97,67280.15,72059.3,3.08
2019-02-11,3.08,3.11,3.06,98437.93,0.03,0.97,3.074,3.088,3.137,80513.36,71639.04,70580.67,3.11
2019-02-12,3.1,3.13,3.09,109412.81,0.02,0.64,3.086,3.088,3.132,87126.69,77401.03,71521.98,3.13
2019-02-13,3.13,3.16,3.12,168799.3,0.02,0.64,3.104,3.093,3.13,110201.62,88043.6,74376.7,3.15
2019-02-14,3.15,3.17,3.13,118580.34,-0.01,-0.32,3.122,3.097,3.127,118629.79,92890.43,76833.46,3.14
2019-02-15,3.14,3.17,3.12,221141.14,-0.02,-0.64,3.13,3.1,3.123,143274.3,108837.64,84938.3,3.12
2019-02-18,3.12,3.18,3.12,359510.62,0.06,1.92,3.144,3.109,3.124,195488.84,138001.1,100195.93,3.18
2019-02-19,3.19,3.2,3.16,203823.3,0.0,0.0,3.154,3.12,3.123,214370.94,150748.81,107041.94,3.18
2019-02-20,3.17,3.2,3.16,161119.0,0.02,0.63,3.164,3.134,3.125,212834.88,161518.25,111295.24,3.2
2019-02-21,3.19,3.21,3.15,222501.2,-0.04,-1.25,3.168,3.145,3.125,233619.05,176124.42,119940.21,3.16
2019-02-22,3.17,3.2,3.15,128470.84,0.04,1.27,3.184,3.157,3.126,215084.99,179179.65,123229.9,3.2
2019-02-25,3.2,3.33,3.19,450542.47,0.13,4.06,3.214,3.179,3.134,233291.36,214390.1,143014.57,3.33
2019-02-26,3.32,3.44,3.29,489632.72,0.01,0.3,3.246,3.2,3.144,290453.25,252412.09,164906.56,3.34
2019-02-27,3.35,3.42,3.34,387565.38,0.04,1.2,3.282,3.223,3.158,335742.52,274288.7,181166.15,3.38
2019-02-28,3.38,3.39,3.34,192592.23,-0.03,-0.89,3.32,3.244,3.171,329760.73,281689.89,187290.16,3.35
2019-03-01,3.36,3.37,3.32,194541.97,0.02,0.6,3.354,3.269,3.185,342974.95,279029.97,193933.81,3.37
2019-03-04,3.37,3.44,3.36,376241.97,0.02,0.59,3.366,3.29,3.2,328114.85,280703.11,209352.1,3.39
2019-03-05,3.38,3.46,3.36,305316.97,0.06,1.77,3.388,3.317,3.219,291251.7,290852.48,220800.64,3.45
2019-03-06,3.5,3.56,3.47,435815.41,0.09,2.61,3.42,3.351,3.243,300901.71,318322.12,239920.18,3.54
2019-03-07,3.53,3.61,3.5,392330.47,0.03,0.85,3.464,3.392,3.269,340849.36,335305.04,255714.73,3.57
2019-03-08,3.53,3.53,3.37,327028.62,-0.19,-5.32,3.466,3.41,3.284,367346.69,355160.82,267170.23,3.38
2019-03-11,3.38,3.52,3.38,268092.75,0.14,4.14,3.492,3.429,3.304,345716.84,336915.85,275652.98,3.52
2019-03-12,3.55,3.68,3.5,477754.0,0.05,1.42,3.516,3.452,3.326,380204.25,335727.98,294070.04,3.57
2019-03-13,3.55,3.56,3.48,271953.66,-0.08,-2.24,3.506,3.463,3.343,347431.9,324166.81,299227.75,3.49
2019-03-14,3.48,3.53,3.39,182049.28,-0.08,-2.29,3.474,3.469,3.357,305375.66,323112.51,302401.2,3.41
2019-03-15,3.43,3.47,3.4,160804.14,0.01,0.29,3.482,3.474,3.372,272130.77,319738.73,299384.35,3.42
2019-03-18,3.43,3.5,3.42,178942.16,0.07,2.05,3.476,3.484,3.387,254300.65,300008.75,290355.93,3.49
2019-03-19,3.51,3.56,3.48,194113.55,0.02,0.57,3.464,3.49,3.404,197572.56,288888.4,289870.44,3.51
2019-03-20,3.49,3.51,3.42,198163.97,-0.03,-0.85,3.462,3.484,3.418,182814.62,265123.26,291722.69,3.48
2019-03-21,3.47,3.52,3.45,204902.19,0.01,0.29,3.478,3.476,3.434,187385.2,246380.43,290842.74,3.49
2019-03-22,3.49,3.55,3.47,246282.73,0.06,1.72,3.504,3.493,3.452,204480.92,238305.84,296733.33,3.55
2019-03-25,3.51,3.52,3.48,205153.12,-0.05,-1.41,3.506,3.491,3.46,209723.11,232011.88,284463.86,3.5
2019-03-26,3.5,3.5,3.39,231797.83,-0.1,-2.86,3.484,3.474,3.463,217259.97,207416.26,271572.12,3.4
2019-03-27,3.4,3.42,3.35,141222.83,-0.03,-0.88,3.462,3.462,3.463,205871.74,194343.18,259254.99,3.37
2019-03-28,3.37,3.37,3.33,122928.12,-0.03,-0.89,3.432,3.455,3.462,189476.93,188431.06,255771.79,3.34
2019-03-29,3.34,3.42,3.33,162152.52,0.08,2.4,3.406,3.455,3.465,172650.88,188565.9,254152.31,3.42
2019-04-01,3.42,3.52,3.41,283639.84,0.07,2.05,3.404,3.455,3.47,188348.23,199035.67,249522.21,3.49
2019-04-02,3.51,3.52,3.47,218540.12,0.01,0.29,3.424,3.454,3.472,185696.69,201478.33,245183.37,3.5
2019-04-03,3.5,3.52,3.46,208850.11,0.02,0.57,3.454,3.458,3.471,199222.14,202546.94,233835.1,3.52
2019-04-04,3.52,3.59,3.52,312883.03,0.03,0.85,3.496,3.464,3.47,237213.12,213345.03,229862.73,3.55
2019-04-08,3.56,3.57,3.48,241640.41,-0.01,-0.28,3.52,3.463,3.478,253110.7,212880.79,225593.32,3.54
2019-04-09,3.53,3.55,3.5,169514.91,-0.01,-0.28,3.528,3.466,3.479,230285.72,209316.97,220664.43,3.53
2019-04-10,3.51,3.53,3.48,196914.95,-0.04,-1.13,3.526,3.475,3.475,225960.68,205828.68,206622.47,3.49
2019-04-11,3.48,3.55,3.48,295255.06,0.04,1.15,3.528,3.491,3.477,243241.67,221231.91,207787.54,3.53
2019-04-12,3.51,3.58,3.48,348573.62,0.03,0.85,3.53,3.513,3.484,250379.79,243796.46,216113.76,3.56
2019-04-15,3.59,3.62,3.49,311414.41,-0.07,-1.97,3.52,3.52,3.488,264334.59,258722.65,223644.27,3.49
2019-04-16,3.48,3.54,3.43,237801.44,0.04,1.15,3.52,3.524,3.49,277991.9,254138.81,226587.24,3.53
2019-04-17,3.51,3.55,3.51,197781.86,0.0,0.0,3.528,3.527,3.491,278165.28,252062.98,226770.65,3.53
2019-04-18,3.53,3.57,3.51,206159.44,0.01,0.28,3.53,3.529,3.494,260346.15,251793.91,227170.43,3.54
2019-04-19,3.51,3.55,3.5,166131.34,0.01,0.28,3.528,3.529,3.497,223857.7,237118.74,225231.88,3.55
2019-04-22,3.55,3.56,3.48,210982.66,-0.06,-1.69,3.528,3.524,3.494,203771.35,234052.97,223466.88,3.49
2019-04-23,3.5,3.51,3.44,173755.11,-0.04,-1.15,3.512,3.516,3.491,190962.08,234476.99,221896.98,3.45
2019-04-24,3.45,3.48,3.42,129667.84,0.01,0.29,3.498,3.513,3.494,177339.28,227752.28,216790.48,3.46
2019-04-25,3.46,3.47,3.38,139777.44,-0.06,-1.73,3.47,3.5,3.496,164062.88,212204.52,216718.21,3.4
2019-04-26,3.4,3.4,3.32,172692.41,-0.07,-2.06,3.426,3.477,3.495,165375.09,194616.4,219206.43,3.33
2019-04-29,3.33,3.34,3.28,139402.3,-0.04,-1.2,3.386,3.457,3.489,151059.02,177415.18,218068.92,3.29
2019-04-30,3.29,3.37,3.28,134006.78,0.03,0.91,3.36,3.436,3.48,143109.35,167035.72,210587.26,3.32
2019-05-06,3.26,3.27,3.13,229325.16,-0.17,-5.12,3.298,3.398,3.463,163040.82,170190.05,211126.51,3.15
2019-05-07,3.14,3.21,3.14,200802.67,0.04,1.27,3.256,3.363,3.446,175245.86,169654.37,210724.14,3.19
2019-05-08,3.16,3.2,3.15,78834.43,-0.01,-0.31,3.226,3.326,3.428,156474.27,160924.68,199021.71,3.18
2019-05-09,3.16,3.18,3.15,81218.18,-0.02,-0.63,3.2,3.293,3.409,144837.44,147948.23,191000.6,3.16
2019-05-10,3.17,3.22,3.16,115246.54,0.05,1.58,3.178,3.269,3.393,141085.4,142097.38,188287.18,3.21
2019-05-13,3.19,3.2,3.17,69619.28,-0.03,-0.94,3.184,3.241,3.377,109144.22,136092.52,181922.4,3.18
2019-05-14,3.16,3.19,3.15,61118.22,-0.02,-0.63,3.178,3.217,3.359,81207.33,128226.6,170215.56,3.16
2019-05-15,3.16,3.21,3.16,105736.42,0.05,1.58,3.184,3.205,3.341,86587.73,121531.0,158073.7,3.21
2019-05-16,3.19,3.22,3.18,76271.99,0.0,0.0,3.194,3.197,3.327,85598.49,115217.97,146316.58,3.21
2019-05-17,3.21,3.21,3.15,82169.59,-0.06,-1.87,3.182,3.18,3.308,78983.1,110034.25,138534.98,3.15
2019-05-20,3.15,3.16,3.11,64779.74,-0.01,-0.32,3.174,3.179,3.289,78015.19,93579.71,131884.88,3.14
2019-05-21,3.14,3.18,3.13,58296.41,0.03,0.95,3.176,3.177,3.27,77450.83,79329.08,124491.73,3.17
2019-05-22,3.17,3.18,3.12,79923.43,-0.02,-0.63,3.164,3.174,3.25,72288.23,79437.98,120181.33,3.15
2019-05-23,3.13,3.17,3.11,75967.27,-0.02,-0.64,3.148,3.171,3.232,72227.29,78912.89,113430.56,3.13
2019-05-24,3.13,3.15,3.11,55627.15,-0.01,-0.32,3.142,3.162,3.216,66918.8,72950.95,107524.16,3.12
2019-05-27,3.12,3.16,3.11,85551.29,0.03,0.96,3.144,3.159,3.2,71073.11,74544.15,105318.34,3.15
2019-05-28,3.15,3.17,3.14,76168.2,-0.01,-0.32,3.138,3.157,3.187,74647.47,76049.15,102137.87,3.14
2019-05-29,3.13,3.18,3.13,89249.01,0.01,0.32,3.138,3.151,3.178,76512.58,74400.41,97965.7,3.15
2019-05-30,3.15,3.16,3.12,70293.5,0.01,0.32,3.144,3.146,3.172,75377.83,73802.56,94510.26,3.16
2019-05-31,3.16,3.19,3.15,93639.79,0.01,0.32,3.154,3.148,3.164,82980.36,74949.58,92491.91,3.17
2019-06-03,3.16,3.21,3.15,123900.34,0.02,0.63,3.162,3.153,3.166,90650.17,80861.64,87220.67,3.19
2019-06-04,3.19,3.2,3.14,90778.15,-0.04,-1.25,3.164,3.151,3.164,93572.16,84109.81,81719.45,3.15
2019-06-05,3.16,3.2,3.15,103059.11,0.01,0.32,3.166,3.152,3.163,96334.18,86423.38,82930.68,3.16
2019-06-06,3.17,3.18,3.14,69896.43,0.0,0.0,3.166,3.155,3.163,96254.76,85816.3,82364.59,3.16
2019-06-10,3.16,3.17,3.13,99988.09,-0.01,-0.32,3.162,3.158,3.16,97524.42,90252.39,81601.67,3.15
2019-06-11,3.15,3.2,3.13,186814.56,0.05,1.59,3.164,3.163,3.161,110107.27,100378.72,87461.43,3.2
2019-06-12,3.18,3.19,3.15,158704.06,-0.04,-1.25,3.166,3.165,3.161,123692.45,108632.3,92340.73,3.16
2019-06-13,3.16,3.17,3.13,137587.7,-0.01,-0.32,3.164,3.165,3.158,130598.17,113466.17,93933.29,3.15
2019-06-14,3.15,3.16,3.09,240514.94,-0.06,-1.91,3.15,3.158,3.152,164721.87,130488.32,102145.44,3.09
2019-06-17,3.09,3.11,3.03,162597.8,-0.02,-0.65,3.134,3.148,3.148,177243.81,137384.12,106166.85,3.07
2019-06-18,3.05,3.07,3.03,111358.0,-0.02,-0.65,3.104,3.134,3.144,162152.5,136129.88,108495.76,3.05
2019-06-19,3.07,3.09,3.06,126887.23,0.01,0.33,3.084,3.125,3.138,155789.13,139740.79,111925.3,3.06
2019-06-20,3.06,3.13,3.06,163027.89,0.05,1.63,3.076,3.12,3.136,160877.17,145737.67,116080.53,3.11
2019-06-21,3.12,3.14,3.11,184779.0,0.01,0.32,3.082,3.116,3.136,149729.98,157225.93,121521.11,3.12
2019-06-24,3.12,3.14,3.1,167717.56,0.0,0.0,3.092,3.113,3.136,150753.94,163998.87,127125.63,3.12
2019-06-25,3.11,3.13,3.08,111701.96,-0.02,-0.64,3.102,3.103,3.133,150822.73,156487.61,128433.17,3.1
2019-06-26,3.1,3.11,3.09,77862.25,0.0,0.0,3.11,3.097,3.131,141017.73,148403.43,128517.87,3.1
2019-06-27,3.1,3.13,3.09,66044.78,0.0,0.0,3.108,3.092,3.129,121621.11,141249.14,127357.66,3.1
2019-06-28,3.09,3.13,3.08,133380.52,-0.01,-0.32,3.102,3.092,3.125,111341.41,130535.7,130512.01,3.09
2019-07-01,3.11,3.13,3.1,126740.14,0.04,1.29,3.104,3.098,3.123,103145.93,126949.93,132167.03,3.13
2019-07-02,3.12,3.13,3.11,77044.0,0.0,0.0,3.11,3.106,3.12,96214.34,123518.53,129824.21,3.13
2019-07-03,3.12,3.12,3.08,82295.18,-0.03,-0.96,3.11,3.11,3.118,97100.92,119059.33,129400.06,3.1
2019-07-04,3.1,3.11,3.08,73288.37,-0.01,-0.32,3.108,3.108,3.114,98549.64,110085.38,127911.52,3.09
2019-07-05,3.09,3.09,3.07,56414.18,0.0,0.0,3.108,3.105,3.111,83156.37,97248.89,127237.41,3.09
2019-07-08,3.08,3.09,3.01,141308.53,-0.06,-1.94,3.088,3.096,3.105,86070.05,94607.99,129303.43,3.03
2019-07-09,3.02,3.03,3.01,76485.0,-0.01,-0.33,3.066,3.088,3.096,85958.25,91086.3,123786.95,3.02
2019-07-10,3.03,3.03,3.0,67338.0,-0.01,-0.33,3.048,3.079,3.088,82966.82,90033.87,119218.65,3.01
2019-07-11,3.02,3.04,3.01,63582.85,0.0,0.0,3.032,3.07,3.081,81025.71,89787.68,115518.41,3.01
2019-07-12,3.01,3.02,3.0,62267.04,0.0,0.0,3.016,3.062,3.077,82196.28,82676.33,106606.01,3.01
2019-07-15,3.01,3.02,2.98,78446.65,0.01,0.33,3.014,3.051,3.075,69623.91,77846.98,102398.46,3.02
2019-07-16,3.02,3.02,3.01,30858.0,0.0,0.0,3.014,3.04,3.073,60498.51,73228.38,98373.46,3.02
2019-07-17,3.01,3.02,2.99,64391.16,-0.02,-0.66,3.012,3.03,3.07,59909.14,71437.98,95248.65,3.0
2019-07-18,2.99,3.0,2.98,67764.02,-0.01,-0.33,3.008,3.02,3.064,60745.37,70885.54,90485.46,2.99
2019-07-19,2.99,3.01,2.98,48881.0,0.01,0.33,3.006,3.011,3.058,58068.17,70132.23,83690.56,3.0
2019-07-22,3.0,3.01,2.96,83318.21,-0.03,-1.0,2.996,3.005,3.051,59042.48,64333.19,79470.59,2.97
2019-07-23,2.97,2.98,2.96,65491.62,0.0,0.0,2.986,3.0,3.044,65969.2,63233.86,77160.08,2.97
2019-07-24,2.97,3.0,2.96,98337.78,0.02,0.67,2.984,2.998,3.039,72758.53,66333.83,78183.85,2.99
2019-07-25,2.99,3.0,2.97,72441.39,0.0,0.0,2.984,2.996,3.033,73694.0,67219.69,78503.68,2.99
2019-07-26,2.99,3.01,2.98,58095.72,0.01,0.33,2.984,2.995,3.029,75536.94,66802.56,74739.44,3.0
2019-07-29,3.01,3.02,3.0,62332.18,0.02,0.67,2.994,2.995,3.023,71339.74,65191.11,71519.04,3.02
2019-07-30,3.02,3.03,3.01,74580.92,0.0,0.0,3.004,2.995,3.018,73157.6,69563.4,71395.89,3.02
2019-07-31,3.03,3.03,2.99,52860.22,-0.02,-0.66,3.006,2.995,3.013,64062.09,68410.31,69924.14,3.0
2019-08-01,3.0,3.0,2.97,87556.01,-0.01,-0.33,3.006,2.995,3.008,67085.01,70389.51,70637.52,2.99
2019-08-02,2.97,2.98,2.93,140189.02,-0.04,-1.34,2.996,2.99,3.001,83503.67,79520.31,74826.27,2.95
2019-08-05,2.95,2.98,2.92,86880.63,-0.01,-0.34,2.98,2.987,2.996,88413.36,79876.55,72104.87,2.94
2019-08-06,2.92,2.92,2.83,151078.0,-0.09,-3.06,2.946,2.975,2.988,103712.78,88435.19,75834.52,2.85
2019-08-07,2.86,2.89,2.84,72119.0,0.01,0.35,2.918,2.962,2.98,107564.53,85813.31,76073.57,2.86
2019-08-08,2.86,2.87,2.84,61010.26,-0.01,-0.35,2.89,2.948,2.972,102255.38,84670.2,75944.94,2.85
2019-08-09,2.86,2.87,2.81,62211.69,-0.03,-1.05,2.864,2.93,2.963,86659.92,85081.79,75942.17,2.82
2019-08-12,2.81,2.82,2.78,137485.02,-0.01,-0.35,2.838,2.909,2.952,96780.79,92597.08,78894.09,2.81
2019-08-13,2.8,2.81,2.79,53850.44,-0.01,-0.36,2.828,2.887,2.941,77335.28,90524.03,80043.71,2.8
2019-08-14,2.81,2.83,2.8,42086.44,0.01,0.36,2.818,2.868,2.932,71328.77,89446.65,78928.48,2.81
2019-08-15,2.78,2.82,2.76,74736.5,0.01,0.36,2.812,2.851,2.923,74074.02,88164.7,79277.1,2.82
2019-08-16,2.81,2.83,2.8,56269.29,0.0,0.0,2.812,2.838,2.914,72885.54,79772.73,79646.52,2.82
2019-08-19,2.83,2.87,2.83,81364.0,0.04,1.42,2.822,2.83,2.909,61661.33,79221.06,79548.81,2.86
2019-08-20,2.87,2.91,2.86,123186.98,0.04,1.4,2.842,2.835,2.905,75528.64,76431.96,82433.57,2.9
2019-08-21,2.9,2.92,2.88,65123.94,0.0,0.0,2.86,2.839,2.901,80136.14,75732.46,80772.88,2.9
2019-08-22,2.89,2.91,2.87,83693.0,-0.01,-0.34,2.874,2.843,2.896,81927.44,78000.73,81335.46,2.89
2019-08-23,2.79,2.8,2.77,70902.0,-0.02,-0.72,2.864,2.838,2.884,84853.98,78869.76,81975.78,2.77
2019-08-26,2.73,2.74,2.7,90166.77,-0.06,-2.17,2.834,2.828,2.869,86614.54,74137.94,83367.51,2.71
2019-08-27,2.72,2.76,2.71,67450.53,0.04,1.48,2.804,2.823,2.855,75467.25,75497.95,83010.99,2.75
2019-08-28,2.76,2.76,2.74,61587.45,0.0,0.0,2.774,2.817,2.843,74759.95,77448.05,83447.35,2.75
2019-08-29,2.75,2.76,2.72,76172.37,-0.02,-0.73,2.742,2.808,2.83,73255.82,77591.63,82878.17,2.73
2019-08-30,2.74,2.75,2.71,61487.0,-0.01,-0.37,2.732,2.798,2.818,71372.82,78113.4,78943.07,2.72
2019-09-02,2.71,2.75,2.7,92784.18,0.03,1.1,2.74,2.787,2.809,71896.31,79255.42,79238.24,2.75
2019-09-03,2.75,2.75,2.73,62433.0,-0.01,-0.36,2.738,2.771,2.803,70892.8,73180.02,74805.99,2.74
2019-09-04,2.73,2.76,2.73,112048.24,0.01,0.36,2.738,2.756,2.798,80984.96,77872.45,76802.46,2.75
2019-09-05,2.76,2.82,2.75,246049.47,0.04,1.46,2.75,2.746,2.795,114960.38,94108.1,86054.42,2.79
2019-09-06,2.79,2.8,2.76,89331.0,-0.01,-0.36,2.762,2.747,2.793,120529.18,95951.0,87410.38,2.78
2019-09-09,2.79,2.8,2.78,82398.26,0.02,0.72,2.772,2.756,2.792,118451.99,95174.15,84656.04,2.8
2019-09-10,2.81,2.81,2.79,72661.78,0.01,0.36,2.786,2.762,2.793,120497.75,95695.28,85596.61,2.81
2019-09-11,2.81,2.81,2.78,93057.25,-0.03,-1.07,2.792,2.765,2.791,116699.55,98842.26,88145.15,2.78
2019-09-12,2.79,2.8,2.78,96319.27,0.02,0.72,2.794,2.772,2.79,86753.51,100856.95,89224.29,2.8
2019-09-16,2.8,2.82,2.78,135910.52,0.0,0.0,2.798,2.78,2.789,96069.42,108299.3,93206.35,2.8
2019-09-17,2.8,2.8,2.74,107049.06,-0.05,-1.79,2.788,2.78,2.784,100999.58,109725.79,94490.6,2.75
2019-09-18,2.75,2.76,2.72,114430.37,-0.01,-0.36,2.774,2.78,2.776,109353.29,114925.52,94052.77,2.74
2019-09-19,2.74,2.75,2.73,56649.11,0.01,0.36,2.768,2.78,2.768,102071.67,109385.61,93629.03,2.75
2019-09-20,2.75,2.75,2.73,98951.87,-0.01,-0.36,2.756,2.775,2.761,102598.19,94675.85,94391.98,2.74
2019-09-23,2.74,2.75,2.71,58360.64,-0.02,-0.73,2.74,2.769,2.758,87088.21,91578.81,93764.91,2.72
2019-09-24,2.72,2.74,2.71,46319.0,0.0,0.0,2.734,2.761,2.759,74942.2,87970.89,91572.52,2.72
2019-09-25,2.72,2.73,2.7,69722.65,0.0,0.0,2.73,2.752,2.757,66000.65,87676.97,91686.12,2.72
2019-09-26,2.72,2.73,2.69,70617.96,-0.03,-1.1,2.718,2.743,2.754,68794.42,85433.05,92137.65,2.69
2019-09-27,2.69,2.7,2.68,68583.42,0.01,0.37,2.71,2.733,2.753,62720.73,82659.46,91758.2,2.7
2019-09-30,2.69,2.7,2.68,49286.87,-0.02,-0.74,2.702,2.721,2.751,60905.98,73997.1,91148.2,2.68
2019-10-08,2.69,2.69,2.67,51954.0,0.0,0.0,2.694,2.714,2.747,62032.98,68487.59,89106.69,2.68
2019-10-09,2.67,2.68,2.65,64957.05,0.0,0.0,2.686,2.708,2.744,61079.86,63540.26,89232.89,2.68
2019-10-10,2.68,2.7,2.67,60764.66,0.01,0.37,2.686,2.702,2.741,59109.2,63951.81,86668.71,2.69
2019-10-11,2.69,2.71,2.68,68522.66,0.0,0.0,2.684,2.697,2.736,59097.05,60908.89,77792.37,2.69
2019-10-14,2.71,2.73,2.7,106788.9,0.03,1.11,2.692,2.697,2.733,70597.45,65751.72,78665.27,2.72
2019-10-15,2.72,2.72,2.7,56924.68,-0.01,-0.37,2.698,2.696,2.729,71591.59,66812.29,77391.59,2.71
2019-10-16,2.71,2.73,2.69,116645.42,0.01,0.37,2.706,2.696,2.724,81929.26,71504.56,79590.77,2.72
2019-10-17,2.72,2.72,2.69,45125.0,-0.02,-0.73,2.708,2.697,2.72,78801.33,68955.27,77194.16,2.7
2019-10-18,2.7,2.7,2.66,88281.64,-0.03,-1.11,2.704,2.694,2.714,82753.13,70925.09,76792.27,2.67
2019-10-21,2.67,2.67,2.62,81092.77,-0.04,-1.5,2.686,2.689,2.705,77613.9,74105.68,74051.39,2.63
2019-10-22,2.63,2.64,2.61,80338.47,0.01,0.38,2.672,2.685,2.7,82296.66,76944.13,72715.86,2.64
2019-10-23,2.63,2.63,2.61,76686.91,-0.02,-0.76,2.652,2.679,2.694,74304.96,78117.11,70828.68,2.62
2019-10-24,2.62,2.62,2.59,82304.44,-0.01,-0.38,2.634,2.671,2.687,81740.85,80271.09,72111.45,2.61
2019-10-25,2.6,2.62,2.58,100472.98,0.0,0.0,2.622,2.663,2.68,84179.11,83466.12,72187.51,2.61
2019-10-28,2.61,2.62,2.6,110053.39,0.01,0.38,2.62,2.653,2.675,89971.24,83792.57,74772.14,2.62
2019-10-29,2.62,2.62,2.58,80641.42,-0.03,-1.15,2.61,2.641,2.669,90031.83,86164.24,76488.26,2.59
2019-10-30,2.58,2.59,2.52,126143.0,-0.06,-2.32,2.592,2.622,2.659,99923.05,87114.0,79309.28,2.53
2019-10-31,2.53,2.53,2.5,103227.62,-0.03,-1.19,2.57,2.602,2.65,104107.68,92924.26,80939.77,2.5
2019-11-01,2.5,2.52,2.49,59194.54,0.01,0.4,2.55,2.586,2.64,95851.99,90015.55,80470.32,2.51
2019-11-04,2.52,2.53,2.5,72148.0,0.0,0.0,2.528,2.574,2.632,88270.92,89121.08,81613.38,2.51
2019-11-05,2.51,2.53,2.5,99247.5,0.02,0.8,2.516,2.563,2.624,91992.13,91011.98,83978.05,2.53
2019-11-06,2.51,2.52,2.5,60596.59,-0.02,-0.79,2.512,2.552,2.616,78882.85,89402.95,83760.03,2.51
2019-11-07,2.51,2.52,2.49,49269.0,-0.01,-0.4,2.512,2.541,2.606,68091.13,86099.4,83185.25,2.5
2019-11-08,2.51,2.52,2.5,43013.42,0.0,0.0,2.51,2.53,2.597,64854.9,80353.45,81909.78,2.5
2019-11-11,2.49,2.49,2.42,109746.0,-0.08,-3.2,2.492,2.51,2.582,72374.5,80322.71,82057.64,2.42
2019-11-12,2.43,2.43,2.4,72054.0,0.0,0.0,2.47,2.493,2.567,66935.8,79463.97,82814.11,2.42
2019-11-13,2.42,2.42,2.38,85112.75,-0.03,-1.24,2.446,2.479,2.551,71839.03,75360.94,81237.47,2.39
2019-11-14,2.39,2.4,2.37,64285.46,0.0,0.0,2.424,2.468,2.535,74842.33,71466.73,82195.5,2.39
2019-11-15,2.39,2.39,2.36,76644.1,-0.02,-0.84,2.398,2.454,2.52,81568.46,73211.68,81613.62,2.37
2019-11-18,2.37,2.4,2.36,76526.75,0.03,1.27,2.394,2.443,2.509,74924.61,73649.56,81385.32,2.4
2019-11-19,2.4,2.41,2.39,73061.06,0.01,0.42,2.392,2.431,2.497,75126.02,71030.91,81021.45,2.41
2019-11-20,2.4,2.42,2.39,73102.95,-0.01,-0.41,2.394,2.42,2.486,72724.06,72281.55,80842.25,2.4
2019-11-21,2.4,2.41,2.38,69883.17,0.0,0.0,2.396,2.41,2.476,73843.61,74342.97,80221.19,2.4
2019-11-22,2.4,2.44,2.4,113125.05,0.02,0.83,2.406,2.402,2.466,81139.8,81354.13,80853.79,2.42
2019-11-25,2.42,2.5,2.41,151710.12,0.07,2.89,2.424,2.409,2.46,96176.47,85550.54,82936.63,2.49
2019-11-26,2.5,2.51,2.45,109058.07,-0.03,-1.21,2.434,2.413,2.453,103375.87,89250.95,84357.46,2.46
2019-11-27,2.45,2.46,2.43,49106.0,-0.01,-0.41,2.444,2.419,2.449,98576.48,85650.27,80505.61,2.45
2019-11-28,2.45,2.46,2.43,56780.5,-0.01,-0.41,2.452,2.424,2.446,95955.95,84899.78,78183.25,2.44
2019-11-29,2.42,2.43,2.41,63665.33,-0.02,-0.82,2.452,2.429,2.442,86064.0,83601.9,78406.79,2.42
2019-12-02,2.42,2.44,2.4,64700.94,-0.01,-0.41,2.436,2.43,2.437,68662.17,82419.32,78034.44,2.41
2019-12-03,2.41,2.44,2.39,109196.24,0.02,0.83,2.43,2.432,2.432,68689.8,86032.84,78531.88,2.43
2019-12-04,2.42,2.45,2.41,69129.46,0.01,0.41,2.428,2.436,2.428,72694.49,85635.49,78958.52,2.44
2019-12-05,2.43,2.46,2.43,49615.16,0.02,0.82,2.432,2.442,2.426,71261.43,83608.69,78975.83,2.46
2019-12-06,2.46,2.46,2.43,50259.2,-0.02,-0.81,2.436,2.444,2.423,68580.2,77322.1,79338.12,2.44
2019-12-09,2.44,2.45,2.43,64433.93,0.0,0.0,2.442,2.439,2.424,68526.8,68594.48,77072.51,2.44
2019-12-10,2.44,2.45,2.41,93197.0,-0.02,-0.82,2.44,2.435,2.424,65326.95,67008.38,78129.66,2.42
2019-12-11,2.42,2.42,2.39,118490.2,-0.02,-0.83,2.432,2.43,2.425,75199.1,73946.8,79798.53,2.4
2019-12-12,2.4,2.4,2.38,74157.93,-0.01,-0.42,2.418,2.425,2.425,80107.65,75684.54,80292.16,2.39
2019-12-13,2.39,2.42,2.38,149179.56,0.03,1.25,2.414,2.425,2.427,99891.72,84235.96,83918.93,2.42
2019-12-16,2.42,2.43,2.4,128182.64,0.0,0.0,2.41,2.426,2.428,112641.47,90584.13,86501.73,2.42
2019-12-17,2.42,2.47,2.41,245388.48,0.04,1.65,2.418,2.429,2.431,143079.76,104203.36,95118.1,2.46
2019-12-18,2.46,2.48,2.45,119275.48,0.0,0.0,2.43,2.431,2.434,143236.82,109217.96,97426.72,2.46
2019-12-19,2.46,2.47,2.45,102641.0,0.01,0.41,2.446,2.432,2.437,148933.43,114520.54,99064.61,2.47
2019-12-20,2.47,2.48,2.46,124517.37,-0.01,-0.41,2.454,2.434,2.439,144000.99,121946.36,99634.23,2.46
2019-12-23,2.45,2.45,2.4,147965.66,-0.05,-2.03,2.452,2.431,2.435,147957.6,130299.53,99447.01,2.41
2019-12-24,2.4,2.43,2.4,77802.02,0.01,0.41,2.444,2.431,2.433,114440.31,128760.03,97884.21,2.42
2019-12-25,2.42,2.43,2.4,84088.14,0.01,0.41,2.438,2.434,2.432,107402.84,125319.83,99633.31,2.43
2019-12-26,2.42,2.44,2.41,95993.57,0.01,0.41,2.432,2.439,2.432,106073.35,127503.39,101593.97,2.44
2019-12-27,2.44,2.47,2.43,167476.52,-0.01,-0.41,2.426,2.44,2.433,114665.18,129333.09,106784.53,2.43
2019-12-30,2.43,2.44,2.41,130593.09,0.01,0.41,2.432,2.442,2.434,111190.67,129574.13,110079.13,2.44
2019-12-31,2.43,2.45,2.42,117658.23,0.01,0.41,2.438,2.441,2.435,119161.91,116801.11,110502.23,2.45
2020-01-02,2.46,2.49,2.45,160690.72,0.03,1.22,2.448,2.443,2.437,134482.43,120942.63,115080.3,2.48
2020-01-03,2.48,2.5,2.47,133491.3,0.02,0.81,2.46,2.446,2.439,141981.97,124027.66,119274.1,2.5
2020-01-06,2.49,2.52,2.47,188023.0,-0.01,-0.4,2.472,2.449,2.442,146091.27,130378.23,126162.29,2.49
2020-01-07,2.49,2.53,2.49,147849.64,0.04,1.61,2.49,2.461,2.446,149542.58,130366.62,130333.08,2.53
2020-01-08,2.52,2.52,2.47,171498.0,-0.06,-2.37,2.494,2.466,2.449,160310.53,139736.22,134248.13,2.47
2020-01-09,2.49,2.51,2.48,163026.77,0.02,0.81,2.496,2.472,2.453,160777.74,147630.08,136474.96,2.49
2020-01-10,2.5,2.5,2.47,104642.45,-0.01,-0.4,2.492,2.476,2.458,155007.97,148494.97,137999.18,2.48
2020-01-13,2.48,2.48,2.46,159504.0,-0.01,-0.4,2.488,2.48,2.46,149304.17,147697.72,138515.4,2.47
2020-01-14,2.48,2.49,2.47,141776.16,0.0,0.0,2.476,2.483,2.463,148089.48,148816.03,139195.08,2.47
2020-01-15,2.47,2.47,2.22,259778.39,-0.05,-2.02,2.466,2.48,2.461,165745.55,163028.04,139914.58,2.42
2020-01-16,2.41,2.43,2.37,165895.02,-0.04,-1.65,2.444,2.47,2.457,166319.2,163548.47,142245.55,2.38
2020-01-17,2.39,2.4,2.37,72289.96,-0.01,-0.42,2.422,2.457,2.452,159848.71,157428.34,140728.0,2.37
2020-01-20,2.38,2.4,2.37,76468.96,0.02,0.84,2.406,2.447,2.448,143241.7,146272.94,138325.58,2.39
2020-01-21,2.38,2.42,2.38,105500.27,0.0,0.0,2.39,2.433,2.447,135986.52,142038.0,136202.31,2.39
2020-01-22,2.38,2.4,2.36,80101.72,0.0,0.0,2.384,2.425,2.446,100051.19,132898.37,136317.3,2.39
2020-01-23,2.38,2.39,2.31,144672.02,-0.06,-2.51,2.374,2.409,2.441,95806.59,131062.9,139346.49,2.33
